Oct 13, 2009	2.808	2.872	2.885	2.758	0.00%
Oct 14, 2009	2.860	2.808	2.864	2.806	1.88%
Oct 15, 2009	2.874	2.863	2.881	2.777	0.48%
Oct 16, 2009	2.840	2.871	2.871	2.811	-1.20%
Oct 18, 2009	2.831	2.838	2.852	2.826	-0.30%
Oct 19, 2009	2.957	2.833	2.967	2.808	4.46%
Oct 20, 2009	2.928	2.958	2.998	2.913	-0.99%
Oct 21, 2009	3.018	2.928	3.057	2.891	3.07%
Oct 22, 2009	3.021	3.019	3.031	2.978	0.09%
Oct 23, 2009	3.026	3.021	3.061	2.994	0.16%
Oct 25, 2009	3.025	3.026	3.035	3.023	-0.02%
Oct 26, 2009	2.966	3.025	3.069	2.947	-1.95%
Oct 27, 2009	3.016	2.966	3.028	2.966	1.68%
Oct 28, 2009	2.928	3.016	3.034	2.917	-2.91%
Oct 29, 2009	3.042	2.929	3.049	2.918	3.89%
Oct 30, 2009	2.955	3.040	3.042	2.943	-2.84%
Nov 01, 2009	2.962	2.955	2.962	2.940	0.21%
Nov 02, 2009	2.955	2.962	2.988	2.925	-0.22%
Nov 03, 2009	2.960	2.955	2.988	2.952	0.15%
Nov 04, 2009	2.987	2.993	3.018	2.978	0.94%
Nov 05, 2009	2.970	2.988	2.991	2.944	-0.59%
Nov 06, 2009	2.954	2.970	3.004	2.925	-0.55%
Nov 08, 2009	2.961	2.954	2.973	2.954	0.23%
Nov 09, 2009	2.987	2.959	3.002	2.958	0.88%
Nov 10, 2009	2.963	2.988	2.994	2.937	-0.79%
Nov 11, 2009	2.982	2.963	3.020	2.951	0.65%
Nov 12, 2009	2.941	2.981	3.001	2.931	-1.37%
Nov 13, 2009	2.970	2.942	2.974	2.931	0.99%
Nov 15, 2009	3.009	2.970	3.014	2.970	1.29%
Nov 16, 2009	3.101	3.010	3.127	2.979	3.06%
Nov 17, 2009	3.117	3.100	3.124	3.075	0.53%
Nov 18, 2009	3.136	3.117	3.172	3.095	0.60%
Nov 19, 2009	3.091	3.135	3.135	3.065	-1.43%
Nov 20, 2009	3.126	3.091	3.130	3.053	1.13%
Nov 22, 2009	3.143	3.125	3.147	3.125	0.52%
Nov 23, 2009	3.131	3.143	3.189	3.127	-0.38%
Nov 24, 2009	3.144	3.130	3.156	3.103	0.44%
Nov 25, 2009	3.183	3.144	3.196	3.136	1.22%
Nov 26, 2009	3.100	3.182	3.209	3.094	-2.60%
Nov 27, 2009	3.155	3.100	3.155	3.006	1.77%
Nov 29, 2009	3.094	3.155	3.155	3.087	-1.93%
Nov 30, 2009	3.166	3.095	3.171	3.092	2.32%
Dec 01, 2009	3.194	3.166	3.221	3.139	0.89%
Dec 02, 2009	3.244	3.196	3.255	3.190	1.57%
Dec 03, 2009	3.217	3.244	3.256	3.215	-0.83%
Dec 04, 2009	3.193	3.219	3.256	3.174	-0.76%
Dec 06, 2009	3.200	3.192	3.200	3.183	0.23%
Dec 07, 2009	3.184	3.201	3.207	3.138	-0.52%
Dec 08, 2009	3.139	3.182	3.226	3.122	-1.40%
Dec 09, 2009	3.100	3.139	3.173	3.088	-1.25%
Dec 10, 2009	3.099	3.099	3.123	3.064	-0.04%
Dec 11, 2009	3.123	3.100	3.136	3.087	0.79%
Dec 13, 2009	3.118	3.123	3.124	3.118	-0.17%
Dec 14, 2009	3.131	3.119	3.146	3.106	0.41%
Dec 15, 2009	3.123	3.132	3.151	3.096	-0.26%
Dec 16, 2009	3.182	3.123	3.202	3.121	1.90%
Dec 17, 2009	3.128	3.184	3.188	3.100	-1.71%
Dec 18, 2009	3.141	3.128	3.152	3.104	0.43%
Dec 20, 2009	3.148	3.143	3.154	3.139	0.24%
Dec 21, 2009	3.149	3.148	3.173	3.137	0.03%
Dec 22, 2009	3.132	3.149	3.157	3.113	-0.56%
Dec 23, 2009	3.197	3.131	3.211	3.129	2.10%
Dec 24, 2009	3.296	3.197	3.304	3.192	3.09%
Dec 25, 2009	3.296	3.296	3.296	3.296	-0.02%
Dec 28, 2009	3.321	3.299	3.343	3.280	0.76%
Dec 29, 2009	3.299	3.321	3.328	3.294	-0.67%
Dec 30, 2009	3.350	3.299	3.361	3.294	1.56%
Dec 31, 2009	3.342	3.349	3.379	3.336	-0.24%
Jan 01, 2010	3.342	3.342	3.342	3.342	0.01%
Jan 03, 2010	3.357	3.348	3.362	3.346	0.43%
Jan 04, 2010	3.409	3.357	3.429	3.353	1.54%
Jan 05, 2010	3.417	3.409	3.429	3.382	0.23%
Jan 06, 2010	3.493	3.417	3.522	3.413	2.23%
Jan 07, 2010	3.437	3.493	3.545	3.426	-1.60%
Jan 08, 2010	3.431	3.436	3.447	3.393	-0.17%
Jan 10, 2010	3.439	3.421	3.442	3.421	0.22%
Jan 11, 2010	3.429	3.439	3.503	3.429	-0.31%
Jan 12, 2010	3.330	3.430	3.462	3.310	-2.86%
Jan 13, 2010	3.420	3.333	3.428	3.317	2.68%
Jan 14, 2010	3.417	3.422	3.444	3.383	-0.06%
Jan 15, 2010	3.366	3.417	3.422	3.349	-1.51%
Jan 17, 2010	3.375	3.369	3.377	3.358	0.28%
Jan 18, 2010	3.420	3.376	3.433	3.359	1.32%
Jan 19, 2010	3.449	3.422	3.460	3.386	0.84%
Jan 20, 2010	3.358	3.449	3.468	3.338	-2.64%
Jan 21, 2010	3.296	3.354	3.379	3.292	-1.83%
Jan 22, 2010	3.342	3.296	3.373	3.268	1.39%
Jan 24, 2010	3.353	3.330	3.364	3.330	0.34%
Jan 25, 2010	3.387	3.353	3.402	3.324	1.01%
Jan 26, 2010	3.335	3.388	3.397	3.306	-1.55%
Jan 27, 2010	3.206	3.338	3.357	3.176	-3.85%
Jan 28, 2010	3.117	3.204	3.243	3.092	-2.79%
Jan 29, 2010	3.046	3.117	3.153	3.035	-2.27%
Jan 31, 2010	3.052	3.046	3.052	3.034	0.18%
Feb 01, 2010	3.104	3.049	3.109	2.992	1.72%
Feb 02, 2010	3.099	3.105	3.124	3.053	-0.19%
Feb 03, 2010	2.988	3.095	3.144	2.954	-3.56%
Feb 04, 2010	2.882	2.988	3.021	2.862	-3.56%
Feb 05, 2010	2.887	2.821	2.898	2.818	0.17%
Feb 07, 2010	2.886	2.876	2.886	2.873	-0.02%
Feb 08, 2010	2.896	2.887	2.925	2.861	0.35%
Feb 09, 2010	2.992	2.896	3.004	2.878	3.30%
Feb 10, 2010	2.988	2.992	3.014	2.932	-0.14%
Feb 11, 2010	3.132	2.989	3.148	2.989	4.84%
Feb 12, 2010	3.079	3.131	3.132	3.034	-1.72%
Feb 14, 2010	3.108	3.094	3.108	3.094	0.97%
Feb 15, 2010	3.106	3.107	3.115	3.064	-0.09%
Feb 16, 2010	3.215	3.104	3.225	3.104	3.53%
Feb 17, 2010	3.230	3.218	3.267	3.197	0.48%
Feb 18, 2010	3.258	3.230	3.325	3.180	0.85%
Feb 19, 2010	3.358	3.257	3.363	3.212	3.07%
Feb 21, 2010	3.375	3.377	3.380	3.361	0.51%
Feb 22, 2010	3.321	3.374	3.388	3.308	-1.59%
Feb 23, 2010	3.238	3.322	3.365	3.212	-2.51%
Feb 24, 2010	3.257	3.238	3.269	3.192	0.59%
Feb 25, 2010	3.219	3.257	3.287	3.167	-1.16%
Feb 26, 2010	3.288	3.219	3.294	3.204	2.14%
Feb 28, 2010	3.446	3.425	3.484	3.408	4.78%
Mar 01, 2010	3.342	3.444	3.457	3.323	-3.01%
Mar 02, 2010	3.401	3.344	3.415	3.295	1.79%
Mar 03, 2010	3.420	3.400	3.472	3.351	0.54%
Mar 04, 2010	3.384	3.419	3.434	3.349	-1.05%
Mar 05, 2010	3.424	3.386	3.458	3.365	1.17%
Mar 07, 2010	3.414	3.421	3.429	3.410	-0.27%
Mar 08, 2010	3.413	3.415	3.465	3.388	-0.04%
Mar 09, 2010	3.397	3.413	3.418	3.356	-0.45%
Mar 10, 2010	3.377	3.398	3.445	3.351	-0.62%
Mar 11, 2010	3.395	3.377	3.396	3.338	0.54%
Mar 12, 2010	3.389	3.395	3.406	3.359	-0.16%
Mar 14, 2010	3.389	3.387	3.390	3.380	0.00%
Mar 15, 2010	3.322	3.390	3.390	3.294	-1.97%
Mar 16, 2010	3.380	3.322	3.384	3.310	1.72%
Mar 17, 2010	3.418	3.380	3.429	3.372	1.12%
Mar 18, 2010	3.398	3.418	3.424	3.376	-0.59%
Mar 19, 2010	3.384	3.398	3.413	3.357	-0.40%
Mar 22, 2010	3.388	3.367	3.393	3.311	0.09%
Mar 23, 2010	3.372	3.388	3.409	3.358	-0.47%
Mar 24, 2010	3.326	3.372	3.386	3.321	-1.33%
Mar 25, 2010	3.346	3.334	3.386	3.329	0.58%
Mar 26, 2010	3.418	3.346	3.433	3.341	2.17%
Mar 28, 2010	3.443	3.423	3.456	3.417	0.73%
Mar 29, 2010	3.537	3.445	3.549	3.429	2.73%
Mar 30, 2010	3.549	3.537	3.578	3.500	0.33%
Mar 31, 2010	3.550	3.549	3.573	3.522	0.03%
Apr 01, 2010	3.582	3.550	3.606	3.535	0.91%
Apr 04, 2010	3.606	3.575	3.619	3.575	0.68%
Apr 05, 2010	3.624	3.610	3.636	3.592	0.50%
Apr 06, 2010	3.623	3.621	3.639	3.601	-0.05%
Apr 07, 2010	3.585	3.622	3.634	3.566	-1.04%
Apr 08, 2010	3.587	3.584	3.590	3.538	0.06%
Apr 09, 2010	3.590	3.587	3.623	3.576	0.08%
Apr 11, 2010	3.643	3.605	3.659	3.603	1.48%
Apr 12, 2010	3.554	3.642	3.648	3.547	-2.44%
Apr 13, 2010	3.598	3.555	3.603	3.544	1.25%
Apr 14, 2010	3.612	3.599	3.620	3.590	0.38%
Apr 15, 2010	3.596	3.611	3.625	3.565	-0.43%
Apr 16, 2010	3.513	3.593	3.610	3.491	-2.31%
Apr 18, 2010	3.524	3.540	3.540	3.514	0.31%
Apr 19, 2010	3.537	3.525	3.555	3.473	0.35%
Apr 20, 2010	3.534	3.534	3.573	3.513	-0.07%
Apr 21, 2010	3.534	3.534	3.561	3.493	0.01%
Apr 22, 2010	3.513	3.534	3.554	3.483	-0.61%
Apr 23, 2010	3.529	3.514	3.541	3.479	0.46%
Apr 25, 2010	3.538	3.547	3.553	3.533	0.24%
Apr 26, 2010	3.550	3.538	3.579	3.536	0.34%
Apr 27, 2010	3.373	3.548	3.550	3.362	-4.96%
Apr 28, 2010	3.400	3.373	3.407	3.344	0.78%
Apr 29, 2010	3.367	3.391	3.412	3.335	-0.96%
Apr 30, 2010	3.357	3.367	3.393	3.336	-0.30%
May 03, 2010	3.288	3.311	3.341	3.274	-2.05%
May 04, 2010	3.181	3.292	3.328	3.166	-3.26%
May 05, 2010	3.168	3.177	3.205	3.006	-0.41%
May 06, 2010	3.095	3.167	3.209	3.051	-2.31%
May 07, 2010	3.150	3.094	3.178	3.062	1.79%
May 09, 2010	3.189	3.196	3.207	3.183	1.23%
May 10, 2010	3.223	3.189	3.266	3.167	1.06%
May 11, 2010	3.183	3.222	3.235	3.129	-1.21%
May 12, 2010	3.208	3.183	3.244	3.138	0.76%
May 13, 2010	3.218	3.207	3.259	3.177	0.31%
May 14, 2010	3.123	3.220	3.228	3.117	-2.94%
May 16, 2010	3.110	3.114	3.121	3.103	-0.42%
May 17, 2010	2.966	3.114	3.123	2.916	-4.61%
May 18, 2010	2.977	2.961	3.068	2.957	0.36%
May 19, 2010	3.007	2.973	3.010	2.927	1.00%
May 20, 2010	2.962	3.006	3.045	2.901	-1.51%
May 21, 2010	3.098	2.959	3.115	2.953	4.60%
May 23, 2010	3.095	3.091	3.111	3.084	-0.11%
May 24, 2010	3.095	3.094	3.151	3.060	0.00%
May 25, 2010	3.095	3.098	3.110	3.009	0.00%
May 26, 2010	3.054	3.092	3.118	3.047	-1.29%
May 27, 2010	3.166	3.056	3.185	3.046	3.66%
May 28, 2010	3.112	3.166	3.186	3.089	-1.70%
May 30, 2010	3.111	3.113	3.120	3.101	-0.06%
May 31, 2010	3.121	3.110	3.140	3.104	0.35%
Jun 01, 2010	3.042	3.118	3.120	3.022	-2.52%
Jun 02, 2010	3.055	3.047	3.078	2.971	0.40%
Jun 03, 2010	2.964	3.054	3.064	2.927	-2.96%
Jun 04, 2010	2.800	2.965	2.992	2.791	-5.53%
Jun 06, 2010	2.795	2.807	2.807	2.781	-0.21%
Jun 07, 2010	2.762	2.793	2.801	2.720	-1.15%
Jun 08, 2010	2.812	2.761	2.825	2.731	1.81%
Jun 09, 2010	2.834	2.814	2.878	2.756	0.77%
Jun 10, 2010	2.885	2.834	2.905	2.802	1.81%
Jun 11, 2010	2.927	2.885	2.944	2.869	1.46%
Jun 13, 2010	2.946	2.928	2.949	2.923	0.64%
Jun 14, 2010	2.966	2.945	3.022	2.940	0.70%
Jun 15, 2010	3.018	2.967	3.029	2.949	1.73%
Jun 16, 2010	2.979	3.018	3.049	2.954	-1.30%
Jun 17, 2010	2.938	2.977	2.982	2.890	-1.36%
Jun 18, 2010	2.910	2.938	2.942	2.863	-0.97%
Jun 20, 2010	2.953	2.948	2.966	2.941	1.47%
Jun 21, 2010	2.958	2.952	3.051	2.936	0.19%
Jun 22, 2010	2.981	2.958	3.014	2.929	0.77%
Jun 23, 2010	2.972	2.980	3.012	2.934	-0.30%
Jun 24, 2010	3.025	2.971	3.031	2.960	1.78%
Jun 25, 2010	3.104	3.024	3.119	2.987	2.61%
Jun 27, 2010	3.104	3.091	3.110	3.087	0.01%
Jun 28, 2010	3.089	3.104	3.122	3.069	-0.48%
Jun 29, 2010	2.936	3.088	3.096	2.928	-4.95%
Jun 30, 2010	2.922	2.937	2.974	2.871	-0.47%
Jul 01, 2010	2.906	2.922	2.936	2.856	-0.54%
Jul 02, 2010	2.938	2.909	2.958	2.895	1.09%
Jul 04, 2010	2.933	2.936	2.937	2.927	-0.20%
Jul 05, 2010	2.922	2.933	2.969	2.912	-0.36%
Jul 06, 2010	2.974	2.921	3.020	2.907	1.78%
Jul 07, 2010	3.036	2.974	3.046	2.943	2.08%
Jul 08, 2010	3.029	3.035	3.054	2.992	-0.21%
Jul 09, 2010	3.066	3.028	3.070	3.017	1.20%
Jul 11, 2010	3.056	3.067	3.067	3.050	-0.33%
Jul 12, 2010	3.019	3.055	3.065	2.987	-1.19%
Jul 13, 2010	3.025	3.020	3.041	2.973	0.20%
Jul 14, 2010	2.999	3.025	3.055	2.987	-0.86%
Jul 15, 2010	3.017	2.999	3.045	2.987	0.58%
Jul 16, 2010	2.937	3.017	3.029	2.928	-2.66%
Jul 18, 2010	2.936	2.938	2.938	2.925	-0.03%
Jul 19, 2010	2.939	2.930	2.962	2.929	0.10%
Jul 20, 2010	3.020	2.934	3.028	2.934	2.76%
Jul 21, 2010	3.072	3.022	3.106	2.998	1.72%
Jul 22, 2010	3.155	3.072	3.192	3.048	2.71%
Jul 23, 2010	3.198	3.158	3.220	3.144	1.36%
Jul 25, 2010	3.192	3.199	3.199	3.192	-0.17%
Jul 26, 2010	3.223	3.190	3.237	3.171	0.96%
Jul 27, 2010	3.196	3.221	3.236	3.176	-0.83%
Jul 30, 2010	3.305	3.278	3.316	3.248	3.41%
Aug 01, 2010	3.307	3.309	3.309	3.303	0.04%
Aug 02, 2010	3.384	3.303	3.396	3.303	2.34%
Aug 03, 2010	3.354	3.386	3.388	3.328	-0.89%
Aug 04, 2010	3.394	3.358	3.410	3.333	1.20%
Aug 05, 2010	3.341	3.396	3.408	3.323	-1.56%
Aug 06, 2010	3.358	3.341	3.380	3.325	0.50%
Aug 08, 2010	3.355	3.360	3.369	3.338	-0.09%
Aug 09, 2010	3.359	3.357	3.393	3.345	0.11%
Aug 10, 2010	3.322	3.358	3.362	3.272	-1.10%
Aug 11, 2010	3.241	3.317	3.333	3.233	-2.44%
Aug 12, 2010	3.287	3.243	3.296	3.234	1.41%
Aug 13, 2010	3.253	3.287	3.312	3.236	-1.01%
Aug 15, 2010	3.259	3.254	3.265	3.253	0.17%
Aug 16, 2010	3.282	3.259	3.302	3.247	0.71%
Aug 17, 2010	3.336	3.283	3.352	3.274	1.65%
Aug 18, 2010	3.342	3.338	3.354	3.305	0.18%
Aug 19, 2010	3.343	3.341	3.410	3.313	0.03%
Aug 20, 2010	3.312	3.340	3.348	3.271	-0.92%
Aug 22, 2010	3.329	3.316	3.332	3.316	0.50%
Aug 23, 2010	3.279	3.326	3.326	3.279	-1.51%
Aug 24, 2010	3.248	3.284	3.312	3.235	-0.95%
Aug 25, 2010	3.245	3.245	3.279	3.199	-0.08%
Aug 26, 2010	3.309	3.248	3.334	3.248	1.97%
Aug 27, 2010	3.396	3.310	3.404	3.299	2.64%
Aug 29, 2010	3.415	3.399	3.454	3.399	0.56%
Aug 30, 2010	3.405	3.417	3.434	3.399	-0.29%
Aug 31, 2010	3.379	3.405	3.408	3.356	-0.78%
Sep 01, 2010	3.469	3.378	3.485	3.378	2.65%
Sep 02, 2010	3.486	3.472	3.504	3.462	0.50%
Sep 03, 2010	3.503	3.485	3.534	3.471	0.49%
Sep 05, 2010	3.492	3.502	3.502	3.486	-0.31%
Sep 06, 2010	3.503	3.496	3.526	3.494	0.32%
Sep 07, 2010	3.458	3.503	3.514	3.421	-1.27%
Sep 08, 2010	3.494	3.458	3.515	3.451	1.03%
Sep 09, 2010	3.425	3.493	3.502	3.401	-1.97%
Sep 10, 2010	3.406	3.426	3.451	3.396	-0.54%
Sep 12, 2010	3.466	3.428	3.466	3.421	1.75%
Sep 13, 2010	3.478	3.463	3.493	3.451	0.37%
Sep 14, 2010	3.454	3.477	3.497	3.429	-0.69%
Sep 15, 2010	3.477	3.455	3.482	3.434	0.64%
Sep 16, 2010	3.495	3.474	3.516	3.444	0.55%
Sep 17, 2010	3.518	3.494	3.552	3.487	0.65%
Sep 19, 2010	3.515	3.521	3.524	3.513	-0.09%
Sep 20, 2010	3.507	3.515	3.554	3.495	-0.21%
Sep 21, 2010	3.489	3.511	3.528	3.478	-0.52%
Sep 22, 2010	3.583	3.488	3.583	3.488	2.70%
Sep 23, 2010	3.571	3.581	3.599	3.560	-0.35%
Sep 24, 2010	3.630	3.571	3.636	3.566	1.64%
Sep 26, 2010	3.641	3.633	3.643	3.627	0.32%
Sep 27, 2010	3.584	3.640	3.640	3.584	-1.57%
Sep 28, 2010	3.629	3.588	3.639	3.570	1.26%
Sep 29, 2010	3.650	3.628	3.673	3.619	0.59%
Sep 30, 2010	3.660	3.650	3.671	3.620	0.26%
Oct 01, 2010	3.697	3.659	3.721	3.656	1.01%
Oct 03, 2010	3.699	3.701	3.712	3.668	0.06%
Oct 04, 2010	3.655	3.699	3.718	3.654	-1.19%
Oct 05, 2010	3.742	3.657	3.744	3.645	2.38%
Oct 06, 2010	3.757	3.741	3.789	3.736	0.40%
Oct 07, 2010	3.679	3.757	3.784	3.657	-2.09%
Oct 08, 2010	3.783	3.680	3.801	3.659	2.84%
Oct 10, 2010	3.792	3.790	3.797	3.782	0.23%
Oct 11, 2010	3.779	3.790	3.817	3.770	-0.32%
Oct 12, 2010	3.800	3.780	3.813	3.717	0.55%
Oct 13, 2010	3.837	3.799	3.841	3.796	0.97%
Oct 14, 2010	3.800	3.836	3.867	3.774	-0.95%
Oct 15, 2010	3.842	3.803	3.863	3.796	1.11%
Oct 17, 2010	3.821	3.832	3.833	3.821	-0.56%
Oct 18, 2010	3.860	3.823	3.879	3.778	1.01%
Oct 19, 2010	3.731	3.859	3.867	3.719	-3.33%
Oct 20, 2010	3.804	3.732	3.813	3.721	1.95%
Oct 21, 2010	3.769	3.805	3.849	3.756	-0.91%
Oct 22, 2010	3.818	3.769	3.818	3.760	1.31%
Oct 24, 2010	3.845	3.812	3.850	3.812	0.71%
Oct 25, 2010	3.853	3.842	3.889	3.821	0.21%
Oct 26, 2010	3.888	3.857	3.895	3.840	0.90%
Oct 27, 2010	3.790	3.881	3.893	3.762	-2.52%
Oct 28, 2010	3.776	3.787	3.829	3.770	-0.37%
Oct 29, 2010	3.744	3.778	3.787	3.703	-0.85%
Oct 31, 2010	3.770	3.750	3.777	3.749	0.68%
Nov 01, 2010	3.791	3.770	3.815	3.754	0.55%
Nov 02, 2010	3.832	3.791	3.840	3.771	1.09%
Nov 03, 2010	3.831	3.832	3.849	3.764	-0.02%
Nov 04, 2010	3.923	3.832	3.939	3.819	2.40%
Nov 05, 2010	3.953	3.923	3.995	3.917	0.75%
Nov 07, 2010	3.975	3.966	3.976	3.957	0.57%
Nov 08, 2010	3.951	3.975	3.982	3.921	-0.62%
Nov 09, 2010	3.986	3.950	4.047	3.927	0.90%
Nov 10, 2010	3.979	3.991	4.019	3.942	-0.18%
Nov 11, 2010	4.034	3.979	4.083	3.969	1.38%
Nov 12, 2010	3.899	4.035	4.050	3.881	-3.35%
Nov 14, 2010	3.874	3.889	3.906	3.853	-0.64%
Nov 15, 2010	3.902	3.875	3.953	3.851	0.73%
Nov 16, 2010	3.728	3.903	3.932	3.687	-4.47%
Nov 17, 2010	3.738	3.729	3.768	3.607	0.26%
Nov 18, 2010	3.852	3.738	3.858	3.714	3.06%
Nov 19, 2010	3.833	3.854	3.872	3.782	-0.50%
Nov 21, 2010	3.854	3.843	3.857	3.835	0.56%
Nov 22, 2010	3.772	3.857	3.879	3.722	-2.13%
Nov 23, 2010	3.705	3.769	3.783	3.651	-1.78%
Nov 24, 2010	3.777	3.706	3.806	3.704	1.94%
Nov 25, 2010	3.763	3.779	3.814	3.715	-0.38%
Nov 26, 2010	3.744	3.767	3.780	3.701	-0.52%
Nov 28, 2010	3.739	3.777	3.777	3.731	-0.11%
Nov 29, 2010	3.766	3.739	3.816	3.708	0.72%
Nov 30, 2010	3.793	3.763	3.835	3.717	0.72%
Dec 01, 2010	3.943	3.792	3.975	3.792	3.95%
Dec 02, 2010	3.971	3.942	3.996	3.930	0.72%
Dec 03, 2010	4.014	3.969	4.014	3.945	1.07%
Dec 05, 2010	4.021	4.018	4.049	3.999	0.19%
Dec 06, 2010	3.998	4.021	4.046	3.973	-0.58%
Dec 07, 2010	4.015	4.001	4.130	3.979	0.42%
Dec 08, 2010	4.112	4.016	4.125	3.976	2.42%
Dec 09, 2010	4.078	4.110	4.163	4.053	-0.81%
Dec 10, 2010	4.114	4.079	4.141	4.066	0.86%
Dec 12, 2010	4.098	4.116	4.116	4.096	-0.36%
Dec 13, 2010	4.202	4.099	4.221	4.098	2.52%
Dec 14, 2010	4.197	4.202	4.225	4.173	-0.13%
Dec 15, 2010	4.108	4.195	4.215	4.087	-2.10%
Dec 16, 2010	4.120	4.105	4.138	4.078	0.28%
Dec 17, 2010	4.167	4.116	4.191	4.113	1.15%
Dec 19, 2010	4.207	4.170	4.207	4.170	0.96%
Dec 20, 2010	4.205	4.201	4.223	4.161	-0.04%
Dec 21, 2010	4.292	4.211	4.296	4.193	2.04%
Dec 22, 2010	4.284	4.292	4.294	4.248	-0.18%
Dec 23, 2010	4.257	4.284	4.284	4.210	-0.62%
Dec 24, 2010	4.260	4.260	4.260	4.260	0.06%
Dec 26, 2010	4.208	4.223	4.223	4.205	-1.21%
Dec 27, 2010	4.292	4.211	4.298	4.204	1.98%
Dec 28, 2010	4.327	4.292	4.331	4.282	0.82%
Dec 29, 2010	4.309	4.320	4.332	4.291	-0.42%
Dec 30, 2010	4.372	4.314	4.378	4.305	1.46%
Dec 31, 2010	4.438	4.370	4.452	4.367	1.52%
Jan 02, 2011	4.469	4.456	4.470	4.422	0.71%
Jan 03, 2011	4.449	4.465	4.498	4.420	-0.45%
Jan 04, 2011	4.385	4.449	4.466	4.354	-1.44%
Jan 05, 2011	4.403	4.387	4.417	4.291	0.42%
Jan 06, 2011	4.316	4.409	4.425	4.312	-1.99%
Jan 07, 2011	4.284	4.313	4.352	4.252	-0.74%
Jan 09, 2011	4.312	4.283	4.326	4.278	0.66%
Jan 10, 2011	4.284	4.311	4.323	4.254	-0.66%
Jan 11, 2011	4.340	4.287	4.362	4.274	1.32%
Jan 12, 2011	4.409	4.342	4.435	4.341	1.58%
Jan 13, 2011	4.364	4.412	4.426	4.345	-1.03%
Jan 14, 2011	4.432	4.370	4.439	4.348	1.56%
Jan 16, 2011	4.453	4.431	4.460	4.429	0.47%
Jan 17, 2011	4.389	4.449	4.451	4.367	-1.44%
Jan 18, 2011	4.428	4.390	4.447	4.368	0.89%
Jan 19, 2011	4.360	4.426	4.467	4.348	-1.54%
Jan 20, 2011	4.256	4.360	4.388	4.229	-2.39%
Jan 21, 2011	4.309	4.255	4.337	4.254	1.26%
Jan 23, 2011	4.310	4.310	4.317	4.310	0.01%
Jan 24, 2011	4.345	4.311	4.372	4.309	0.81%
Jan 25, 2011	4.243	4.346	4.347	4.210	-2.34%
Jan 26, 2011	4.296	4.244	4.296	4.224	1.25%
Jan 27, 2011	4.318	4.294	4.355	4.277	0.50%
Jan 28, 2011	4.359	4.319	4.407	4.287	0.96%
Jan 30, 2011	4.338	4.356	4.367	4.337	-0.49%
Jan 31, 2011	4.461	4.337	4.476	4.337	2.85%
Feb 01, 2011	4.548	4.462	4.556	4.448	1.95%
Feb 02, 2011	4.562	4.551	4.562	4.516	0.29%
Feb 03, 2011	4.546	4.561	4.577	4.516	-0.35%
Feb 04, 2011	4.593	4.546	4.614	4.537	1.02%
Feb 06, 2011	4.582	4.585	4.593	4.582	-0.22%
Feb 07, 2011	4.543	4.583	4.638	4.537	-0.85%
Feb 08, 2011	4.596	4.543	4.608	4.510	1.16%
Feb 09, 2011	4.525	4.596	4.599	4.498	-1.54%
Feb 10, 2011	4.550	4.525	4.558	4.492	0.55%
Feb 11, 2011	4.557	4.549	4.579	4.486	0.15%
Feb 13, 2011	4.567	4.552	4.574	4.549	0.22%
Feb 14, 2011	4.641	4.563	4.648	4.544	1.61%
Feb 15, 2011	4.527	4.642	4.644	4.521	-2.45%
Feb 16, 2011	4.504	4.528	4.548	4.463	-0.52%
Feb 17, 2011	4.525	4.504	4.528	4.428	0.47%
Feb 18, 2011	4.488	4.524	4.537	4.434	-0.81%
Feb 20, 2011	4.508	4.498	4.511	4.498	0.43%
Feb 21, 2011	4.494	4.507	4.527	4.466	-0.30%
Feb 22, 2011	4.352	4.494	4.509	4.324	-3.17%
Feb 23, 2011	4.319	4.348	4.362	4.266	-0.75%
Feb 24, 2011	4.354	4.324	4.364	4.242	0.80%
Feb 25, 2011	4.475	4.353	4.478	4.338	2.80%
Feb 27, 2011	4.457	4.466	4.471	4.450	-0.41%
Feb 28, 2011	4.491	4.457	4.506	4.426	0.77%
Mar 01, 2011	4.466	4.493	4.524	4.449	-0.56%
Mar 02, 2011	4.481	4.468	4.518	4.454	0.35%
Mar 03, 2011	4.498	4.483	4.545	4.470	0.37%
Mar 04, 2011	4.487	4.497	4.553	4.467	-0.24%
Mar 06, 2011	4.509	4.498	4.516	4.477	0.48%
Mar 07, 2011	4.351	4.509	4.514	4.305	-3.52%
Mar 08, 2011	4.337	4.355	4.358	4.255	-0.31%
Mar 09, 2011	4.216	4.337	4.378	4.184	-2.78%
Mar 10, 2011	4.207	4.216	4.228	4.136	-0.21%
Mar 11, 2011	4.238	4.209	4.242	4.087	0.73%
Mar 13, 2011	4.184	4.224	4.226	4.183	-1.27%
Mar 14, 2011	4.201	4.184	4.221	4.140	0.41%
Mar 15, 2011	4.189	4.202	4.212	4.076	-0.30%
Mar 16, 2011	4.159	4.188	4.269	4.148	-0.70%
Mar 17, 2011	4.356	4.160	4.367	4.157	4.72%
Mar 18, 2011	4.361	4.356	4.375	4.302	0.11%
Mar 20, 2011	4.359	4.359	4.369	4.345	-0.02%
Mar 21, 2011	4.291	4.360	4.367	4.267	-1.57%
Mar 22, 2011	4.305	4.292	4.319	4.272	0.33%
Mar 23, 2011	4.427	4.304	4.441	4.290	2.83%
Mar 24, 2011	4.420	4.432	4.454	4.392	-0.16%
Mar 25, 2011	4.427	4.420	4.453	4.400	0.16%
Mar 27, 2011	4.421	4.428	4.434	4.421	-0.14%
Mar 28, 2011	4.324	4.423	4.427	4.323	-2.19%
Mar 29, 2011	4.349	4.330	4.370	4.293	0.58%
Mar 30, 2011	4.277	4.353	4.377	4.245	-1.66%
Mar 31, 2011	4.293	4.277	4.311	4.246	0.36%
Apr 01, 2011	4.258	4.298	4.310	4.212	-0.82%
Apr 03, 2011	4.264	4.262	4.264	4.256	0.14%
Apr 04, 2011	4.252	4.261	4.309	4.224	-0.28%
Apr 05, 2011	4.257	4.252	4.290	4.214	0.12%
Apr 06, 2011	4.364	4.258	4.380	4.254	2.52%
Apr 07, 2011	4.418	4.364	4.436	4.350	1.24%
Apr 08, 2011	4.509	4.419	4.524	4.403	2.04%
Apr 10, 2011	4.517	4.526	4.532	4.509	0.18%
Apr 11, 2011	4.458	4.511	4.532	4.444	-1.31%
Apr 12, 2011	4.376	4.458	4.475	4.362	-1.84%
Apr 13, 2011	4.285	4.377	4.406	4.277	-2.07%
Apr 14, 2011	4.309	4.287	4.336	4.264	0.56%
Apr 15, 2011	4.274	4.314	4.334	4.253	-0.81%
Apr 17, 2011	4.266	4.274	4.274	4.258	-0.21%
Apr 18, 2011	4.239	4.265	4.308	4.192	-0.63%
Apr 19, 2011	4.269	4.238	4.279	4.201	0.71%
Apr 20, 2011	4.368	4.269	4.375	4.263	2.32%
Apr 21, 2011	4.401	4.370	4.421	4.341	0.77%
Apr 22, 2011	4.403	4.403	4.403	4.403	0.04%
Apr 24, 2011	4.412	4.412	4.419	4.407	0.20%
Apr 25, 2011	4.321	4.409	4.410	4.281	-2.06%
Apr 26, 2011	4.367	4.327	4.370	4.272	1.05%
Apr 27, 2011	4.284	4.367	4.367	4.229	-1.89%
Apr 28, 2011	4.271	4.285	4.324	4.226	-0.31%
Apr 29, 2011	4.188	4.269	4.283	4.158	-1.94%
May 01, 2011	4.147	4.189	4.199	4.133	-0.98%
May 02, 2011	4.169	4.147	4.210	4.109	0.54%
May 03, 2011	4.245	4.175	4.267	4.173	1.82%
May 04, 2011	4.133	4.244	4.245	4.119	-2.65%
May 05, 2011	3.983	4.135	4.141	3.965	-3.62%
May 06, 2011	3.970	3.983	4.059	3.929	-0.33%
May 08, 2011	4.012	3.982	4.020	3.974	1.05%
May 09, 2011	4.051	4.011	4.070	3.996	0.98%
May 10, 2011	4.055	4.051	4.078	4.006	0.10%
May 11, 2011	3.907	4.054	4.068	3.899	-3.66%
May 12, 2011	3.974	3.910	3.994	3.853	1.73%
May 13, 2011	4.009	3.971	4.047	3.951	0.88%
May 15, 2011	3.961	3.996	3.997	3.960	-1.22%
May 16, 2011	3.977	3.960	4.020	3.947	0.40%
May 17, 2011	4.039	3.980	4.064	3.947	1.57%
May 18, 2011	4.099	4.036	4.124	4.024	1.49%
May 19, 2011	4.059	4.099	4.119	4.035	-0.98%
May 20, 2011	4.107	4.059	4.146	4.051	1.19%
May 22, 2011	4.094	4.107	4.107	4.073	-0.32%
May 23, 2011	3.969	4.099	4.106	3.951	-3.07%
May 24, 2011	4.019	3.973	4.058	3.970	1.28%
May 25, 2011	4.106	4.020	4.127	4.017	2.14%
May 26, 2011	4.112	4.108	4.137	4.072	0.17%
May 27, 2011	4.177	4.113	4.193	4.105	1.57%
May 29, 2011	4.184	4.177	4.191	4.174	0.17%
May 30, 2011	4.167	4.184	4.192	4.136	-0.42%
May 31, 2011	4.190	4.167	4.211	4.142	0.56%
Jun 01, 2011	4.085	4.190	4.192	4.079	-2.49%
Jun 02, 2011	4.099	4.091	4.124	4.033	0.34%
Jun 03, 2011	4.125	4.097	4.144	4.048	0.61%
Jun 05, 2011	4.149	4.127	4.161	4.120	0.59%
Jun 06, 2011	4.128	4.146	4.174	4.110	-0.52%
Jun 07, 2011	4.156	4.128	4.162	4.110	0.69%
Jun 08, 2011	4.111	4.153	4.153	4.052	-1.08%
Jun 09, 2011	4.097	4.111	4.118	4.045	-0.33%
Jun 10, 2011	4.043	4.098	4.122	4.029	-1.31%
Jun 12, 2011	4.047	4.041	4.053	4.028	0.09%
Jun 13, 2011	4.040	4.045	4.059	4.013	-0.17%
Jun 14, 2011	4.152	4.037	4.166	4.028	2.75%
Jun 15, 2011	4.114	4.149	4.183	4.099	-0.92%
Jun 16, 2011	4.121	4.114	4.132	4.047	0.18%
Jun 17, 2011	4.097	4.118	4.155	4.077	-0.59%
Jun 19, 2011	4.093	4.095	4.098	4.083	-0.10%
Jun 20, 2011	4.075	4.091	4.110	4.008	-0.44%
Jun 21, 2011	4.090	4.076	4.128	4.059	0.39%
Jun 22, 2011	4.052	4.091	4.096	4.042	-0.94%
Jun 23, 2011	4.070	4.059	4.077	4.016	0.44%
Jun 24, 2011	4.086	4.067	4.133	4.058	0.41%
Jun 26, 2011	4.107	4.109	4.116	4.101	0.50%
Jun 27, 2011	4.093	4.106	4.109	4.051	-0.35%
Jun 28, 2011	4.136	4.091	4.136	4.068	1.06%
Jun 29, 2011	4.219	4.128	4.233	4.113	2.01%
Jun 30, 2011	4.260	4.218	4.287	4.206	0.95%
Jul 01, 2011	4.318	4.260	4.318	4.248	1.37%
Jul 03, 2011	4.311	4.303	4.320	4.303	-0.17%
Jul 04, 2011	4.318	4.313	4.335	4.292	0.17%
Jul 05, 2011	4.338	4.317	4.354	4.283	0.46%
Jul 06, 2011	4.335	4.338	4.348	4.301	-0.05%
Jul 07, 2011	4.429	4.339	4.443	4.327	2.16%
Jul 08, 2011	4.402	4.431	4.457	4.376	-0.61%
Jul 10, 2011	4.395	4.410	4.417	4.391	-0.17%
Jul 11, 2011	4.372	4.394	4.420	4.335	-0.51%
Jul 12, 2011	4.397	4.370	4.408	4.315	0.57%
Jul 13, 2011	4.397	4.397	4.439	4.374	-0.01%
Jul 14, 2011	4.365	4.399	4.417	4.355	-0.73%
Jul 15, 2011	4.413	4.364	4.426	4.361	1.11%
Jul 17, 2011	4.439	4.417	4.447	4.412	0.59%
Jul 18, 2011	4.410	4.434	4.434	4.372	-0.66%
Jul 19, 2011	4.475	4.415	4.495	4.406	1.47%
Jul 20, 2011	4.450	4.476	4.479	4.427	-0.56%
Jul 21, 2011	4.391	4.448	4.459	4.368	-1.31%
Jul 22, 2011	4.405	4.388	4.426	4.376	0.30%
Jul 24, 2011	4.392	4.416	4.418	4.392	-0.30%
Jul 25, 2011	4.410	4.397	4.419	4.371	0.43%
Jul 26, 2011	4.475	4.409	4.484	4.395	1.46%
Jul 27, 2011	4.437	4.471	4.488	4.422	-0.84%
Jul 28, 2011	4.472	4.438	4.487	4.433	0.78%
Jul 29, 2011	4.484	4.471	4.501	4.412	0.27%
Jul 31, 2011	4.505	4.498	4.520	4.497	0.47%
Aug 01, 2011	4.408	4.505	4.511	4.380	-2.16%
Aug 02, 2011	4.366	4.410	4.425	4.353	-0.95%
Aug 03, 2011	4.347	4.366	4.404	4.322	-0.42%
Aug 04, 2011	4.218	4.347	4.361	4.205	-2.97%
Aug 05, 2011	4.123	4.218	4.226	4.082	-2.24%
Aug 07, 2011	4.112	4.058	4.119	4.034	-0.27%
Aug 08, 2011	3.927	4.107	4.124	3.917	-4.52%
Aug 09, 2011	4.030	3.925	4.059	3.819	2.62%
Aug 10, 2011	3.885	4.024	4.072	3.870	-3.59%
Aug 11, 2011	4.038	3.886	4.071	3.858	3.93%
Aug 12, 2011	3.997	4.040	4.062	3.982	-1.02%
Aug 14, 2011	4.001	4.011	4.013	3.988	0.11%
Aug 15, 2011	4.037	4.000	4.058	3.991	0.89%
Aug 16, 2011	3.990	4.037	4.045	3.952	-1.15%
Aug 17, 2011	4.041	3.990	4.077	3.969	1.27%
Aug 18, 2011	3.933	4.037	4.043	3.928	-2.68%
Aug 19, 2011	3.977	3.934	4.014	3.929	1.11%
Aug 21, 2011	3.952	3.966	3.979	3.948	-0.62%
Aug 22, 2011	3.945	3.951	4.013	3.930	-0.16%
Aug 23, 2011	4.006	3.948	4.038	3.947	1.55%
Aug 24, 2011	4.013	4.006	4.031	3.966	0.17%
Aug 25, 2011	4.087	4.014	4.103	3.998	1.84%
Aug 26, 2011	4.098	4.087	4.126	4.046	0.26%
Aug 28, 2011	4.099	4.108	4.108	4.092	0.04%
Aug 29, 2011	4.120	4.098	4.133	4.057	0.49%
Aug 30, 2011	4.149	4.120	4.192	4.116	0.71%
Aug 31, 2011	4.200	4.149	4.223	4.136	1.23%
Sep 01, 2011	4.147	4.200	4.200	4.128	-1.26%
Sep 02, 2011	4.116	4.146	4.162	4.090	-0.75%
Sep 04, 2011	4.101	4.120	4.120	4.092	-0.38%
Sep 05, 2011	4.056	4.097	4.132	4.045	-1.10%
Sep 06, 2011	4.075	4.053	4.091	4.022	0.48%
Sep 07, 2011	4.139	4.074	4.148	4.068	1.57%
Sep 08, 2011	4.117	4.137	4.159	4.087	-0.53%
Sep 09, 2011	4.001	4.123	4.142	3.994	-2.81%
Sep 11, 2011	3.987	3.973	3.994	3.972	-0.34%
Sep 12, 2011	3.997	3.986	4.000	3.905	0.24%
Sep 13, 2011	3.982	3.997	4.024	3.955	-0.37%
Sep 14, 2011	3.916	3.981	4.011	3.886	-1.67%
Sep 15, 2011	3.965	3.917	3.979	3.895	1.26%
Sep 16, 2011	3.927	3.964	3.997	3.926	-0.96%
Sep 18, 2011	3.908	3.905	3.914	3.901	-0.48%
Sep 19, 2011	3.764	3.912	3.914	3.743	-3.67%
Sep 20, 2011	3.724	3.764	3.823	3.706	-1.07%
Sep 21, 2011	3.715	3.724	3.784	3.693	-0.26%
Sep 22, 2011	3.458	3.715	3.715	3.414	-6.92%
Sep 23, 2011	3.316	3.458	3.495	3.215	-4.12%
Sep 25, 2011	3.338	3.316	3.353	3.304	0.68%
Sep 26, 2011	3.327	3.338	3.357	3.072	-0.33%
Sep 27, 2011	3.406	3.326	3.483	3.299	2.37%
Sep 28, 2011	3.128	3.412	3.424	3.127	-8.14%
Sep 29, 2011	3.252	3.130	3.289	3.083	3.94%
Sep 30, 2011	3.107	3.252	3.314	3.096	-4.47%
Oct 02, 2011	3.115	3.126	3.126	3.086	0.27%
Oct 03, 2011	3.070	3.123	3.178	2.998	-1.46%
Oct 04, 2011	3.132	3.071	3.155	3.032	2.03%
Oct 05, 2011	3.131	3.131	3.171	3.026	-0.01%
Oct 06, 2011	3.277	3.132	3.280	3.119	4.64%
Oct 07, 2011	3.289	3.275	3.337	3.260	0.39%
Oct 09, 2011	3.288	3.290	3.296	3.277	-0.05%
Oct 10, 2011	3.370	3.289	3.389	3.284	2.49%
Oct 11, 2011	3.276	3.369	3.386	3.232	-2.79%
Oct 12, 2011	3.357	3.273	3.411	3.239	2.47%
Oct 13, 2011	3.322	3.357	3.374	3.287	-1.05%
Oct 14, 2011	3.427	3.322	3.433	3.315	3.18%
Oct 16, 2011	3.420	3.430	3.441	3.410	-0.23%
Oct 17, 2011	3.347	3.420	3.463	3.305	-2.11%
Oct 18, 2011	3.371	3.352	3.420	3.259	0.71%
Oct 19, 2011	3.231	3.370	3.376	3.206	-4.17%
Oct 20, 2011	3.088	3.231	3.232	3.031	-4.40%
Oct 21, 2011	3.255	3.087	3.269	3.080	5.41%
Oct 23, 2011	3.253	3.241	3.253	3.212	-0.08%
Oct 24, 2011	3.453	3.248	3.470	3.244	6.15%
Oct 25, 2011	3.401	3.454	3.538	3.358	-1.50%
Oct 26, 2011	3.509	3.401	3.585	3.400	3.17%
Oct 27, 2011	3.740	3.509	3.744	3.504	6.60%
Oct 28, 2011	3.715	3.741	3.750	3.616	-0.69%
Oct 30, 2011	3.683	3.738	3.741	3.675	-0.84%
Oct 31, 2011	3.591	3.683	3.708	3.567	-2.50%
Nov 01, 2011	3.488	3.599	3.656	3.462	-2.87%
Nov 02, 2011	3.562	3.489	3.629	3.486	2.11%
Nov 03, 2011	3.600	3.555	3.617	3.474	1.07%
Nov 04, 2011	3.564	3.600	3.652	3.545	-0.98%
Nov 06, 2011	3.606	3.566	3.640	3.566	1.17%
Nov 07, 2011	3.573	3.603	3.615	3.493	-0.92%
Nov 08, 2011	3.553	3.574	3.590	3.506	-0.56%
Nov 09, 2011	3.393	3.554	3.599	3.389	-4.53%
Nov 10, 2011	3.367	3.393	3.428	3.317	-0.76%
Nov 11, 2011	3.474	3.365	3.479	3.345	3.19%
Nov 13, 2011	3.513	3.475	3.519	3.473	1.11%
Nov 14, 2011	3.497	3.507	3.585	3.475	-0.46%
Nov 15, 2011	3.503	3.497	3.521	3.454	0.18%
Nov 16, 2011	3.462	3.502	3.537	3.431	-1.17%
Nov 17, 2011	3.368	3.462	3.491	3.353	-2.71%
Nov 18, 2011	3.395	3.365	3.439	3.332	0.79%
Nov 20, 2011	3.385	3.397	3.407	3.362	-0.27%
Nov 21, 2011	3.313	3.386	3.387	3.272	-2.15%
Nov 22, 2011	3.333	3.313	3.373	3.296	0.62%
Nov 23, 2011	3.269	3.334	3.366	3.235	-1.94%
Nov 24, 2011	3.275	3.268	3.317	3.205	0.18%
Nov 25, 2011	3.280	3.273	3.316	3.224	0.14%
Nov 27, 2011	3.344	3.320	3.366	3.317	1.96%
Nov 28, 2011	3.369	3.344	3.416	3.343	0.75%
Nov 29, 2011	3.382	3.366	3.413	3.346	0.39%
Nov 30, 2011	3.576	3.389	3.635	3.305	5.75%
Dec 01, 2011	3.545	3.582	3.598	3.518	-0.88%
Dec 02, 2011	3.589	3.545	3.632	3.528	1.25%
Dec 04, 2011	3.604	3.585	3.620	3.584	0.42%
Dec 05, 2011	3.556	3.604	3.635	3.544	-1.35%
Dec 06, 2011	3.587	3.557	3.607	3.525	0.88%
Dec 07, 2011	3.554	3.587	3.614	3.522	-0.91%
Dec 08, 2011	3.494	3.554	3.604	3.479	-1.72%
Dec 09, 2011	3.572	3.493	3.594	3.475	2.26%
Dec 11, 2011	3.570	3.572	3.572	3.562	-0.07%
Dec 12, 2011	3.449	3.570	3.570	3.436	-3.39%
Dec 13, 2011	3.388	3.448	3.494	3.380	-1.77%
Dec 14, 2011	3.259	3.387	3.427	3.257	-3.80%
Dec 15, 2011	3.275	3.260	3.329	3.233	0.48%
Dec 16, 2011	3.362	3.276	3.377	3.276	2.66%
Dec 18, 2011	3.350	3.345	3.357	3.343	-0.36%
Dec 19, 2011	3.308	3.348	3.352	3.262	-1.25%
Dec 20, 2011	3.376	3.308	3.390	3.285	2.06%
Dec 21, 2011	3.382	3.377	3.437	3.349	0.18%
Dec 22, 2011	3.420	3.380	3.429	3.361	1.11%
Dec 23, 2011	3.468	3.419	3.477	3.413	1.41%
Dec 25, 2011	3.468	3.468	3.468	3.468	0.00%
Dec 26, 2011	3.426	3.468	3.468	3.392	-1.19%
Dec 27, 2011	3.405	3.429	3.446	3.401	-0.62%
Dec 28, 2011	3.359	3.406	3.446	3.350	-1.37%
Dec 29, 2011	3.384	3.358	3.401	3.325	0.74%
Dec 30, 2011	3.432	3.383	3.454	3.383	1.42%
Jan 02, 2012	3.522	3.433	3.524	3.433	2.65%
Jan 03, 2012	3.520	3.522	3.539	3.467	-0.07%
Jan 04, 2012	3.438	3.519	3.522	3.421	-2.32%
Jan 05, 2012	3.417	3.438	3.480	3.385	-0.64%
Jan 06, 2012	3.431	3.416	3.464	3.394	0.42%
Jan 08, 2012	3.412	3.433	3.434	3.403	-0.55%
Jan 09, 2012	3.430	3.412	3.441	3.378	0.53%
Jan 10, 2012	3.497	3.431	3.517	3.405	1.92%
Jan 11, 2012	3.543	3.497	3.556	3.472	1.34%
Jan 12, 2012	3.635	3.546	3.670	3.523	2.60%
Jan 13, 2012	3.643	3.636	3.687	3.579	0.20%
Jan 15, 2012	3.604	3.631	3.633	3.604	-1.05%
Jan 16, 2012	3.669	3.604	3.686	3.595	1.79%
Jan 17, 2012	3.733	3.670	3.758	3.659	1.76%
Jan 18, 2012	3.770	3.734	3.780	3.696	0.99%
Jan 19, 2012	3.816	3.770	3.821	3.763	1.20%
Jan 20, 2012	3.749	3.814	3.833	3.731	-1.74%
Jan 22, 2012	3.744	3.750	3.761	3.736	-0.15%
Jan 23, 2012	3.813	3.741	3.817	3.722	1.84%
Jan 24, 2012	3.831	3.812	3.833	3.750	0.48%
Jan 25, 2012	3.854	3.831	3.857	3.760	0.60%
Jan 26, 2012	3.884	3.853	3.910	3.831	0.77%
Jan 27, 2012	3.895	3.884	3.939	3.864	0.30%
Jan 29, 2012	3.888	3.893	3.893	3.878	-0.18%
Jan 30, 2012	3.829	3.889	3.889	3.797	-1.54%
Jan 31, 2012	3.787	3.829	3.875	3.765	-1.08%
Feb 01, 2012	3.829	3.785	3.848	3.764	1.10%
Feb 02, 2012	3.786	3.829	3.851	3.768	-1.13%
Feb 03, 2012	3.905	3.786	3.914	3.777	3.16%
Feb 05, 2012	3.889	3.902	3.902	3.884	-0.43%
Feb 06, 2012	3.869	3.888	3.894	3.829	-0.51%
Feb 07, 2012	3.856	3.868	3.880	3.795	-0.32%
Feb 08, 2012	3.900	3.859	3.935	3.855	1.12%
Feb 09, 2012	3.970	3.899	3.988	3.874	1.80%
Feb 10, 2012	3.862	3.969	3.970	3.847	-2.72%
Feb 12, 2012	3.882	3.880	3.886	3.876	0.53%
Feb 13, 2012	3.824	3.884	3.908	3.819	-1.51%
Feb 14, 2012	3.829	3.824	3.859	3.785	0.15%
Feb 15, 2012	3.808	3.831	3.872	3.791	-0.57%
Feb 16, 2012	3.808	3.807	3.817	3.728	0.01%
Feb 17, 2012	3.720	3.809	3.829	3.695	-2.30%
Feb 19, 2012	3.766	3.760	3.766	3.756	1.22%
Feb 20, 2012	3.741	3.766	3.811	3.725	-0.66%
Feb 21, 2012	3.839	3.740	3.844	3.733	2.61%
Feb 22, 2012	3.830	3.838	3.851	3.795	-0.22%
Feb 23, 2012	3.820	3.830	3.840	3.774	-0.27%
Feb 24, 2012	3.860	3.820	3.882	3.783	1.04%
Feb 26, 2012	3.861	3.869	3.875	3.861	0.03%
Feb 27, 2012	3.872	3.859	3.896	3.831	0.28%
Feb 28, 2012	3.920	3.871	3.957	3.867	1.26%
Feb 29, 2012	3.870	3.921	3.961	3.811	-1.28%
Mar 01, 2012	3.934	3.870	3.938	3.849	1.65%
Mar 02, 2012	3.906	3.934	3.949	3.890	-0.70%
Mar 04, 2012	3.905	3.905	3.909	3.902	-0.04%
Mar 05, 2012	3.874	3.905	3.932	3.836	-0.79%
Mar 06, 2012	3.742	3.874	3.882	3.731	-3.41%
Mar 07, 2012	3.772	3.743	3.785	3.714	0.81%
Mar 08, 2012	3.800	3.773	3.830	3.765	0.72%
Mar 09, 2012	3.851	3.799	3.876	3.788	1.35%
Mar 11, 2012	3.861	3.840	3.863	3.840	0.26%
Mar 12, 2012	3.849	3.861	3.862	3.817	-0.32%
Mar 13, 2012	3.911	3.849	3.918	3.843	1.62%
Mar 14, 2012	3.837	3.911	3.912	3.826	-1.89%
Mar 15, 2012	3.888	3.837	3.902	3.826	1.34%
Mar 16, 2012	3.883	3.889	3.940	3.869	-0.13%
Mar 18, 2012	3.876	3.885	3.886	3.874	-0.19%
Mar 19, 2012	3.901	3.876	3.919	3.855	0.64%
Mar 20, 2012	3.847	3.900	3.910	3.814	-1.36%
Mar 21, 2012	3.844	3.848	3.870	3.828	-0.10%
Mar 22, 2012	3.785	3.842	3.857	3.753	-1.51%
Mar 23, 2012	3.807	3.785	3.825	3.763	0.58%
Mar 25, 2012	3.811	3.804	3.819	3.804	0.10%
Mar 26, 2012	3.889	3.814	3.899	3.796	2.05%
Mar 27, 2012	3.868	3.889	3.904	3.857	-0.54%
Mar 28, 2012	3.813	3.868	3.868	3.783	-1.42%
Mar 29, 2012	3.812	3.810	3.818	3.763	-0.05%
Mar 30, 2012	3.824	3.810	3.851	3.806	0.33%
Apr 01, 2012	3.861	3.849	3.877	3.849	0.97%
Apr 02, 2012	3.916	3.856	3.932	3.829	1.43%
Apr 03, 2012	3.885	3.916	3.955	3.881	-0.81%
Apr 04, 2012	3.804	3.887	3.893	3.789	-2.09%
Apr 05, 2012	3.797	3.804	3.826	3.775	-0.16%
Apr 08, 2012	3.789	3.778	3.793	3.768	-0.21%
Apr 09, 2012	3.725	3.790	3.799	3.705	-1.69%
Apr 10, 2012	3.665	3.729	3.782	3.646	-1.62%
Apr 11, 2012	3.646	3.665	3.671	3.631	-0.52%
Apr 12, 2012	3.717	3.647	3.731	3.645	1.93%
Apr 13, 2012	3.617	3.716	3.721	3.606	-2.68%
Apr 15, 2012	3.606	3.624	3.624	3.605	-0.32%
Apr 16, 2012	3.623	3.606	3.639	3.569	0.47%
Apr 17, 2012	3.646	3.622	3.654	3.586	0.63%
Apr 18, 2012	3.628	3.646	3.674	3.612	-0.49%
Apr 19, 2012	3.630	3.627	3.655	3.599	0.05%
Apr 20, 2012	3.692	3.629	3.712	3.624	1.71%
Apr 22, 2012	3.699	3.695	3.700	3.687	0.21%
Apr 23, 2012	3.637	3.699	3.699	3.613	-1.68%
Apr 24, 2012	3.691	3.638	3.696	3.634	1.47%
Apr 25, 2012	3.716	3.691	3.722	3.670	0.68%
Apr 26, 2012	3.770	3.715	3.792	3.696	1.47%
Apr 27, 2012	3.838	3.771	3.838	3.755	1.80%
Apr 29, 2012	3.844	3.837	3.845	3.832	0.15%
Apr 30, 2012	3.837	3.844	3.861	3.797	-0.18%
May 01, 2012	3.835	3.836	3.855	3.812	-0.04%
May 02, 2012	3.782	3.835	3.836	3.767	-1.39%
May 03, 2012	3.736	3.781	3.790	3.728	-1.20%
May 04, 2012	3.719	3.737	3.755	3.703	-0.48%
May 06, 2012	3.678	3.702	3.703	3.667	-1.09%
May 07, 2012	3.757	3.678	3.777	3.674	2.16%
May 08, 2012	3.681	3.754	3.757	3.656	-2.02%
May 09, 2012	3.661	3.682	3.695	3.610	-0.54%
May 10, 2012	3.667	3.661	3.713	3.644	0.16%
May 11, 2012	3.630	3.667	3.683	3.617	-1.01%
May 13, 2012	3.655	3.651	3.671	3.643	0.69%
May 14, 2012	3.529	3.655	3.674	3.504	-3.45%
May 15, 2012	3.503	3.534	3.558	3.487	-0.73%
May 16, 2012	3.484	3.503	3.515	3.450	-0.53%
May 17, 2012	3.470	3.485	3.521	3.454	-0.41%
May 18, 2012	3.443	3.469	3.516	3.432	-0.78%
May 20, 2012	3.459	3.449	3.460	3.436	0.49%
May 21, 2012	3.525	3.459	3.538	3.458	1.89%
May 22, 2012	3.469	3.525	3.529	3.452	-1.59%
May 23, 2012	3.420	3.469	3.473	3.387	-1.40%
May 24, 2012	3.434	3.421	3.451	3.405	0.42%
May 25, 2012	3.448	3.434	3.467	3.418	0.40%
May 27, 2012	3.460	3.449	3.469	3.449	0.33%
May 28, 2012	3.473	3.460	3.497	3.458	0.37%
May 29, 2012	3.464	3.472	3.509	3.453	-0.25%
May 30, 2012	3.367	3.464	3.466	3.361	-2.79%
May 31, 2012	3.363	3.368	3.405	3.342	-0.13%
Jun 01, 2012	3.318	3.362	3.377	3.300	-1.32%
Jun 03, 2012	3.289	3.314	3.332	3.289	-0.89%
Jun 04, 2012	3.333	3.289	3.352	3.238	1.35%
Jun 05, 2012	3.307	3.334	3.351	3.279	-0.79%
Jun 06, 2012	3.373	3.311	3.382	3.306	1.97%
Jun 07, 2012	3.365	3.373	3.430	3.330	-0.22%
Jun 08, 2012	3.317	3.365	3.368	3.264	-1.43%
Jun 10, 2012	3.368	3.389	3.400	3.363	1.52%
Jun 11, 2012	3.316	3.368	3.389	3.303	-1.52%
Jun 12, 2012	3.346	3.317	3.358	3.304	0.90%
Jun 13, 2012	3.323	3.345	3.370	3.308	-0.69%
Jun 14, 2012	3.360	3.324	3.374	3.323	1.11%
Jun 15, 2012	3.415	3.361	3.419	3.358	1.62%
Jun 17, 2012	3.425	3.452	3.475	3.412	0.29%
Jun 18, 2012	3.391	3.423	3.436	3.368	-0.99%
Jun 19, 2012	3.426	3.391	3.439	3.373	1.03%
Jun 20, 2012	3.376	3.425	3.433	3.361	-1.47%
Jun 21, 2012	3.305	3.377	3.378	3.294	-2.08%
Jun 22, 2012	3.309	3.304	3.317	3.257	0.13%
Jun 24, 2012	3.314	3.320	3.327	3.311	0.15%
Jun 25, 2012	3.341	3.315	3.347	3.289	0.81%
Jun 26, 2012	3.319	3.340	3.343	3.303	-0.66%
Jun 27, 2012	3.352	3.319	3.360	3.303	0.98%
Jun 28, 2012	3.339	3.353	3.368	3.317	-0.39%
Jun 29, 2012	3.499	3.340	3.514	3.330	4.79%
Jul 01, 2012	3.496	3.499	3.501	3.489	-0.09%
Jul 02, 2012	3.466	3.497	3.497	3.453	-0.85%
Jul 03, 2012	3.534	3.466	3.556	3.463	1.96%
Jul 04, 2012	3.500	3.534	3.539	3.498	-0.96%
Jul 05, 2012	3.494	3.499	3.540	3.470	-0.16%
Jul 06, 2012	3.413	3.494	3.505	3.405	-2.34%
Jul 08, 2012	3.412	3.412	3.423	3.407	-0.03%
Jul 09, 2012	3.438	3.411	3.440	3.398	0.78%
Jul 10, 2012	3.395	3.436	3.439	3.382	-1.25%
Jul 11, 2012	3.436	3.393	3.451	3.389	1.21%
Jul 12, 2012	3.422	3.436	3.436	3.384	-0.41%
Jul 13, 2012	3.493	3.422	3.507	3.412	2.07%
Jul 15, 2012	3.498	3.505	3.508	3.497	0.13%
Jul 16, 2012	3.491	3.497	3.505	3.466	-0.18%
Jul 17, 2012	3.471	3.491	3.512	3.433	-0.57%
Jul 18, 2012	3.471	3.468	3.483	3.436	-0.01%
Jul 19, 2012	3.526	3.473	3.544	3.470	1.60%
Jul 20, 2012	3.442	3.526	3.527	3.419	-2.40%
Jul 22, 2012	3.433	3.431	3.440	3.426	-0.27%
Jul 23, 2012	3.376	3.432	3.445	3.342	-1.67%
Jul 24, 2012	3.360	3.375	3.401	3.339	-0.45%
Jul 25, 2012	3.377	3.361	3.403	3.333	0.51%
Jul 26, 2012	3.392	3.377	3.438	3.354	0.44%
Jul 27, 2012	3.433	3.393	3.439	3.379	1.19%
Jul 29, 2012	3.430	3.431	3.435	3.426	-0.06%
Jul 30, 2012	3.425	3.431	3.455	3.403	-0.17%
Jul 31, 2012	3.414	3.424	3.456	3.416	-0.29%
Aug 01, 2012	3.367	3.415	3.426	3.346	-1.40%
Aug 02, 2012	3.307	3.367	3.384	3.289	-1.79%
Aug 03, 2012	3.367	3.306	3.374	3.299	1.83%
Aug 05, 2012	3.365	3.366	3.367	3.358	-0.07%
Aug 06, 2012	3.376	3.364	3.392	3.344	0.34%
Aug 07, 2012	3.422	3.377	3.449	3.370	1.36%
Aug 08, 2012	3.419	3.424	3.432	3.404	-0.08%
Aug 09, 2012	3.418	3.419	3.443	3.404	-0.02%
Aug 10, 2012	3.402	3.418	3.424	3.361	-0.47%
Aug 12, 2012	3.397	3.398	3.402	3.397	-0.16%
Aug 13, 2012	3.355	3.395	3.398	3.342	-1.24%
Aug 14, 2012	3.353	3.354	3.380	3.337	-0.07%
Aug 15, 2012	3.354	3.353	3.372	3.334	0.04%
Aug 16, 2012	3.383	3.353	3.387	3.342	0.86%
Aug 17, 2012	3.416	3.382	3.424	3.375	0.98%
Aug 19, 2012	3.418	3.419	3.422	3.417	0.06%
Aug 20, 2012	3.380	3.417	3.419	3.354	-1.13%
Aug 21, 2012	3.440	3.379	3.465	3.370	1.80%
Aug 22, 2012	3.470	3.439	3.485	3.429	0.88%
Aug 23, 2012	3.474	3.469	3.512	3.463	0.09%
Aug 24, 2012	3.482	3.474	3.494	3.456	0.24%
Aug 26, 2012	3.496	3.487	3.500	3.487	0.40%
Aug 27, 2012	3.476	3.495	3.511	3.468	-0.57%
Aug 28, 2012	3.473	3.476	3.477	3.449	-0.10%
Aug 29, 2012	3.439	3.473	3.473	3.428	-0.96%
Aug 30, 2012	3.443	3.440	3.494	3.433	0.12%
Aug 31, 2012	3.459	3.443	3.468	3.408	0.47%
Sep 02, 2012	3.455	3.457	3.459	3.445	-0.13%
Sep 03, 2012	3.485	3.455	3.499	3.433	0.87%
Sep 04, 2012	3.469	3.485	3.495	3.462	-0.45%
Sep 05, 2012	3.522	3.471	3.531	3.447	1.50%
Sep 06, 2012	3.512	3.521	3.539	3.494	-0.26%
Sep 07, 2012	3.645	3.512	3.653	3.505	3.79%
Sep 09, 2012	3.646	3.643	3.648	3.641	0.03%
Sep 10, 2012	3.673	3.643	3.700	3.633	0.73%
Sep 11, 2012	3.684	3.673	3.712	3.649	0.29%
Sep 12, 2012	3.686	3.684	3.731	3.664	0.06%
Sep 13, 2012	3.735	3.685	3.749	3.660	1.33%
Sep 14, 2012	3.817	3.735	3.838	3.734	2.21%
Sep 16, 2012	3.821	3.824	3.830	3.813	0.10%
Sep 17, 2012	3.763	3.821	3.825	3.735	-1.53%
Sep 18, 2012	3.793	3.767	3.797	3.745	0.79%
Sep 19, 2012	3.799	3.793	3.838	3.783	0.16%
Sep 20, 2012	3.779	3.797	3.808	3.734	-0.53%
Sep 21, 2012	3.772	3.778	3.809	3.771	-0.18%
Sep 23, 2012	3.769	3.778	3.779	3.765	-0.07%
Sep 24, 2012	3.743	3.769	3.769	3.716	-0.68%
Sep 25, 2012	3.737	3.740	3.784	3.727	-0.17%
Sep 26, 2012	3.722	3.739	3.756	3.681	-0.40%
Sep 27, 2012	3.744	3.721	3.748	3.700	0.59%
Sep 28, 2012	3.755	3.744	3.777	3.740	0.29%
Sep 30, 2012	3.736	3.751	3.751	3.731	-0.50%
Oct 01, 2012	3.775	3.737	3.798	3.722	1.06%
Oct 02, 2012	3.787	3.775	3.822	3.768	0.30%
Oct 03, 2012	3.784	3.787	3.789	3.761	-0.09%
Oct 04, 2012	3.786	3.783	3.813	3.766	0.06%
Oct 05, 2012	3.758	3.791	3.810	3.750	-0.74%
Oct 07, 2012	3.758	3.758	3.767	3.753	0.01%
Oct 08, 2012	3.733	3.759	3.759	3.703	-0.66%
Oct 09, 2012	3.713	3.732	3.752	3.707	-0.55%
Oct 10, 2012	3.707	3.713	3.728	3.694	-0.16%
Oct 11, 2012	3.752	3.710	3.777	3.692	1.21%
Oct 12, 2012	3.696	3.752	3.756	3.693	-1.50%
Oct 14, 2012	3.657	3.696	3.701	3.647	-1.05%
Oct 15, 2012	3.701	3.656	3.710	3.656	1.21%
Oct 16, 2012	3.724	3.701	3.727	3.689	0.62%
Oct 17, 2012	3.740	3.724	3.755	3.689	0.44%
Oct 18, 2012	3.737	3.741	3.764	3.721	-0.09%
Oct 19, 2012	3.632	3.736	3.747	3.627	-2.80%
Oct 21, 2012	3.624	3.629	3.630	3.612	-0.23%
Oct 22, 2012	3.628	3.624	3.653	3.609	0.13%
Oct 23, 2012	3.578	3.628	3.641	3.548	-1.38%
Oct 24, 2012	3.577	3.578	3.597	3.550	-0.04%
Oct 25, 2012	3.562	3.577	3.590	3.538	-0.41%
Oct 26, 2012	3.558	3.562	3.568	3.523	-0.11%
Oct 28, 2012	3.550	3.562	3.562	3.541	-0.24%
Oct 29, 2012	3.499	3.550	3.561	3.482	-1.44%
Oct 30, 2012	3.514	3.499	3.532	3.499	0.44%
Oct 31, 2012	3.519	3.515	3.559	3.509	0.15%
Nov 01, 2012	3.557	3.519	3.568	3.519	1.06%
Nov 02, 2012	3.483	3.557	3.557	3.473	-2.08%
Nov 04, 2012	3.491	3.477	3.493	3.477	0.23%
Nov 05, 2012	3.485	3.491	3.502	3.449	-0.17%
Nov 06, 2012	3.507	3.485	3.521	3.470	0.63%
Nov 07, 2012	3.447	3.506	3.543	3.431	-1.72%
Nov 08, 2012	3.469	3.446	3.474	3.434	0.63%
Nov 09, 2012	3.445	3.469	3.492	3.403	-0.69%
Nov 11, 2012	3.453	3.446	3.462	3.446	0.26%
Nov 12, 2012	3.461	3.453	3.475	3.430	0.22%
Nov 13, 2012	3.470	3.461	3.497	3.422	0.27%
Nov 14, 2012	3.448	3.470	3.492	3.442	-0.63%
Nov 15, 2012	3.471	3.449	3.479	3.442	0.67%
Nov 16, 2012	3.452	3.471	3.474	3.425	-0.57%
Nov 18, 2012	3.475	3.453	3.478	3.452	0.69%
Nov 19, 2012	3.515	3.476	3.540	3.466	1.13%
Nov 20, 2012	3.525	3.514	3.534	3.506	0.28%
Nov 21, 2012	3.513	3.524	3.525	3.473	-0.33%
Nov 22, 2012	3.502	3.513	3.515	3.498	-0.32%
Nov 23, 2012	3.529	3.506	3.530	3.481	0.78%
Nov 25, 2012	3.535	3.542	3.552	3.534	0.18%
Nov 26, 2012	3.551	3.535	3.553	3.518	0.45%
Nov 27, 2012	3.543	3.551	3.565	3.529	-0.24%
Nov 28, 2012	3.544	3.543	3.552	3.495	0.04%
Nov 29, 2012	3.597	3.545	3.622	3.538	1.50%
Nov 30, 2012	3.643	3.598	3.651	3.592	1.27%
Dec 02, 2012	3.643	3.643	3.643	3.643	0.00%
Dec 03, 2012	3.656	3.646	3.667	3.642	0.37%
Dec 04, 2012	3.658	3.656	3.679	3.634	0.04%
Dec 05, 2012	3.675	3.658	3.693	3.651	0.48%
Dec 06, 2012	3.647	3.675	3.688	3.633	-0.78%
Dec 07, 2012	3.667	3.647	3.679	3.642	0.54%
Dec 09, 2012	3.667	3.667	3.668	3.663	-0.01%
Dec 10, 2012	3.705	3.666	3.719	3.665	1.05%
Dec 11, 2012	3.690	3.705	3.707	3.683	-0.41%
Dec 12, 2012	3.704	3.689	3.720	3.675	0.40%
Dec 13, 2012	3.670	3.705	3.706	3.654	-0.93%
Dec 14, 2012	3.679	3.671	3.694	3.664	0.24%
Dec 16, 2012	3.681	3.684	3.687	3.680	0.05%
Dec 17, 2012	3.675	3.683	3.693	3.648	-0.16%
Dec 18, 2012	3.655	3.674	3.686	3.640	-0.53%
Dec 19, 2012	3.608	3.655	3.661	3.598	-1.29%
Dec 20, 2012	3.541	3.608	3.614	3.523	-1.86%
Dec 21, 2012	3.564	3.540	3.579	3.535	0.66%
Dec 23, 2012	3.565	3.562	3.568	3.562	0.04%
Dec 24, 2012	3.553	3.565	3.579	3.545	-0.35%
Dec 25, 2012	3.563	3.564	3.565	3.561	0.28%
Dec 26, 2012	3.595	3.563	3.611	3.561	0.92%
Dec 27, 2012	3.606	3.596	3.612	3.590	0.28%
Dec 28, 2012	3.588	3.605	3.622	3.586	-0.49%
Dec 30, 2012	3.585	3.588	3.592	3.583	-0.08%
Dec 31, 2012	3.649	3.585	3.654	3.585	1.79%
Jan 01, 2013	3.651	3.650	3.656	3.643	0.04%
Jan 02, 2013	3.737	3.647	3.759	3.647	2.36%
Jan 03, 2013	3.697	3.736	3.759	3.691	-1.06%
Jan 04, 2013	3.700	3.698	3.707	3.671	0.09%
Jan 06, 2013	3.703	3.703	3.709	3.701	0.07%
Jan 07, 2013	3.688	3.703	3.704	3.653	-0.40%
Jan 08, 2013	3.682	3.688	3.692	3.660	-0.16%
Jan 09, 2013	3.671	3.682	3.707	3.665	-0.31%
Jan 10, 2013	3.713	3.670	3.718	3.666	1.14%
Jan 11, 2013	3.659	3.713	3.717	3.653	-1.46%
Jan 13, 2013	3.663	3.667	3.667	3.659	0.11%
Jan 14, 2013	3.644	3.663	3.688	3.633	-0.51%
Jan 15, 2013	3.638	3.644	3.651	3.606	-0.16%
Jan 16, 2013	3.617	3.637	3.645	3.600	-0.58%
Jan 17, 2013	3.657	3.617	3.666	3.601	1.11%
Jan 18, 2013	3.676	3.658	3.697	3.655	0.52%
Jan 20, 2013	3.682	3.676	3.682	3.673	0.14%
Jan 21, 2013	3.670	3.682	3.682	3.662	-0.33%
Jan 22, 2013	3.707	3.670	3.709	3.668	1.01%
Jan 23, 2013	3.677	3.707	3.711	3.672	-0.80%
Jan 24, 2013	3.675	3.677	3.696	3.661	-0.08%
Jan 25, 2013	3.658	3.674	3.699	3.641	-0.46%
Jan 27, 2013	3.658	3.656	3.660	3.656	0.01%
Jan 28, 2013	3.665	3.658	3.676	3.644	0.19%
Jan 29, 2013	3.691	3.664	3.694	3.654	0.71%
Jan 30, 2013	3.750	3.691	3.755	3.683	1.60%
Jan 31, 2013	3.735	3.750	3.772	3.718	-0.39%
Feb 01, 2013	3.777	3.736	3.786	3.720	1.13%
Feb 03, 2013	3.784	3.786	3.792	3.783	0.16%
Feb 04, 2013	3.767	3.783	3.792	3.762	-0.43%
Feb 05, 2013	3.772	3.767	3.782	3.757	0.12%
Feb 06, 2013	3.751	3.772	3.783	3.732	-0.54%
Feb 07, 2013	3.728	3.752	3.757	3.722	-0.61%
Feb 08, 2013	3.759	3.728	3.774	3.727	0.81%
Feb 10, 2013	3.763	3.761	3.764	3.756	0.13%
Feb 11, 2013	3.724	3.764	3.769	3.711	-1.04%
Feb 12, 2013	3.749	3.724	3.750	3.710	0.66%
Feb 13, 2013	3.740	3.748	3.762	3.728	-0.23%
Feb 14, 2013	3.743	3.741	3.751	3.728	0.06%
Feb 15, 2013	3.737	3.743	3.752	3.720	-0.15%
Feb 17, 2013	3.744	3.744	3.745	3.741	0.18%
Feb 18, 2013	3.691	3.744	3.746	3.679	-1.40%
Feb 19, 2013	3.655	3.692	3.698	3.645	-0.97%
Feb 20, 2013	3.603	3.656	3.670	3.593	-1.43%
Feb 21, 2013	3.565	3.603	3.608	3.537	-1.07%
Feb 22, 2013	3.539	3.564	3.589	3.525	-0.71%
Feb 24, 2013	3.562	3.555	3.562	3.552	0.63%
Feb 25, 2013	3.547	3.561	3.590	3.536	-0.42%
Feb 26, 2013	3.585	3.546	3.593	3.534	1.08%
Feb 27, 2013	3.577	3.585	3.595	3.564	-0.21%
Feb 28, 2013	3.555	3.578	3.602	3.545	-0.61%
Mar 01, 2013	3.513	3.555	3.558	3.473	-1.19%
Mar 03, 2013	3.508	3.504	3.510	3.501	-0.13%
Mar 04, 2013	3.519	3.509	3.526	3.482	0.30%
Mar 05, 2013	3.528	3.518	3.544	3.515	0.27%
Mar 06, 2013	3.506	3.526	3.541	3.487	-0.62%
Mar 07, 2013	3.523	3.506	3.533	3.493	0.47%
Mar 08, 2013	3.514	3.522	3.533	3.499	-0.25%
Mar 10, 2013	3.504	3.505	3.506	3.495	-0.29%
Mar 11, 2013	3.524	3.504	3.527	3.476	0.58%
Mar 12, 2013	3.554	3.524	3.575	3.500	0.86%
Mar 13, 2013	3.527	3.554	3.566	3.522	-0.75%
Mar 14, 2013	3.536	3.527	3.549	3.512	0.24%
Mar 15, 2013	3.517	3.536	3.559	3.515	-0.55%
Mar 17, 2013	3.490	3.509	3.509	3.480	-0.75%
Mar 18, 2013	3.425	3.490	3.493	3.412	-1.88%
Mar 19, 2013	3.401	3.424	3.441	3.389	-0.69%
Mar 20, 2013	3.441	3.401	3.453	3.393	1.18%
Mar 21, 2013	3.445	3.441	3.492	3.421	0.10%
Mar 22, 2013	3.472	3.443	3.477	3.432	0.80%
Mar 24, 2013	3.473	3.466	3.477	3.466	0.01%
Mar 25, 2013	3.454	3.473	3.486	3.438	-0.54%
Mar 26, 2013	3.458	3.454	3.476	3.439	0.12%
Mar 27, 2013	3.457	3.458	3.460	3.425	-0.02%
Mar 28, 2013	3.403	3.458	3.462	3.397	-1.56%
Mar 31, 2013	3.368	3.401	3.403	3.359	-1.03%
Apr 01, 2013	3.373	3.369	3.377	3.341	0.15%
Apr 02, 2013	3.374	3.373	3.385	3.359	0.03%
Apr 03, 2013	3.328	3.374	3.386	3.320	-1.37%
Apr 04, 2013	3.354	3.328	3.371	3.306	0.79%
Apr 05, 2013	3.345	3.355	3.370	3.330	-0.27%
Apr 07, 2013	3.346	3.343	3.354	3.342	0.01%
Apr 08, 2013	3.378	3.346	3.394	3.339	0.96%
Apr 09, 2013	3.442	3.377	3.452	3.377	1.91%
Apr 10, 2013	3.413	3.441	3.441	3.402	-0.86%
Apr 11, 2013	3.429	3.413	3.441	3.389	0.49%
Apr 12, 2013	3.334	3.430	3.433	3.327	-2.78%
Apr 14, 2013	3.343	3.338	3.345	3.334	0.27%
Apr 15, 2013	3.270	3.343	3.353	3.195	-2.20%
Apr 16, 2013	3.312	3.269	3.316	3.224	1.28%
Apr 17, 2013	3.159	3.309	3.309	3.159	-4.59%
Apr 18, 2013	3.193	3.167	3.211	3.065	1.08%
Apr 19, 2013	3.150	3.194	3.199	3.110	-1.38%
Apr 21, 2013	3.129	3.149	3.150	3.127	-0.65%
Apr 22, 2013	3.130	3.130	3.163	3.083	0.03%
Apr 23, 2013	3.086	3.129	3.129	3.059	-1.42%
Apr 24, 2013	3.157	3.085	3.188	3.085	2.33%
Apr 25, 2013	3.252	3.162	3.259	3.156	3.02%
Apr 26, 2013	3.180	3.253	3.281	3.175	-2.24%
Apr 28, 2013	3.164	3.181	3.181	3.163	-0.50%
Apr 29, 2013	3.216	3.173	3.242	3.159	1.64%
Apr 30, 2013	3.193	3.220	3.247	3.173	-0.72%
May 01, 2013	3.078	3.193	3.195	3.059	-3.59%
May 02, 2013	3.126	3.079	3.138	3.068	1.55%
May 03, 2013	3.307	3.125	3.317	3.114	5.79%
May 05, 2013	3.296	3.301	3.303	3.291	-0.35%
May 06, 2013	3.293	3.296	3.329	3.283	-0.07%
May 07, 2013	3.304	3.293	3.345	3.265	0.34%
May 08, 2013	3.375	3.303	3.399	3.291	2.13%
May 09, 2013	3.322	3.376	3.377	3.316	-1.57%
May 10, 2013	3.385	3.323	3.385	3.304	1.89%
May 12, 2013	3.366	3.378	3.378	3.361	-0.54%
May 13, 2013	3.354	3.367	3.378	3.337	-0.36%
May 14, 2013	3.308	3.354	3.378	3.275	-1.39%
May 15, 2013	3.267	3.301	3.311	3.225	-1.25%
May 16, 2013	3.282	3.266	3.311	3.232	0.48%
May 17, 2013	3.316	3.284	3.345	3.284	1.02%
May 19, 2013	3.304	3.315	3.322	3.273	-0.34%
May 20, 2013	3.347	3.305	3.373	3.282	1.28%
May 21, 2013	3.342	3.347	3.380	3.324	-0.13%
May 22, 2013	3.362	3.343	3.418	3.339	0.58%
May 23, 2013	3.315	3.365	3.369	3.268	-1.39%
May 24, 2013	3.295	3.318	3.329	3.283	-0.62%
May 26, 2013	3.304	3.293	3.308	3.291	0.29%
May 27, 2013	3.306	3.305	3.308	3.283	0.05%
May 28, 2013	3.304	3.305	3.345	3.268	-0.05%
May 29, 2013	3.293	3.304	3.324	3.273	-0.35%
May 30, 2013	3.312	3.293	3.328	3.258	0.60%
May 31, 2013	3.273	3.312	3.330	3.266	-1.19%
Jun 02, 2013	3.297	3.288	3.304	3.284	0.74%
Jun 03, 2013	3.334	3.297	3.347	3.297	1.13%
Jun 04, 2013	3.369	3.335	3.377	3.322	1.05%
Jun 05, 2013	3.366	3.371	3.398	3.349	-0.11%
Jun 06, 2013	3.332	3.365	3.370	3.304	-1.01%
Jun 07, 2013	3.268	3.332	3.343	3.253	-1.92%
Jun 09, 2013	3.229	3.245	3.245	3.204	-1.20%
Jun 10, 2013	3.255	3.240	3.284	3.217	0.82%
Jun 11, 2013	3.168	3.255	3.262	3.164	-2.67%
Jun 12, 2013	3.214	3.174	3.232	3.168	1.43%
Jun 13, 2013	3.211	3.213	3.243	3.164	-0.10%
Jun 14, 2013	3.198	3.210	3.224	3.188	-0.38%
Jun 16, 2013	3.195	3.200	3.200	3.194	-0.09%
Jun 17, 2013	3.207	3.194	3.238	3.182	0.38%
Jun 18, 2013	3.165	3.205	3.219	3.139	-1.33%
Jun 19, 2013	3.119	3.164	3.174	3.108	-1.46%
Jun 20, 2013	3.035	3.119	3.124	3.029	-2.68%
Jun 21, 2013	3.098	3.035	3.105	3.019	2.08%
Jun 23, 2013	3.092	3.090	3.100	3.090	-0.17%
Jun 24, 2013	3.035	3.093	3.094	2.994	-1.85%
Jun 25, 2013	3.067	3.037	3.091	2.986	1.06%
Jun 26, 2013	3.055	3.068	3.094	3.020	-0.40%
Jun 27, 2013	3.050	3.056	3.077	3.035	-0.18%
Jun 28, 2013	3.058	3.050	3.088	3.017	0.26%
Jun 30, 2013	3.067	3.045	3.078	3.036	0.29%
Jul 01, 2013	3.155	3.067	3.168	3.041	2.86%
Jul 02, 2013	3.147	3.155	3.166	3.127	-0.23%
Jul 03, 2013	3.176	3.147	3.179	3.138	0.93%
Jul 04, 2013	3.147	3.176	3.176	3.141	-0.92%
Jul 05, 2013	3.069	3.146	3.155	3.050	-2.48%
Jul 07, 2013	3.071	3.077	3.079	3.070	0.07%
Jul 08, 2013	3.094	3.073	3.110	3.058	0.75%
Jul 09, 2013	3.066	3.095	3.115	3.025	-0.93%
Jul 10, 2013	3.146	3.066	3.156	3.032	2.62%
Jul 11, 2013	3.186	3.127	3.201	3.127	1.29%
Jul 12, 2013	3.154	3.186	3.193	3.136	-1.02%
Jul 14, 2013	3.149	3.159	3.159	3.143	-0.14%
Jul 15, 2013	3.148	3.150	3.168	3.125	-0.03%
Jul 16, 2013	3.175	3.149	3.191	3.133	0.85%
Jul 17, 2013	3.133	3.177	3.198	3.113	-1.33%
Jul 18, 2013	3.132	3.131	3.139	3.107	-0.04%
Jul 19, 2013	3.146	3.132	3.161	3.113	0.47%
Jul 21, 2013	3.169	3.147	3.176	3.145	0.73%
Jul 22, 2013	3.183	3.163	3.205	3.149	0.43%
Jul 23, 2013	3.206	3.182	3.217	3.164	0.74%
Jul 24, 2013	3.188	3.205	3.233	3.165	-0.57%
Jul 25, 2013	3.188	3.188	3.196	3.150	0.00%
Jul 26, 2013	3.104	3.189	3.193	3.095	-2.62%
Jul 28, 2013	3.094	3.106	3.113	3.087	-0.33%
Jul 29, 2013	3.102	3.095	3.117	3.086	0.25%
Jul 30, 2013	3.041	3.102	3.108	3.037	-1.97%
Jul 31, 2013	3.114	3.041	3.127	3.040	2.40%
Aug 01, 2013	3.165	3.114	3.187	3.103	1.65%
Aug 02, 2013	3.168	3.165	3.205	3.132	0.09%
Aug 04, 2013	3.176	3.175	3.188	3.170	0.25%
Aug 05, 2013	3.164	3.178	3.180	3.148	-0.38%
Aug 06, 2013	3.168	3.164	3.209	3.148	0.14%
Aug 07, 2013	3.183	3.168	3.189	3.129	0.45%
Aug 08, 2013	3.262	3.184	3.279	3.175	2.51%
Aug 09, 2013	3.310	3.263	3.317	3.242	1.46%
Aug 11, 2013	3.300	3.307	3.309	3.300	-0.29%
Aug 12, 2013	3.313	3.301	3.329	3.284	0.38%
Aug 13, 2013	3.313	3.312	3.343	3.293	0.01%
Aug 14, 2013	3.341	3.314	3.349	3.295	0.85%
Aug 15, 2013	3.347	3.342	3.363	3.288	0.18%
Aug 16, 2013	3.362	3.347	3.380	3.339	0.43%
Aug 18, 2013	3.367	3.364	3.369	3.363	0.15%
Aug 19, 2013	3.336	3.366	3.373	3.322	-0.91%
Aug 20, 2013	3.326	3.336	3.342	3.303	-0.29%
Aug 21, 2013	3.303	3.326	3.333	3.287	-0.69%
Aug 22, 2013	3.336	3.304	3.368	3.296	1.00%
Aug 23, 2013	3.353	3.333	3.359	3.316	0.51%
Aug 25, 2013	3.371	3.353	3.380	3.353	0.54%
Aug 26, 2013	3.337	3.372	3.395	3.303	-1.02%
Aug 27, 2013	3.336	3.336	3.378	3.315	-0.02%
Aug 28, 2013	3.314	3.336	3.354	3.306	-0.67%
Aug 29, 2013	3.253	3.314	3.323	3.250	-1.83%
Aug 30, 2013	3.239	3.253	3.279	3.224	-0.44%
Sep 01, 2013	3.252	3.264	3.276	3.245	0.40%
Sep 02, 2013	3.308	3.252	3.310	3.246	1.72%
Sep 03, 2013	3.304	3.307	3.323	3.276	-0.11%
Sep 04, 2013	3.253	3.304	3.306	3.228	-1.54%
Sep 05, 2013	3.246	3.251	3.261	3.221	-0.22%
Sep 06, 2013	3.261	3.246	3.287	3.240	0.46%
Sep 08, 2013	3.268	3.268	3.277	3.259	0.22%
Sep 09, 2013	3.282	3.268	3.299	3.266	0.44%
Sep 10, 2013	3.276	3.282	3.296	3.253	-0.18%
Sep 11, 2013	3.272	3.276	3.283	3.255	-0.14%
Sep 12, 2013	3.204	3.271	3.272	3.192	-2.06%
Sep 13, 2013	3.221	3.205	3.227	3.191	0.51%
Sep 15, 2013	3.238	3.271	3.271	3.237	0.54%
Sep 16, 2013	3.213	3.238	3.242	3.199	-0.77%
Sep 17, 2013	3.223	3.214	3.239	3.198	0.31%
Sep 18, 2013	3.315	3.223	3.321	3.207	2.84%
Sep 19, 2013	3.351	3.314	3.355	3.312	1.09%
Sep 20, 2013	3.305	3.350	3.359	3.303	-1.37%
Sep 22, 2013	3.309	3.303	3.312	3.298	0.14%
Sep 23, 2013	3.289	3.310	3.310	3.265	-0.61%
Sep 24, 2013	3.258	3.288	3.296	3.236	-0.94%
Sep 25, 2013	3.269	3.259	3.277	3.254	0.32%
Sep 26, 2013	3.303	3.268	3.323	3.261	1.06%
Sep 27, 2013	3.320	3.303	3.331	3.292	0.51%
Sep 29, 2013	3.312	3.307	3.313	3.294	-0.26%
Sep 30, 2013	3.321	3.312	3.339	3.304	0.28%
Oct 01, 2013	3.272	3.320	3.337	3.250	-1.48%
Oct 02, 2013	3.310	3.276	3.319	3.249	1.16%
Oct 03, 2013	3.280	3.310	3.325	3.262	-0.91%
Oct 04, 2013	3.300	3.279	3.317	3.258	0.60%
Oct 06, 2013	3.297	3.299	3.305	3.293	-0.07%
Oct 07, 2013	3.300	3.298	3.312	3.264	0.08%
Oct 08, 2013	3.294	3.299	3.321	3.283	-0.17%
Oct 09, 2013	3.227	3.295	3.296	3.221	-2.05%
Oct 10, 2013	3.244	3.227	3.252	3.216	0.53%
Oct 11, 2013	3.271	3.246	3.274	3.228	0.83%
Oct 13, 2013	3.256	3.267	3.267	3.252	-0.44%
Oct 14, 2013	3.303	3.257	3.315	3.245	1.42%
Oct 15, 2013	3.300	3.300	3.310	3.282	-0.08%
Oct 16, 2013	3.316	3.301	3.325	3.264	0.47%
Oct 17, 2013	3.293	3.316	3.325	3.271	-0.68%
Oct 18, 2013	3.289	3.293	3.319	3.287	-0.13%
