Oct 18, 2013	79.69	79.78	79.82	79.55	-0.05%
Oct 17, 2013	79.73	80.63	80.65	79.69	-1.04%
Oct 16, 2013	80.56	80.59	80.85	80.37	0.03%
Oct 15, 2013	80.54	80.44	80.80	80.34	0.17%
Oct 14, 2013	80.40	80.43	80.47	80.20	-0.03%
Oct 13, 2013	80.42	80.41	80.45	80.41	-0.08%
Oct 11, 2013	80.49	80.58	80.63	80.33	-0.12%
Oct 10, 2013	80.59	80.48	80.68	80.41	0.17%
Oct 09, 2013	80.45	79.96	80.67	79.96	0.46%
Oct 08, 2013	80.08	79.99	80.17	79.92	0.13%
Oct 07, 2013	79.97	80.14	80.24	79.97	-0.21%
Oct 06, 2013	80.14	80.19	80.19	80.12	-0.12%
Oct 04, 2013	80.24	79.84	80.28	79.78	0.47%
Oct 03, 2013	79.87	79.94	80.02	79.72	-0.17%
Oct 02, 2013	80.01	80.29	80.38	79.88	-0.32%
Oct 01, 2013	80.27	80.36	80.41	79.96	-0.07%
Sep 30, 2013	80.32	80.39	80.46	80.12	-0.09%
Sep 29, 2013	80.39	80.47	80.47	80.39	0.04%
Sep 27, 2013	80.36	80.64	80.70	80.21	-0.34%
Sep 26, 2013	80.64	80.47	80.76	80.40	0.27%
Sep 25, 2013	80.42	80.70	80.74	80.39	-0.34%
Sep 24, 2013	80.69	80.57	80.74	80.52	0.14%
Sep 23, 2013	80.58	80.51	80.64	80.39	0.09%
Sep 22, 2013	80.51	80.51	80.54	80.51	-0.03%
Sep 20, 2013	80.53	80.46	80.69	80.41	0.07%
Sep 19, 2013	80.48	80.29	80.56	80.16	0.29%
Sep 18, 2013	80.25	81.31	81.37	80.17	-1.29%
Sep 17, 2013	81.29	81.43	81.51	81.25	-0.18%
Sep 16, 2013	81.44	81.33	81.46	81.14	0.14%
Sep 15, 2013	81.32	81.27	81.33	81.19	-0.43%
Sep 13, 2013	81.67	81.70	81.91	81.57	-0.03%
Sep 12, 2013	81.70	81.66	81.92	81.52	0.24%
Sep 11, 2013	81.50	81.82	81.94	81.45	-0.39%
Sep 10, 2013	81.83	81.83	81.98	81.73	-0.01%
Sep 09, 2013	81.83	82.31	82.32	81.69	-0.57%
Sep 08, 2013	82.30	82.26	82.33	82.26	0.15%
Sep 06, 2013	82.18	82.66	82.67	82.06	-0.59%
Sep 05, 2013	82.66	82.23	82.71	82.13	0.58%
Sep 04, 2013	82.19	82.40	82.47	82.11	-0.28%
Sep 03, 2013	82.41	82.34	82.61	82.28	0.13%
Sep 02, 2013	82.30	82.16	82.36	82.07	0.17%
Sep 01, 2013	82.17	82.13	82.20	82.11	0.07%
Aug 30, 2013	82.11	82.03	82.32	81.94	0.11%
Aug 29, 2013	82.02	81.49	82.11	81.42	0.68%
Aug 28, 2013	81.46	81.16	81.64	81.14	0.39%
Aug 27, 2013	81.15	81.38	81.61	81.14	-0.34%
Aug 26, 2013	81.43	81.39	81.55	81.30	0.05%
Aug 25, 2013	81.39	81.40	81.43	81.38	-0.02%
Aug 23, 2013	81.41	81.54	81.70	81.25	-0.13%
Aug 22, 2013	81.51	81.46	81.76	81.41	0.20%
Aug 21, 2013	81.35	80.95	81.51	80.92	0.48%
Aug 20, 2013	80.96	81.31	81.38	80.78	-0.41%
Aug 19, 2013	81.29	81.35	81.42	81.17	-0.06%
Aug 18, 2013	81.34	81.31	81.39	81.31	0.00%
Aug 16, 2013	81.34	81.17	81.44	81.07	0.15%
Aug 15, 2013	81.22	81.68	81.99	81.12	-0.69%
Aug 14, 2013	81.78	81.78	81.91	81.66	-0.02%
Aug 13, 2013	81.80	81.52	81.93	81.44	0.43%
Aug 12, 2013	81.45	81.15	81.55	81.14	0.36%
Aug 11, 2013	81.16	81.20	81.21	81.11	-0.01%
Aug 09, 2013	81.17	81.10	81.22	80.97	0.10%
Aug 08, 2013	81.08	81.32	81.40	80.90	-0.27%
Aug 07, 2013	81.31	81.63	81.88	81.27	-0.45%
Aug 06, 2013	81.68	81.92	82.02	81.56	-0.29%
Aug 05, 2013	81.92	82.01	82.15	81.82	-0.12%
Aug 04, 2013	82.02	82.00	82.04	81.98	0.02%
Aug 02, 2013	82.01	82.42	82.57	81.90	-0.53%
Aug 01, 2013	82.45	81.75	82.50	81.69	0.87%
Jul 31, 2013	81.73	81.92	82.28	81.48	-0.26%
Jul 30, 2013	81.94	81.81	82.09	81.70	0.18%
Jul 29, 2013	81.80	81.69	81.94	81.61	0.14%
Jul 28, 2013	81.69	81.77	81.78	81.63	-0.09%
Jul 26, 2013	81.77	81.89	81.92	81.66	-0.12%
Jul 25, 2013	81.86	82.43	82.50	81.71	-0.63%
Jul 24, 2013	82.38	82.11	82.52	82.02	0.35%
Jul 23, 2013	82.09	82.26	82.47	82.01	-0.29%
Jul 22, 2013	82.33	82.61	82.66	82.13	-0.34%
Jul 21, 2013	82.61	82.71	82.74	82.61	-0.14%
Jul 19, 2013	82.73	82.92	83.06	82.63	-0.22%
Jul 18, 2013	82.91	82.81	83.16	82.76	0.17%
Jul 17, 2013	82.77	82.70	83.05	82.48	0.20%
Jul 16, 2013	82.61	83.26	83.26	82.53	-0.73%
Jul 15, 2013	83.21	83.12	83.62	83.03	0.10%
Jul 14, 2013	83.13	83.11	83.16	83.11	0.03%
Jul 12, 2013	83.11	82.94	83.39	82.89	0.24%
Jul 11, 2013	82.90	82.88	83.42	82.60	-0.92%
Jul 10, 2013	83.67	84.89	84.92	83.65	-1.36%
Jul 09, 2013	84.83	84.47	84.96	84.31	0.49%
Jul 08, 2013	84.42	84.83	84.83	84.36	-0.48%
Jul 07, 2013	84.83	84.79	84.83	84.72	0.16%
Jul 05, 2013	84.69	84.13	84.78	84.07	0.88%
Jul 04, 2013	83.95	83.35	84.15	83.34	0.66%
Jul 03, 2013	83.40	83.79	83.93	83.28	-0.45%
Jul 02, 2013	83.78	83.19	83.83	83.17	0.70%
Jul 01, 2013	83.19	83.46	83.46	83.18	-0.32%
Jun 30, 2013	83.46	83.42	83.47	83.42	0.05%
Jun 28, 2013	83.42	83.22	83.58	82.98	0.28%
Jun 27, 2013	83.19	83.14	83.42	83.01	-0.00%
Jun 26, 2013	83.19	82.92	83.27	82.74	0.41%
Jun 25, 2013	82.85	82.58	82.95	82.44	0.22%
Jun 24, 2013	82.67	82.78	83.05	82.52	-0.14%
Jun 23, 2013	82.78	82.72	82.79	82.69	0.21%
Jun 21, 2013	82.61	81.91	82.73	81.77	0.77%
Jun 20, 2013	81.97	81.56	82.32	81.44	0.61%
Jun 19, 2013	81.48	80.87	81.66	80.64	0.84%
Jun 18, 2013	80.80	80.82	81.16	80.71	0.01%
Jun 17, 2013	80.79	80.78	81.07	80.71	0.01%
Jun 16, 2013	80.78	80.82	80.84	80.77	-0.05%
Jun 14, 2013	80.82	80.97	81.20	80.79	-0.05%
Jun 13, 2013	80.86	81.06	81.20	80.72	-0.37%
Jun 12, 2013	81.16	81.31	81.51	80.94	-0.15%
Jun 11, 2013	81.28	81.97	82.01	81.22	-0.79%
Jun 10, 2013	81.93	82.14	82.36	81.85	-0.25%
Jun 09, 2013	82.14	82.08	82.14	82.05	0.55%
Jun 07, 2013	81.69	81.59	81.85	81.09	0.20%
Jun 06, 2013	81.52	82.59	82.69	81.08	-1.27%
Jun 05, 2013	82.57	82.87	82.91	82.52	-0.27%
Jun 04, 2013	82.79	82.74	83.00	82.63	0.12%
Jun 03, 2013	82.69	83.31	83.41	82.46	-0.76%
Jun 02, 2013	83.32	83.34	83.38	83.29	0.01%
May 31, 2013	83.31	83.11	83.65	83.06	0.34%
May 30, 2013	83.03	83.61	83.76	83.01	-0.77%
May 29, 2013	83.67	84.39	84.43	83.54	-0.76%
May 28, 2013	84.31	83.72	84.36	83.71	0.69%
May 27, 2013	83.74	83.66	83.77	83.57	0.09%
May 26, 2013	83.67	83.68	83.69	83.63	-0.04%
May 24, 2013	83.70	83.93	84.03	83.51	-0.13%
May 23, 2013	83.81	84.44	84.59	83.67	-0.64%
May 22, 2013	84.35	83.85	84.51	83.52	0.52%
May 21, 2013	83.92	83.88	84.30	83.75	-0.01%
May 20, 2013	83.92	84.31	84.40	83.81	-0.46%
May 19, 2013	84.31	84.23	84.35	84.22	-0.03%
May 17, 2013	84.34	83.87	84.51	83.86	0.52%
May 16, 2013	83.90	83.89	84.12	83.57	0.02%
May 15, 2013	83.88	83.71	84.22	83.67	0.09%
May 14, 2013	83.81	83.25	83.81	83.04	0.58%
May 13, 2013	83.33	83.35	83.45	83.16	-0.04%
May 12, 2013	83.36	83.28	83.40	83.28	0.22%
May 10, 2013	83.18	82.83	83.52	82.77	0.50%
May 09, 2013	82.76	81.96	82.91	81.83	0.92%
May 08, 2013	82.00	82.36	82.40	81.78	-0.42%
May 07, 2013	82.36	82.39	82.41	82.12	-0.02%
May 06, 2013	82.37	82.14	82.47	82.04	0.28%
May 05, 2013	82.14	82.16	82.20	82.11	-0.02%
May 03, 2013	82.16	82.29	82.59	81.94	-0.16%
May 02, 2013	82.29	81.64	82.41	81.54	0.73%
May 01, 2013	81.69	81.73	81.78	81.37	-0.08%
Apr 30, 2013	81.76	82.22	82.35	81.64	-0.50%
Apr 29, 2013	82.17	82.48	82.52	82.11	-0.36%
Apr 28, 2013	82.47	82.42	82.49	82.41	-0.13%
Apr 26, 2013	82.57	82.90	82.91	82.46	-0.34%
Apr 25, 2013	82.86	83.03	83.06	82.49	-0.23%
Apr 24, 2013	83.05	83.22	83.32	82.97	-0.12%
Apr 23, 2013	83.15	82.78	83.20	82.66	0.49%
Apr 22, 2013	82.75	82.88	83.04	82.75	-0.16%
Apr 21, 2013	82.88	82.81	82.89	82.81	-0.00%
Apr 19, 2013	82.88	82.67	82.89	82.40	0.26%
Apr 18, 2013	82.67	82.72	82.75	82.47	-0.09%
Apr 17, 2013	82.74	81.90	82.81	81.89	1.04%
Apr 16, 2013	81.89	82.38	82.61	81.78	-0.72%
Apr 15, 2013	82.48	82.28	82.55	82.21	0.25%
Apr 14, 2013	82.28	82.22	82.28	82.22	0.08%
Apr 12, 2013	82.22	82.28	82.58	82.14	-0.17%
Apr 11, 2013	82.36	82.66	82.68	82.15	-0.28%
Apr 10, 2013	82.58	82.47	82.68	82.33	0.13%
Apr 09, 2013	82.48	82.77	82.81	82.38	-0.46%
Apr 08, 2013	82.86	82.81	82.95	82.61	0.05%
Apr 07, 2013	82.81	82.76	82.82	82.70	0.17%
Apr 05, 2013	82.67	82.89	83.00	82.39	-0.19%
Apr 04, 2013	82.83	82.85	83.66	82.75	-0.05%
Apr 03, 2013	82.88	83.06	83.25	82.78	-0.25%
Apr 02, 2013	83.09	82.89	83.13	82.64	0.24%
Apr 01, 2013	82.89	83.23	83.36	82.81	-0.41%
Mar 31, 2013	83.23	83.19	83.26	83.19	0.09%
Mar 28, 2013	83.16	83.41	83.46	83.02	-0.29%
Mar 27, 2013	83.40	83.05	83.50	83.01	0.46%
Mar 26, 2013	83.02	83.02	83.15	82.88	-0.07%
Mar 25, 2013	83.07	82.40	83.10	82.28	0.81%
Mar 24, 2013	82.41	82.62	82.64	81.05	-0.13%
Mar 22, 2013	82.52	82.96	82.98	82.44	-0.58%
Mar 21, 2013	83.00	83.00	83.19	82.84	-0.05%
Mar 20, 2013	83.03	83.24	83.25	82.74	-0.18%
Mar 19, 2013	83.18	82.92	83.31	82.83	0.40%
Mar 18, 2013	82.85	83.06	83.10	82.63	-0.26%
Mar 17, 2013	83.06	82.88	83.06	82.88	0.87%
Mar 15, 2013	82.34	82.78	82.86	82.25	-0.58%
Mar 14, 2013	82.83	83.16	83.42	82.67	-0.40%
Mar 13, 2013	83.16	82.81	83.33	82.61	0.39%
Mar 12, 2013	82.83	82.93	83.06	82.68	0.01%
Mar 11, 2013	82.83	83.08	83.10	82.79	-0.30%
Mar 10, 2013	83.08	83.00	83.12	82.99	0.38%
Mar 08, 2013	82.76	82.17	82.94	82.11	0.78%
Mar 07, 2013	82.12	82.62	82.62	82.00	-0.64%
Mar 06, 2013	82.65	82.01	82.65	81.97	0.69%
Mar 05, 2013	82.09	82.21	82.30	81.95	-0.18%
Mar 04, 2013	82.23	82.36	82.53	82.23	-0.14%
Mar 03, 2013	82.35	82.36	82.37	82.30	0.02%
Mar 01, 2013	82.33	82.00	82.58	81.85	0.36%
Feb 28, 2013	82.03	81.60	82.07	81.54	0.52%
Feb 27, 2013	81.61	81.93	81.98	81.56	-0.38%
Feb 26, 2013	81.92	81.94	82.03	81.64	-0.01%
Feb 25, 2013	81.92	81.71	81.99	81.17	0.27%
Feb 24, 2013	81.71	81.71	81.72	81.66	0.19%
Feb 22, 2013	81.55	81.49	81.69	81.27	0.11%
Feb 21, 2013	81.46	81.17	81.61	81.13	0.38%
Feb 20, 2013	81.15	80.44	81.22	80.35	0.74%
Feb 19, 2013	80.55	80.74	80.77	80.50	-0.21%
Feb 18, 2013	80.72	80.70	80.82	80.60	0.03%
Feb 17, 2013	80.70	80.69	80.70	80.64	0.19%
Feb 15, 2013	80.55	80.49	80.67	80.31	0.11%
Feb 14, 2013	80.46	80.17	80.71	80.14	0.40%
Feb 13, 2013	80.14	80.09	80.25	79.92	0.03%
Feb 12, 2013	80.11	80.42	80.59	79.99	-0.40%
Feb 11, 2013	80.43	80.27	80.47	80.17	0.21%
Feb 10, 2013	80.27	80.25	80.28	80.24	-0.03%
Feb 08, 2013	80.29	80.30	80.35	80.02	-0.01%
Feb 07, 2013	80.30	79.81	80.35	79.58	0.63%
Feb 06, 2013	79.79	79.57	79.92	79.53	0.28%
Feb 05, 2013	79.57	79.66	79.81	79.49	-0.05%
Feb 04, 2013	79.61	79.20	79.64	79.19	0.51%
Feb 03, 2013	79.20	79.20	79.21	79.18	-0.03%
Feb 01, 2013	79.22	79.13	79.32	78.93	-0.06%
Jan 31, 2013	79.27	79.28	79.40	79.16	-0.03%
Jan 30, 2013	79.29	79.63	79.67	79.21	-0.38%
Jan 29, 2013	79.59	79.84	79.94	79.58	-0.36%
Jan 28, 2013	79.88	79.86	79.99	79.79	0.02%
Jan 27, 2013	79.86	79.84	79.86	79.83	0.06%
Jan 25, 2013	79.81	80.09	80.17	79.75	-0.28%
Jan 24, 2013	80.03	80.05	80.22	79.93	0.06%
Jan 23, 2013	79.98	79.94	80.21	79.77	0.05%
Jan 22, 2013	79.95	80.17	80.19	79.79	-0.23%
Jan 21, 2013	80.13	80.15	80.19	80.00	-0.02%
Jan 20, 2013	80.15	80.13	80.17	80.13	0.02%
Jan 18, 2013	80.13	79.77	80.27	79.71	0.50%
Jan 17, 2013	79.73	79.81	79.95	79.62	-0.14%
Jan 16, 2013	79.85	79.76	79.95	79.66	0.08%
Jan 15, 2013	79.79	79.55	79.93	79.44	0.32%
Jan 14, 2013	79.53	79.58	79.70	79.41	-0.07%
Jan 13, 2013	79.59	79.55	79.61	79.55	-0.03%
Jan 11, 2013	79.61	79.85	79.93	79.50	-0.25%
Jan 10, 2013	79.81	80.75	80.79	79.75	-1.05%
Jan 09, 2013	80.66	80.50	80.75	80.45	0.26%
Jan 08, 2013	80.44	80.31	80.56	80.22	0.13%
Jan 07, 2013	80.34	80.62	80.80	80.33	-0.36%
Jan 06, 2013	80.63	80.59	80.64	80.58	0.02%
Jan 04, 2013	80.61	80.77	80.99	80.53	0.05%
Jan 03, 2013	80.57	79.92	80.59	79.92	0.82%
Jan 02, 2013	79.92	79.58	80.03	79.46	0.04%
Dec 31, 2012	79.89	79.74	79.96	79.69	0.19%
Dec 30, 2012	79.73	79.76	79.77	79.70	-0.07%
Dec 28, 2012	79.79	79.74	80.05	79.68	0.08%
Dec 27, 2012	79.73	79.65	79.89	79.42	0.06%
Dec 26, 2012	79.68	79.70	79.80	79.48	-0.08%
Dec 24, 2012	79.74	79.70	79.80	79.45	0.05%
Dec 23, 2012	79.70	79.69	79.70	79.67	0.08%
Dec 21, 2012	79.64	79.38	79.73	79.34	0.43%
Dec 20, 2012	79.30	79.41	79.43	79.07	-0.12%
Dec 19, 2012	79.39	79.39	79.40	79.02	0.05%
Dec 18, 2012	79.35	79.61	79.65	79.29	-0.33%
Dec 17, 2012	79.62	79.72	79.78	79.53	-0.13%
Dec 16, 2012	79.72	79.62	79.73	79.60	0.08%
Dec 14, 2012	79.66	80.06	80.06	79.57	-0.44%
Dec 13, 2012	80.01	80.00	80.10	79.87	0.08%
Dec 12, 2012	79.95	80.20	80.25	79.62	-0.27%
Dec 11, 2012	80.16	80.47	80.50	80.13	-0.37%
Dec 10, 2012	80.46	80.67	80.75	80.44	-0.26%
Dec 09, 2012	80.67	80.78	80.78	80.42	0.31%
Dec 07, 2012	80.42	80.26	80.69	80.22	0.22%
Dec 06, 2012	80.24	79.88	80.32	79.73	0.50%
Dec 05, 2012	79.84	79.62	79.84	79.57	0.23%
Dec 04, 2012	79.65	79.89	79.92	79.59	-0.31%
Dec 03, 2012	79.90	80.19	80.19	79.80	-0.40%
Dec 02, 2012	80.22	80.22	80.22	80.22	0.00%
Nov 30, 2012	80.22	80.20	80.34	80.04	0.03%
Nov 29, 2012	80.19	80.33	80.36	80.03	-0.12%
Nov 28, 2012	80.29	80.40	80.61	80.28	-0.12%
Nov 27, 2012	80.38	80.11	80.50	80.07	0.22%
Nov 26, 2012	80.21	80.28	80.34	80.18	-0.09%
Nov 25, 2012	80.28	80.27	80.32	80.23	0.07%
Nov 23, 2012	80.22	80.75	80.76	80.16	-0.76%
Nov 22, 2012	80.84	80.83	80.92	80.65	-0.15%
Nov 21, 2012	80.96	80.97	81.30	80.94	0.02%
Nov 20, 2012	80.94	81.05	81.07	80.84	0.04%
Nov 19, 2012	80.91	81.20	81.25	80.84	-0.37%
Nov 18, 2012	81.21	81.27	81.28	81.19	-0.06%
Nov 16, 2012	81.26	81.10	81.51	81.08	0.22%
Nov 15, 2012	81.08	81.21	81.25	80.98	-0.12%
Nov 14, 2012	81.17	81.14	81.21	80.96	0.01%
Nov 13, 2012	81.17	81.19	81.31	81.04	0.04%
Nov 12, 2012	81.13	81.07	81.17	80.99	0.07%
Nov 11, 2012	81.07	81.08	81.09	81.01	-0.09%
Nov 09, 2012	81.14	80.96	81.17	80.69	0.29%
Nov 08, 2012	80.91	80.93	81.10	80.83	0.05%
Nov 07, 2012	80.86	80.80	81.03	80.37	0.20%
Nov 06, 2012	80.71	80.81	80.92	80.65	-0.13%
Nov 05, 2012	80.81	80.70	80.93	80.59	0.13%
Nov 04, 2012	80.71	80.72	80.72	80.67	0.07%
Nov 02, 2012	80.65	80.11	80.71	80.09	0.67%
Nov 01, 2012	80.11	79.99	80.18	79.92	0.15%
Oct 31, 2012	79.99	80.02	80.05	79.72	-0.01%
Oct 30, 2012	80.00	80.31	80.37	79.90	-0.43%
Oct 29, 2012	80.34	80.21	80.42	80.15	0.17%
Oct 28, 2012	80.20	80.08	80.22	80.08	0.13%
Oct 26, 2012	80.10	80.18	80.37	80.00	-0.11%
Oct 25, 2012	80.19	80.06	80.22	79.78	0.23%
Oct 24, 2012	80.00	80.05	80.24	79.91	0.01%
Oct 23, 2012	80.00	79.62	80.15	79.62	0.43%
Oct 22, 2012	79.66	79.70	79.75	79.54	-0.07%
Oct 21, 2012	79.71	79.70	79.73	79.68	-0.01%
Oct 19, 2012	79.72	79.41	79.75	79.37	0.36%
Oct 18, 2012	79.43	79.13	79.46	79.04	0.45%
Oct 17, 2012	79.08	79.20	79.28	78.97	-0.43%
Oct 16, 2012	79.42	79.73	79.81	79.36	-0.46%
Oct 15, 2012	79.79	79.86	80.05	79.68	-0.09%
Oct 14, 2012	79.86	79.77	79.87	79.76	0.11%
Oct 12, 2012	79.77	79.86	79.90	79.58	-0.11%
Oct 11, 2012	79.86	80.16	80.30	79.78	-0.30%
Oct 10, 2012	80.10	80.19	80.31	79.94	0.02%
Oct 09, 2012	80.08	79.65	80.19	79.57	0.50%
Oct 08, 2012	79.68	79.49	79.81	79.49	0.25%
Oct 07, 2012	79.48	79.42	79.51	79.42	0.08%
Oct 05, 2012	79.42	79.47	79.53	79.18	-0.01%
Oct 04, 2012	79.43	79.93	80.00	79.35	-0.75%
Oct 03, 2012	80.03	79.87	80.09	79.80	0.26%
Oct 02, 2012	79.83	79.89	79.93	79.56	-0.09%
Oct 01, 2012	79.90	80.22	80.25	79.67	-0.41%
Sep 30, 2012	80.23	80.03	80.24	80.03	0.31%
Sep 28, 2012	79.98	79.63	80.08	79.42	0.46%
Sep 27, 2012	79.62	79.84	80.00	79.55	-0.34%
Sep 26, 2012	79.89	79.73	80.08	79.67	0.20%
Sep 25, 2012	79.73	79.55	79.76	79.38	0.19%
Sep 24, 2012	79.58	79.51	79.83	79.45	0.09%
Sep 23, 2012	79.50	79.44	79.51	79.43	0.08%
Sep 21, 2012	79.44	79.46	79.52	79.11	-0.07%
Sep 20, 2012	79.50	79.15	79.75	79.14	0.41%
Sep 19, 2012	79.17	79.28	79.49	79.07	-0.12%
Sep 18, 2012	79.27	79.08	79.36	79.04	0.27%
Sep 17, 2012	79.06	79.02	79.17	78.84	0.06%
Sep 16, 2012	79.01	78.97	79.03	78.95	0.04%
Sep 14, 2012	78.98	79.39	79.41	78.73	-0.50%
Sep 13, 2012	79.38	79.86	79.94	79.30	-0.62%
Sep 12, 2012	79.88	80.02	80.15	79.65	-0.16%
Sep 11, 2012	80.00	80.56	80.57	79.94	-0.72%
Sep 10, 2012	80.58	80.43	80.61	80.39	0.19%
Sep 09, 2012	80.43	80.35	80.44	80.35	0.35%
Sep 07, 2012	80.15	81.13	81.14	80.14	-1.17%
Sep 06, 2012	81.10	81.24	81.45	81.03	-0.17%
Sep 05, 2012	81.23	81.50	81.67	81.12	-0.14%
Sep 04, 2012	81.35	81.24	81.39	81.05	0.22%
Sep 03, 2012	81.17	81.26	81.33	81.12	-0.10%
Sep 02, 2012	81.26	81.22	81.29	81.22	0.08%
Aug 31, 2012	81.20	81.69	81.74	80.97	-0.64%
Aug 30, 2012	81.72	81.58	81.78	81.41	0.20%
Aug 29, 2012	81.56	81.37	81.60	81.35	0.24%
Aug 28, 2012	81.36	81.69	81.84	81.28	-0.41%
Aug 27, 2012	81.70	81.67	81.72	81.50	0.03%
Aug 26, 2012	81.68	81.63	81.69	81.56	0.06%
Aug 24, 2012	81.63	81.39	81.74	81.36	0.32%
Aug 23, 2012	81.38	81.49	81.53	81.22	-0.19%
Aug 22, 2012	81.53	81.89	82.14	81.47	-0.46%
Aug 21, 2012	81.90	82.48	82.51	81.81	-0.74%
Aug 20, 2012	82.52	82.61	82.77	82.44	-0.12%
Aug 19, 2012	82.61	82.58	82.63	82.56	0.01%
Aug 17, 2012	82.61	82.44	82.83	82.38	0.18%
Aug 16, 2012	82.46	82.72	82.95	82.38	-0.31%
Aug 15, 2012	82.72	82.58	82.84	82.50	0.17%
Aug 14, 2012	82.58	82.53	82.61	82.26	0.10%
Aug 13, 2012	82.50	82.71	82.77	82.28	-0.26%
Aug 12, 2012	82.71	82.65	82.71	82.62	0.10%
Aug 10, 2012	82.62	82.71	82.94	82.50	-0.03%
Aug 09, 2012	82.65	82.35	82.86	82.27	0.33%
Aug 08, 2012	82.38	82.39	82.56	82.30	0.08%
Aug 07, 2012	82.31	82.34	82.43	82.06	0.05%
Aug 06, 2012	82.27	82.22	82.62	82.13	0.06%
Aug 05, 2012	82.22	82.39	82.42	82.14	-0.23%
Aug 03, 2012	82.41	83.42	83.47	82.36	-1.21%
Aug 02, 2012	83.42	83.16	83.61	82.24	0.24%
Aug 01, 2012	83.22	82.77	83.27	82.54	0.60%
Jul 31, 2012	82.72	82.85	82.94	82.56	-0.17%
Jul 30, 2012	82.86	82.78	83.04	82.75	0.10%
Jul 29, 2012	82.78	82.77	82.80	82.74	0.13%
Jul 27, 2012	82.67	82.94	83.06	82.40	-0.27%
Jul 26, 2012	82.90	83.76	83.85	82.66	-0.92%
Jul 25, 2012	83.67	84.14	84.18	83.62	-0.58%
Jul 24, 2012	84.16	83.83	84.24	83.75	0.35%
Jul 23, 2012	83.86	83.75	84.14	83.72	0.14%
Jul 22, 2012	83.75	83.77	83.81	83.72	0.16%
Jul 20, 2012	83.61	83.02	83.66	82.97	0.77%
Jul 19, 2012	82.97	83.11	83.25	82.81	-0.14%
Jul 18, 2012	83.09	83.12	83.47	83.05	-0.03%
Jul 17, 2012	83.11	83.26	83.69	83.03	-0.14%
Jul 16, 2012	83.23	83.41	83.77	83.14	-0.21%
Jul 15, 2012	83.41	83.42	83.42	83.34	-0.03%
Jul 13, 2012	83.43	83.87	83.93	83.38	-0.43%
Jul 12, 2012	83.80	83.59	83.98	83.59	0.19%
Jul 11, 2012	83.64	83.53	83.75	83.25	0.10%
Jul 10, 2012	83.55	83.30	83.64	83.14	0.28%
Jul 09, 2012	83.32	83.54	83.57	83.27	-0.27%
Jul 08, 2012	83.54	83.58	83.63	83.51	0.08%
Jul 06, 2012	83.47	82.92	83.61	82.89	0.64%
Jul 05, 2012	82.94	82.36	83.08	82.18	0.87%
Jul 04, 2012	82.23	81.91	82.37	81.89	0.43%
Jul 03, 2012	81.88	82.01	82.14	81.81	-0.16%
Jul 02, 2012	82.01	81.78	82.09	81.66	0.28%
Jul 01, 2012	81.78	81.72	81.81	81.70	0.09%
Jun 29, 2012	81.71	82.88	82.91	81.56	-1.41%
Jun 28, 2012	82.88	82.74	83.07	82.41	0.15%
Jun 27, 2012	82.75	82.58	82.90	82.47	0.27%
Jun 26, 2012	82.53	82.64	82.86	82.42	-0.11%
Jun 25, 2012	82.62	82.56	82.83	82.49	0.06%
Jun 24, 2012	82.57	82.47	82.58	82.45	0.20%
Jun 22, 2012	82.41	82.48	82.67	82.34	-0.19%
Jun 21, 2012	82.56	81.68	82.61	81.66	1.23%
Jun 20, 2012	81.56	81.66	81.95	81.42	-0.06%
Jun 19, 2012	81.61	82.09	82.28	81.39	-0.72%
Jun 18, 2012	82.20	81.66	82.36	81.57	0.67%
Jun 17, 2012	81.66	81.48	81.67	81.47	-0.17%
Jun 15, 2012	81.80	82.22	82.30	81.72	-0.42%
Jun 14, 2012	82.14	82.58	82.75	82.13	-0.65%
Jun 13, 2012	82.68	82.89	83.05	82.36	-0.21%
Jun 12, 2012	82.86	83.06	83.20	82.80	-0.25%
Jun 11, 2012	83.06	82.27	83.08	82.23	0.97%
Jun 10, 2012	82.27	82.30	82.31	82.09	-0.26%
Jun 08, 2012	82.48	82.28	82.94	82.26	0.20%
Jun 07, 2012	82.31	82.25	82.45	81.97	0.16%
Jun 06, 2012	82.19	82.81	82.90	82.17	-0.81%
Jun 05, 2012	82.86	82.47	83.03	82.39	0.31%
Jun 04, 2012	82.60	83.08	83.15	82.55	-0.57%
Jun 03, 2012	83.08	82.87	83.10	82.86	0.20%
Jun 01, 2012	82.91	83.20	83.65	82.71	-0.29%
May 31, 2012	83.15	83.11	83.30	82.81	-0.02%
May 30, 2012	83.17	82.61	83.18	82.57	0.82%
May 29, 2012	82.49	82.42	82.70	82.13	0.18%
May 28, 2012	82.34	82.22	82.38	81.89	0.16%
May 27, 2012	82.21	82.25	82.27	82.16	-0.37%
May 25, 2012	82.52	82.44	82.60	82.13	0.11%
May 24, 2012	82.43	82.28	82.54	82.00	0.29%
May 23, 2012	82.20	81.91	82.36	81.72	0.47%
May 22, 2012	81.81	81.11	81.94	81.09	0.91%
May 21, 2012	81.07	81.28	81.56	81.03	-0.26%
May 20, 2012	81.29	81.28	81.39	81.27	0.07%
May 18, 2012	81.23	81.65	81.93	81.16	-0.51%
May 17, 2012	81.64	81.51	81.83	81.40	0.07%
May 16, 2012	81.59	81.41	81.75	81.35	0.22%
May 15, 2012	81.41	80.81	81.45	80.63	0.69%
May 14, 2012	80.86	80.53	80.86	80.50	0.41%
May 13, 2012	80.52	80.58	80.59	80.50	0.13%
May 11, 2012	80.42	80.34	80.48	80.21	0.13%
May 10, 2012	80.31	80.28	80.34	80.09	0.02%
May 09, 2012	80.30	80.01	80.42	79.97	0.44%
May 08, 2012	79.94	79.67	80.08	79.66	0.31%
May 07, 2012	79.69	80.13	80.13	79.63	-0.54%
May 06, 2012	80.13	79.83	80.13	79.83	0.66%
May 04, 2012	79.60	79.26	79.61	79.15	0.41%
May 03, 2012	79.27	79.26	79.52	79.16	0.09%
May 02, 2012	79.20	78.90	79.40	78.89	0.37%
May 01, 2012	78.91	78.88	79.05	78.66	0.07%
Apr 30, 2012	78.85	78.83	78.96	78.69	0.03%
Apr 29, 2012	78.83	78.80	78.84	78.79	0.06%
Apr 27, 2012	78.78	79.22	79.33	78.72	-0.36%
Apr 26, 2012	79.06	79.09	79.17	78.91	-0.12%
Apr 25, 2012	79.16	79.29	79.42	79.08	-0.16%
Apr 24, 2012	79.28	79.50	79.53	79.19	-0.23%
Apr 23, 2012	79.47	79.33	79.77	79.31	0.18%
Apr 22, 2012	79.33	79.38	79.40	79.33	0.07%
Apr 20, 2012	79.28	79.67	79.75	79.22	-0.53%
Apr 19, 2012	79.70	79.73	79.98	79.51	0.01%
Apr 18, 2012	79.69	79.69	80.02	79.64	-0.02%
Apr 17, 2012	79.71	79.77	79.94	79.56	-0.00%
Apr 16, 2012	79.71	80.17	80.34	79.67	-0.58%
Apr 15, 2012	80.18	80.08	80.19	80.05	0.17%
Apr 13, 2012	80.04	79.50	80.08	79.45	0.70%
Apr 12, 2012	79.49	79.91	79.95	79.37	-0.56%
Apr 11, 2012	79.94	80.11	80.15	79.71	-0.16%
Apr 10, 2012	80.06	79.96	80.23	79.78	0.13%
Apr 09, 2012	79.96	80.05	80.31	79.84	-0.12%
Apr 08, 2012	80.06	80.03	80.15	80.01	-0.05%
Apr 06, 2012	80.09	80.25	80.32	79.94	-0.21%
Apr 05, 2012	80.26	79.91	80.36	79.79	0.43%
Apr 04, 2012	79.92	79.58	80.10	79.54	0.50%
Apr 03, 2012	79.53	78.91	79.65	78.80	0.66%
Apr 02, 2012	79.01	79.04	79.28	78.92	-0.04%
Apr 01, 2012	79.04	79.06	79.06	78.95	-0.09%
Mar 30, 2012	79.11	79.22	79.22	78.87	-0.21%
Mar 29, 2012	79.28	79.28	79.53	79.12	-0.06%
Mar 28, 2012	79.33	79.28	79.51	79.05	-0.01%
Mar 27, 2012	79.34	79.13	79.34	78.94	0.31%
Mar 26, 2012	79.09	79.49	79.94	79.06	-0.51%
Mar 25, 2012	79.50	79.53	79.55	79.47	-0.03%
Mar 23, 2012	79.53	79.89	80.01	79.43	-0.47%
Mar 22, 2012	79.90	79.79	80.19	79.65	0.11%
Mar 21, 2012	79.81	79.79	80.06	79.54	-0.03%
Mar 20, 2012	79.84	79.76	80.10	79.67	0.18%
Mar 19, 2012	79.70	80.08	80.19	79.61	-0.46%
Mar 18, 2012	80.07	80.03	80.09	80.02	-0.01%
Mar 16, 2012	80.08	80.62	80.76	79.95	-0.63%
Mar 15, 2012	80.59	81.04	81.16	80.38	-0.46%
Mar 14, 2012	80.96	80.59	81.06	80.57	0.45%
Mar 13, 2012	80.60	80.22	80.80	80.11	0.38%
Mar 12, 2012	80.30	80.37	80.58	80.27	-0.09%
Mar 11, 2012	80.36	80.44	80.46	80.34	0.44%
Mar 09, 2012	80.01	79.24	80.09	79.20	1.06%
Mar 08, 2012	79.17	79.80	79.81	79.10	-0.71%
Mar 07, 2012	79.73	79.82	79.97	79.65	-0.21%
Mar 06, 2012	79.90	79.37	79.93	79.35	0.61%
Mar 05, 2012	79.41	79.51	79.64	79.29	-0.14%
Mar 04, 2012	79.52	79.51	79.53	79.43	0.05%
Mar 02, 2012	79.48	78.83	79.52	78.79	0.81%
Mar 01, 2012	78.84	78.80	78.99	78.69	-0.03%
Feb 29, 2012	78.86	78.23	78.93	78.12	0.75%
Feb 28, 2012	78.28	78.56	78.64	78.23	-0.43%
Feb 27, 2012	78.61	78.43	78.72	78.40	0.24%
Feb 26, 2012	78.42	78.45	78.48	78.40	-0.06%
Feb 24, 2012	78.47	78.70	78.82	78.26	-0.28%
Feb 23, 2012	78.69	79.36	79.37	78.66	-0.75%
Feb 22, 2012	79.28	79.20	79.47	79.08	0.11%
Feb 21, 2012	79.19	79.19	79.36	78.89	0.12%
Feb 20, 2012	79.10	79.19	79.33	78.91	-0.11%
Feb 19, 2012	79.19	79.26	79.28	79.13	-0.41%
Feb 17, 2012	79.51	79.50	79.59	79.26	0.02%
Feb 16, 2012	79.50	79.87	80.24	79.38	-0.34%
Feb 15, 2012	79.77	79.56	79.86	79.20	0.36%
Feb 14, 2012	79.48	79.19	79.76	79.03	0.46%
Feb 13, 2012	79.12	78.94	79.12	78.71	0.22%
Feb 12, 2012	78.94	78.93	79.01	78.83	-0.21%
Feb 10, 2012	79.11	78.67	79.31	78.67	0.54%
Feb 09, 2012	78.68	78.82	78.88	78.44	-0.01%
Feb 08, 2012	78.69	78.67	78.86	78.51	0.11%
Feb 07, 2012	78.60	79.19	79.37	78.57	-0.69%
Feb 06, 2012	79.15	79.16	79.64	79.10	-0.02%
Feb 05, 2012	79.17	79.17	79.22	79.14	0.15%
Feb 03, 2012	79.05	79.14	79.48	78.86	-0.05%
Feb 02, 2012	79.09	78.89	79.31	78.84	0.09%
Feb 01, 2012	79.02	79.43	79.66	78.74	-0.50%
Jan 31, 2012	79.42	79.12	79.63	78.86	0.27%
Jan 30, 2012	79.20	79.02	79.57	79.00	0.24%
Jan 29, 2012	79.02	78.98	79.03	78.96	0.09%
Jan 27, 2012	78.94	79.62	79.63	78.89	-0.71%
Jan 26, 2012	79.51	79.65	79.66	79.20	-0.13%
Jan 25, 2012	79.61	80.00	80.50	79.52	-0.40%
Jan 24, 2012	79.94	79.91	80.34	79.78	-0.02%
Jan 23, 2012	79.95	80.55	80.58	79.76	-0.68%
Jan 22, 2012	80.50	80.55	80.57	80.50	0.14%
Jan 20, 2012	80.39	80.29	80.63	80.19	0.19%
Jan 19, 2012	80.23	80.73	80.80	80.23	-0.55%
Jan 18, 2012	80.67	81.27	81.37	80.67	-0.90%
Jan 17, 2012	81.40	81.65	81.68	81.02	-0.22%
Jan 16, 2012	81.58	81.86	81.97	81.58	-0.34%
Jan 15, 2012	81.86	81.89	81.92	81.83	0.12%
Jan 13, 2012	81.77	81.08	82.05	80.77	0.85%
Jan 12, 2012	81.08	81.55	81.64	80.95	-0.71%
Jan 11, 2012	81.66	81.30	81.78	81.10	0.64%
Jan 10, 2012	81.14	81.28	81.40	81.02	-0.14%
Jan 09, 2012	81.25	81.79	81.82	81.25	-0.66%
Jan 08, 2012	81.79	81.68	81.85	81.68	0.25%
Jan 06, 2012	81.59	81.23	81.72	81.06	0.31%
Jan 05, 2012	81.34	80.44	81.34	80.38	1.18%
Jan 04, 2012	80.39	79.97	80.64	79.85	0.55%
Jan 03, 2012	79.95	80.07	80.22	79.83	-0.78%
Jan 02, 2012	80.58	80.58	80.58	80.58	-0.05%
Dec 30, 2011	80.62	80.85	81.03	80.37	-0.19%
Dec 29, 2011	80.77	81.09	81.30	80.77	-0.15%
Dec 28, 2011	80.90	80.14	81.02	80.06	0.99%
Dec 27, 2011	80.11	80.10	80.23	80.06	-0.26%
Dec 26, 2011	80.32	80.32	80.32	80.32	0.00%
Dec 25, 2011	80.32	80.32	80.32	80.32	0.08%
Dec 23, 2011	80.25	80.22	80.38	80.06	-0.00%
Dec 22, 2011	80.26	80.37	80.50	79.95	-0.06%
Dec 21, 2011	80.31	80.10	80.44	79.60	0.03%
Dec 20, 2011	80.28	80.89	80.94	80.03	-0.80%
Dec 19, 2011	80.93	80.75	81.06	80.68	0.26%
Dec 18, 2011	80.72	80.83	80.83	80.72	-0.04%
Dec 16, 2011	80.75	80.82	81.02	80.59	-0.32%
Dec 15, 2011	81.02	81.19	81.31	80.78	-0.32%
Dec 14, 2011	81.28	80.95	81.41	80.79	0.36%
Dec 13, 2011	80.99	80.25	81.11	80.00	0.95%
Dec 12, 2011	80.23	79.19	80.36	79.18	1.17%
Dec 11, 2011	79.30	79.14	79.30	79.14	0.71%
Dec 09, 2011	78.74	78.88	79.19	78.48	-0.14%
Dec 08, 2011	78.85	78.50	79.09	78.15	0.52%
Dec 07, 2011	78.44	78.56	78.81	78.36	-0.10%
Dec 06, 2011	78.53	78.67	78.98	78.53	-0.31%
Dec 05, 2011	78.77	78.67	78.78	78.27	0.13%
Dec 04, 2011	78.67	78.71	78.71	78.62	-0.12%
Dec 02, 2011	78.76	78.31	78.88	78.07	0.47%
Dec 01, 2011	78.39	78.47	78.64	78.15	-0.15%
Nov 30, 2011	78.50	79.17	79.52	78.02	-0.83%
Nov 29, 2011	79.17	79.47	79.53	78.69	-0.33%
Nov 28, 2011	79.43	79.39	79.58	78.94	0.04%
Nov 27, 2011	79.39	79.44	79.44	79.33	-0.45%
Nov 25, 2011	79.75	79.38	79.88	79.33	0.64%
Nov 24, 2011	79.25	79.18	79.36	78.92	-0.04%
Nov 23, 2011	79.28	78.34	79.39	78.33	1.11%
Nov 22, 2011	78.40	78.47	78.61	78.17	-0.06%
Nov 21, 2011	78.45	78.16	78.70	78.14	0.37%
Nov 20, 2011	78.16	78.20	78.29	78.16	-0.06%
Nov 18, 2011	78.20	78.53	78.56	77.73	-0.38%
Nov 17, 2011	78.50	78.60	78.69	78.14	0.11%
Nov 16, 2011	78.42	78.19	78.60	78.03	0.45%
Nov 15, 2011	78.06	77.66	78.31	77.62	0.44%
Nov 14, 2011	77.72	76.95	77.84	76.94	0.98%
Nov 13, 2011	76.96	76.97	77.01	76.93	-0.25%
Nov 11, 2011	77.16	77.90	77.96	76.92	-0.92%
Nov 10, 2011	77.87	78.19	78.42	77.64	-0.32%
Nov 09, 2011	78.12	76.76	78.24	76.67	1.68%
Nov 08, 2011	76.83	77.21	77.36	76.72	-0.37%
Nov 07, 2011	77.12	77.11	77.59	77.00	-0.06%
Nov 06, 2011	77.17	77.03	77.17	76.97	0.03%
Nov 04, 2011	77.14	76.89	77.50	76.78	0.35%
Nov 03, 2011	76.87	77.51	77.67	76.75	-0.47%
Nov 02, 2011	77.23	77.63	77.64	76.86	-0.33%
Nov 01, 2011	77.49	76.64	77.83	76.59	1.17%
Oct 31, 2011	76.60	75.27	76.71	75.12	1.77%
Oct 30, 2011	75.27	75.17	75.27	75.14	0.11%
Oct 28, 2011	75.19	75.06	75.30	75.03	0.13%
Oct 27, 2011	75.09	76.47	76.47	74.86	-1.67%
Oct 26, 2011	76.37	76.47	76.86	76.08	-0.06%
Oct 25, 2011	76.41	76.36	76.64	76.14	0.13%
Oct 24, 2011	76.31	76.67	76.77	76.19	-0.50%
Oct 23, 2011	76.69	76.63	76.75	76.59	0.29%
Oct 21, 2011	76.47	77.17	77.51	76.47	-0.94%
Oct 20, 2011	77.20	77.35	77.79	76.97	-0.23%
Oct 19, 2011	77.37	77.44	77.49	76.82	0.11%
Oct 18, 2011	77.28	77.45	77.85	77.05	-0.32%
Oct 17, 2011	77.53	76.91	77.53	76.69	0.81%
Oct 16, 2011	76.91	76.85	76.94	76.84	-0.00%
Oct 14, 2011	76.92	77.44	77.58	76.80	-0.44%
Oct 13, 2011	77.26	77.32	77.74	77.10	0.02%
Oct 12, 2011	77.25	78.01	78.25	77.13	-0.85%
Oct 11, 2011	77.91	77.97	78.28	77.78	0.00%
Oct 10, 2011	77.91	79.08	79.10	77.67	-1.47%
Oct 09, 2011	79.07	79.13	79.19	79.07	-0.08%
Oct 07, 2011	79.13	79.05	79.25	78.45	0.24%
Oct 06, 2011	78.94	79.44	79.98	78.94	-0.58%
Oct 05, 2011	79.40	79.63	79.88	79.28	-0.19%
Oct 04, 2011	79.55	80.11	80.43	79.39	-0.83%
Oct 03, 2011	80.22	79.45	80.22	79.30	0.96%
Oct 02, 2011	79.45	79.53	79.53	79.39	0.17%
Sep 30, 2011	79.31	78.45	79.31	78.36	1.03%
Sep 29, 2011	78.51	78.72	78.74	78.02	-0.18%
Sep 28, 2011	78.64	78.32	78.66	77.83	0.44%
Sep 27, 2011	78.30	78.84	79.00	77.94	-0.51%
Sep 26, 2011	78.70	78.88	79.65	78.69	-0.24%
Sep 25, 2011	78.90	78.98	78.99	78.73	-0.09%
Sep 23, 2011	78.97	78.89	79.33	78.58	-0.16%
Sep 22, 2011	79.09	78.38	79.39	78.33	0.81%
Sep 21, 2011	78.46	77.46	78.46	77.24	1.14%
Sep 20, 2011	77.57	77.85	77.96	77.33	0.06%
Sep 19, 2011	77.53	77.60	78.06	77.41	-0.09%
Sep 18, 2011	77.60	77.65	77.67	77.46	0.68%
Sep 16, 2011	77.07	76.82	77.30	76.81	0.30%
Sep 15, 2011	76.84	77.39	77.60	76.59	-0.63%
Sep 14, 2011	77.33	77.59	78.05	77.21	-0.39%
Sep 13, 2011	77.63	78.00	78.20	77.38	-0.16%
Sep 12, 2011	77.75	78.00	78.29	77.64	-0.32%
Sep 11, 2011	78.00	78.03	78.07	77.84	0.98%
Sep 09, 2011	77.25	76.34	77.38	76.14	1.25%
Sep 08, 2011	76.29	75.58	76.40	75.57	0.98%
Sep 07, 2011	75.55	75.95	75.96	75.32	-0.59%
Sep 06, 2011	76.00	75.38	76.11	74.69	0.93%
Sep 05, 2011	75.30	75.03	75.41	74.93	0.28%
Sep 04, 2011	75.09	74.93	75.09	74.93	0.47%
Sep 02, 2011	74.74	74.59	74.85	74.37	0.23%
Sep 01, 2011	74.56	74.23	74.79	74.20	0.43%
Aug 31, 2011	74.24	74.05	74.24	73.89	0.30%
Aug 30, 2011	74.02	73.75	74.25	73.68	0.30%
Aug 29, 2011	73.80	73.85	73.91	73.57	-0.07%
Aug 28, 2011	73.86	73.81	73.88	73.78	0.12%
Aug 26, 2011	73.77	74.28	74.55	73.77	-0.83%
Aug 25, 2011	74.39	74.13	74.50	73.89	0.29%
Aug 24, 2011	74.17	73.90	74.17	73.72	0.26%
Aug 23, 2011	73.98	74.25	74.25	73.63	-0.37%
Aug 22, 2011	74.25	74.22	74.25	73.88	0.02%
Aug 21, 2011	74.24	74.14	74.24	74.14	0.28%
Aug 19, 2011	74.03	74.46	74.57	73.69	-0.37%
Aug 18, 2011	74.31	73.86	74.54	73.81	0.76%
Aug 17, 2011	73.75	74.15	74.31	73.52	-0.47%
Aug 16, 2011	74.09	73.99	74.27	73.85	0.18%
Aug 15, 2011	73.96	74.64	74.74	73.85	-0.91%
Aug 14, 2011	74.64	74.66	74.69	74.62	-0.16%
Aug 12, 2011	74.77	74.81	75.06	74.50	0.05%
Aug 11, 2011	74.73	75.02	75.22	74.45	-0.10%
Aug 10, 2011	74.81	74.14	74.92	73.91	1.10%
Aug 09, 2011	74.00	75.01	75.10	74.00	-1.33%
Aug 08, 2011	74.99	74.62	75.22	74.15	0.50%
Aug 07, 2011	74.62	74.42	74.72	74.33	-0.06%
Aug 05, 2011	74.67	75.59	75.64	74.67	-1.16%
Aug 04, 2011	75.55	74.09	75.55	74.02	1.80%
Aug 03, 2011	74.21	74.73	74.86	74.09	-0.49%
Aug 02, 2011	74.58	74.48	74.91	74.34	0.09%
Aug 01, 2011	74.51	74.11	74.74	73.75	0.54%
Jul 31, 2011	74.11	74.15	74.16	74.04	0.18%
Jul 29, 2011	73.98	74.34	74.69	73.86	-0.50%
Jul 28, 2011	74.35	74.29	74.58	74.05	0.11%
Jul 27, 2011	74.27	73.70	74.39	73.59	0.90%
Jul 26, 2011	73.61	74.31	74.39	73.61	-0.92%
Jul 25, 2011	74.29	74.41	74.51	74.17	-0.16%
Jul 24, 2011	74.41	74.23	74.41	74.23	-0.10%
Jul 22, 2011	74.48	74.25	74.60	74.15	0.48%
Jul 21, 2011	74.13	74.95	75.37	74.13	-1.34%
Jul 20, 2011	75.14	75.39	75.52	75.02	-0.53%
Jul 19, 2011	75.54	75.62	75.81	75.19	-0.15%
Jul 18, 2011	75.65	75.52	76.11	75.52	0.11%
Jul 17, 2011	75.56	75.51	75.56	75.48	0.21%
Jul 15, 2011	75.41	75.43	75.75	75.30	-0.16%
Jul 14, 2011	75.53	75.05	75.64	75.04	-0.09%
Jul 13, 2011	75.60	76.38	76.47	75.37	-1.12%
Jul 12, 2011	76.45	76.39	77.17	76.09	0.02%
Jul 11, 2011	76.44	75.64	76.55	75.58	1.04%
Jul 10, 2011	75.65	75.58	75.68	75.54	0.17%
Jul 08, 2011	75.52	75.20	75.72	75.14	0.34%
Jul 07, 2011	75.26	75.28	75.75	75.15	-0.20%
Jul 06, 2011	75.41	74.92	75.53	74.77	0.64%
Jul 05, 2011	74.93	74.54	75.05	74.54	0.47%
Jul 04, 2011	74.58	74.47	74.69	74.44	0.15%
Jul 03, 2011	74.47	74.56	74.58	74.41	-0.16%
Jul 01, 2011	74.59	74.83	75.05	74.51	-0.08%
Jun 30, 2011	74.65	74.90	74.91	74.54	-0.47%
Jun 29, 2011	75.00	75.48	75.55	75.00	-0.65%
Jun 28, 2011	75.50	75.64	75.96	75.26	-0.43%
Jun 27, 2011	75.82	76.25	76.58	75.71	-0.56%
Jun 26, 2011	76.25	76.17	76.31	76.13	0.13%
Jun 24, 2011	76.15	75.69	76.28	75.48	0.49%
Jun 23, 2011	75.78	75.35	76.25	75.35	0.75%
Jun 22, 2011	75.21	75.11	75.31	74.87	0.38%
Jun 21, 2011	74.92	75.25	75.45	74.92	-0.73%
Jun 20, 2011	75.48	75.67	75.95	75.36	-0.26%
Jun 19, 2011	75.67	75.59	75.67	75.53	0.26%
Jun 17, 2011	75.48	75.90	76.25	75.36	-0.51%
Jun 16, 2011	75.86	75.96	76.50	75.86	-0.20%
Jun 15, 2011	76.02	74.83	76.14	74.82	1.75%
Jun 14, 2011	74.71	74.87	75.00	74.59	-0.15%
Jun 13, 2011	74.82	75.28	75.37	74.82	-0.60%
Jun 12, 2011	75.27	75.26	75.34	75.26	0.06%
Jun 10, 2011	75.23	74.55	75.34	74.44	0.88%
Jun 09, 2011	74.57	74.26	74.68	74.05	0.28%
Jun 08, 2011	74.36	73.95	74.36	73.92	0.65%
Jun 07, 2011	73.88	74.33	74.45	73.88	-0.78%
Jun 06, 2011	74.46	74.08	74.46	74.08	0.50%
Jun 05, 2011	74.08	74.18	74.19	74.07	0.49%
Jun 03, 2011	73.73	74.36	74.50	73.73	-0.88%
Jun 02, 2011	74.38	74.86	74.95	74.27	-0.76%
Jun 01, 2011	74.95	74.52	74.95	74.35	0.28%
May 31, 2011	74.75	74.81	74.84	74.51	-0.32%
May 30, 2011	74.98	74.97	75.10	74.89	-0.02%
May 29, 2011	75.00	74.92	75.00	74.90	-0.02%
May 27, 2011	75.01	75.61	75.67	74.90	-0.86%
May 26, 2011	75.66	76.08	76.08	75.42	-0.38%
May 25, 2011	75.95	76.10	76.40	75.84	-0.16%
May 24, 2011	76.07	76.45	76.45	75.96	-0.30%
May 23, 2011	76.31	75.93	76.54	75.87	0.40%
May 22, 2011	76.00	75.87	76.00	75.83	0.27%
May 20, 2011	75.80	75.19	75.92	75.09	0.80%
May 19, 2011	75.19	75.50	75.71	75.19	-0.55%
May 18, 2011	75.61	75.41	75.74	75.24	0.19%
May 17, 2011	75.47	75.83	76.01	75.47	-0.38%
May 16, 2011	75.76	76.06	76.19	75.41	-0.40%
May 15, 2011	76.06	76.06	76.10	76.00	0.19%
May 13, 2011	75.91	75.42	76.14	74.94	0.78%
May 12, 2011	75.32	75.48	75.83	75.21	-0.24%
May 11, 2011	75.50	74.75	75.62	74.53	1.10%
May 10, 2011	74.68	74.78	75.17	74.68	-0.13%
May 09, 2011	74.78	74.90	75.36	74.61	-0.17%
May 08, 2011	74.91	74.98	75.07	74.86	-0.21%
May 06, 2011	75.06	74.25	75.17	74.11	1.01%
May 05, 2011	74.31	73.28	74.42	72.98	1.35%
May 04, 2011	73.32	73.26	73.47	72.86	0.12%
May 03, 2011	73.23	73.32	73.49	73.01	-0.01%
May 02, 2011	73.24	73.21	73.47	72.90	0.06%
May 01, 2011	73.19	73.15	73.34	73.09	0.10%
Apr 29, 2011	73.12	73.25	73.38	73.02	-0.21%
Apr 28, 2011	73.28	73.50	73.50	73.05	-0.22%
Apr 27, 2011	73.44	73.70	74.17	73.44	-0.82%
Apr 26, 2011	74.05	74.29	74.53	73.94	-0.25%
Apr 25, 2011	74.23	74.17	74.47	74.01	0.08%
Apr 24, 2011	74.17	74.25	74.31	74.17	-0.15%
Apr 22, 2011	74.28	74.28	74.28	74.28	0.01%
Apr 21, 2011	74.28	74.54	74.54	73.94	-0.40%
Apr 20, 2011	74.57	75.19	75.22	74.46	-0.84%
Apr 19, 2011	75.20	75.68	75.84	75.20	-0.66%
Apr 18, 2011	75.70	75.14	76.05	75.12	0.73%
Apr 17, 2011	75.16	75.08	75.16	75.05	0.09%
Apr 15, 2011	75.09	74.87	75.22	74.83	0.25%
Apr 14, 2011	74.90	75.16	75.37	74.83	-0.43%
Apr 13, 2011	75.22	75.07	75.34	74.95	0.24%
Apr 12, 2011	75.04	75.26	75.46	74.93	-0.35%
Apr 11, 2011	75.31	75.13	75.31	75.10	0.23%
Apr 10, 2011	75.13	75.17	75.22	75.11	0.09%
Apr 08, 2011	75.06	75.81	75.83	75.06	-0.99%
Apr 07, 2011	75.81	75.80	76.05	75.75	0.16%
Apr 06, 2011	75.69	76.10	76.12	75.69	-0.56%
Apr 05, 2011	76.12	76.24	76.40	76.00	-0.01%
Apr 04, 2011	76.12	76.08	76.24	75.93	0.09%
Apr 03, 2011	76.05	76.14	76.15	76.05	-0.13%
Apr 01, 2011	76.15	76.31	76.87	76.03	-0.15%
Mar 31, 2011	76.27	76.36	76.41	75.89	-0.13%
Mar 30, 2011	76.37	76.37	76.67	76.25	-0.12%
Mar 29, 2011	76.46	76.50	76.69	76.17	0.07%
Mar 28, 2011	76.41	76.62	76.69	76.30	-0.34%
Mar 27, 2011	76.67	76.53	76.67	76.53	0.29%
Mar 25, 2011	76.44	75.95	76.56	75.84	0.68%
Mar 24, 2011	75.93	76.10	76.31	75.70	-0.34%
Mar 23, 2011	76.19	75.84	76.19	75.67	0.66%
Mar 22, 2011	75.69	75.71	75.80	75.51	0.13%
Mar 21, 2011	75.59	75.92	76.00	75.59	-0.42%
Mar 20, 2011	75.91	75.89	75.92	75.84	0.16%
Mar 18, 2011	75.80	76.29	76.76	75.80	-0.62%
Mar 17, 2011	76.27	76.91	76.98	76.15	-0.81%
Mar 16, 2011	76.89	76.74	77.14	76.64	0.39%
Mar 15, 2011	76.59	76.66	77.39	76.59	0.01%
Mar 14, 2011	76.58	76.83	77.03	76.58	-0.33%
Mar 13, 2011	76.83	76.77	76.86	76.53	-0.12%
Mar 11, 2011	76.92	77.45	77.67	76.92	-0.91%
Mar 10, 2011	77.63	76.69	77.63	76.65	1.11%
Mar 09, 2011	76.78	76.91	76.97	76.54	0.03%
Mar 08, 2011	76.76	76.51	76.99	76.43	0.25%
Mar 07, 2011	76.57	76.39	76.57	76.14	0.22%
Mar 06, 2011	76.40	76.36	76.41	76.35	-0.00%
Mar 04, 2011	76.40	76.50	76.64	76.29	-0.14%
Mar 03, 2011	76.51	76.71	76.87	76.39	-0.19%
Mar 02, 2011	76.66	77.08	77.21	76.54	-0.61%
Mar 01, 2011	77.13	76.84	77.13	76.77	0.29%
Feb 28, 2011	76.90	77.33	77.42	76.78	-0.57%
Feb 27, 2011	77.34	77.28	77.35	77.28	0.00%
Feb 25, 2011	77.34	77.11	77.46	76.97	0.25%
Feb 24, 2011	77.15	77.28	77.52	77.03	-0.34%
Feb 23, 2011	77.41	77.70	77.75	77.30	-0.59%
Feb 22, 2011	77.87	77.89	78.39	77.64	0.16%
Feb 21, 2011	77.75	77.60	77.86	77.60	0.19%
Feb 20, 2011	77.60	77.69	77.69	77.58	-0.12%
Feb 18, 2011	77.69	78.03	78.29	77.57	-0.53%
Feb 17, 2011	78.11	78.26	78.42	77.99	-0.30%
Feb 16, 2011	78.34	78.58	78.87	78.22	-0.38%
Feb 15, 2011	78.64	78.62	78.83	78.39	-0.12%
Feb 14, 2011	78.73	78.64	78.97	78.38	0.11%
Feb 13, 2011	78.65	78.57	78.69	78.57	0.12%
Feb 11, 2011	78.55	78.22	78.79	78.21	0.32%
Feb 10, 2011	78.30	77.77	78.43	77.75	0.77%
Feb 09, 2011	77.70	78.05	78.18	77.58	-0.47%
Feb 08, 2011	78.07	78.14	78.20	77.72	-0.01%
Feb 07, 2011	78.07	78.17	78.44	77.94	-0.18%
Feb 06, 2011	78.21	78.19	78.21	78.17	0.00%
Feb 04, 2011	78.21	77.94	78.33	77.60	0.44%
Feb 03, 2011	77.87	77.22	77.99	77.14	0.88%
Feb 02, 2011	77.19	77.15	77.43	77.00	0.17%
Feb 01, 2011	77.06	77.75	77.79	77.06	-1.07%
Jan 31, 2011	77.90	78.45	78.47	77.66	-0.71%
Jan 30, 2011	78.45	78.39	78.46	78.38	0.19%
Jan 28, 2011	78.31	77.86	78.42	77.73	0.59%
Jan 27, 2011	77.84	77.87	78.27	77.72	0.04%
Jan 26, 2011	77.81	78.15	78.23	77.81	-0.31%
Jan 25, 2011	78.05	78.16	78.57	77.96	-0.18%
Jan 24, 2011	78.19	78.31	78.64	77.95	-0.14%
Jan 23, 2011	78.31	78.26	78.36	78.26	0.07%
Jan 21, 2011	78.25	79.03	79.09	78.25	-0.93%
Jan 20, 2011	78.98	78.89	79.34	78.59	0.34%
Jan 19, 2011	78.72	79.11	79.11	78.47	-0.52%
Jan 18, 2011	79.13	79.63	79.66	78.76	-0.49%
Jan 17, 2011	79.52	79.26	79.77	79.26	0.32%
Jan 16, 2011	79.27	79.31	79.31	79.25	-0.12%
Jan 14, 2011	79.36	79.42	79.61	78.98	-0.12%
Jan 13, 2011	79.45	80.28	80.44	79.21	-0.92%
Jan 12, 2011	80.19	81.06	81.14	80.19	-1.20%
Jan 11, 2011	81.16	81.27	81.44	81.03	0.05%
Jan 10, 2011	81.12	81.47	81.64	81.12	-0.43%
Jan 09, 2011	81.47	81.45	81.48	81.42	0.12%
Jan 07, 2011	81.37	81.13	81.45	80.99	0.21%
Jan 06, 2011	81.20	80.57	81.20	80.46	0.87%
Jan 05, 2011	80.50	79.72	80.63	79.72	1.08%
Jan 04, 2011	79.64	79.51	79.77	79.13	0.21%
Jan 03, 2011	79.48	79.31	79.72	79.23	0.21%
Jan 02, 2011	79.31	79.36	79.41	79.31	0.04%
Dec 31, 2010	79.27	79.74	79.78	79.03	-0.71%
Dec 30, 2010	79.84	79.97	80.03	79.71	-0.36%
Dec 29, 2010	80.12	80.70	80.70	80.00	-0.63%
Dec 28, 2010	80.63	80.25	80.76	79.89	-0.02%
Dec 27, 2010	80.65	80.99	80.99	80.52	-0.46%
Dec 26, 2010	81.02	80.82	81.02	80.82	0.24%
Dec 24, 2010	80.83	80.83	80.83	80.83	0.02%
Dec 23, 2010	80.81	80.97	81.19	80.70	-0.23%
Dec 22, 2010	81.00	80.95	81.13	80.63	-0.07%
Dec 21, 2010	81.06	80.95	81.19	80.58	0.12%
Dec 20, 2010	80.97	80.83	81.09	80.68	0.09%
Dec 19, 2010	80.89	80.77	80.89	80.77	0.18%
Dec 17, 2010	80.75	80.36	81.00	79.91	0.59%
Dec 16, 2010	80.28	80.50	80.75	80.28	-0.27%
Dec 15, 2010	80.49	79.86	80.62	79.78	0.95%
Dec 14, 2010	79.73	79.73	79.86	79.14	0.08%
Dec 13, 2010	79.67	80.59	80.68	79.43	-1.16%
Dec 12, 2010	80.60	80.49	80.60	80.49	0.68%
Dec 10, 2010	80.06	80.11	80.32	79.82	0.02%
Dec 09, 2010	80.04	79.98	80.42	79.69	0.03%
Dec 08, 2010	80.02	79.98	80.43	79.91	-0.12%
Dec 07, 2010	80.12	79.74	80.12	79.22	0.62%
Dec 06, 2010	79.62	79.24	80.00	79.20	0.50%
Dec 05, 2010	79.23	79.26	79.26	79.17	0.18%
Dec 03, 2010	79.09	80.31	80.31	79.09	-1.43%
Dec 02, 2010	80.24	80.81	81.06	80.11	-0.67%
Dec 01, 2010	80.78	81.33	81.44	80.54	-0.76%
Nov 30, 2010	81.40	80.92	81.51	80.74	0.68%
Nov 29, 2010	80.85	80.47	81.22	80.15	0.47%
Nov 28, 2010	80.47	80.30	80.50	80.26	-0.01%
Nov 26, 2010	80.47	79.86	80.60	79.81	1.05%
Nov 25, 2010	79.64	79.88	80.08	79.64	-0.24%
Nov 24, 2010	79.83	79.73	80.08	79.50	0.01%
Nov 23, 2010	79.83	78.88	79.83	78.81	1.65%
Nov 22, 2010	78.53	78.30	78.97	78.06	0.30%
Nov 21, 2010	78.30	78.32	78.43	78.30	-0.34%
Nov 19, 2010	78.57	78.67	78.81	78.25	-0.11%
Nov 18, 2010	78.66	79.02	79.13	78.53	-0.71%
Nov 17, 2010	79.22	79.39	79.50	78.97	-0.14%
Nov 16, 2010	79.33	78.78	79.58	78.53	0.75%
Nov 15, 2010	78.74	78.27	78.86	78.02	0.61%
Nov 14, 2010	78.27	78.30	78.31	78.19	0.05%
Nov 12, 2010	78.23	78.28	78.63	77.84	-0.12%
Nov 11, 2010	78.32	77.78	78.44	77.58	0.63%
Nov 10, 2010	77.83	77.84	78.33	77.65	-0.09%
Nov 09, 2010	77.90	77.39	78.02	76.83	0.94%
Nov 08, 2010	77.17	76.55	77.29	76.52	0.82%
Nov 07, 2010	76.54	76.67	76.69	76.53	-0.15%
Nov 05, 2010	76.66	75.94	76.78	75.94	0.88%
Nov 04, 2010	75.99	76.53	76.63	75.76	-0.60%
Nov 03, 2010	76.45	76.90	77.20	76.39	-0.62%
Nov 02, 2010	76.93	77.34	77.50	76.81	-0.74%
Nov 01, 2010	77.50	77.12	77.62	76.97	0.51%
Oct 31, 2010	77.11	77.14	77.16	77.06	-0.18%
Oct 29, 2010	77.25	77.41	77.95	77.25	-0.30%
Oct 28, 2010	77.48	78.20	78.26	77.36	-1.00%
Oct 27, 2010	78.26	77.91	78.51	77.76	0.44%
Oct 26, 2010	77.92	77.52	78.04	77.23	0.86%
Oct 25, 2010	77.26	77.54	77.57	76.88	-0.37%
Oct 24, 2010	77.54	77.58	77.64	77.52	-0.06%
Oct 22, 2010	77.59	77.71	77.96	77.42	-0.12%
Oct 21, 2010	77.68	77.33	77.86	77.06	0.36%
Oct 20, 2010	77.41	78.60	78.60	77.29	-1.33%
Oct 19, 2010	78.45	77.30	78.57	77.14	1.40%
Oct 18, 2010	77.37	77.30	77.87	77.12	0.05%
Oct 17, 2010	77.33	77.22	77.33	77.19	0.12%
Oct 15, 2010	77.23	76.99	77.35	76.35	0.53%
Oct 14, 2010	76.83	77.17	77.17	76.47	-0.60%
Oct 13, 2010	77.29	77.52	77.55	77.17	-0.37%
Oct 12, 2010	77.57	77.78	78.17	77.45	-0.27%
Oct 11, 2010	77.78	77.20	77.78	77.20	0.75%
Oct 10, 2010	77.20	77.08	77.30	77.08	-0.40%
Oct 08, 2010	77.51	77.66	77.99	77.36	-0.25%
Oct 07, 2010	77.70	77.71	77.94	77.16	0.08%
Oct 06, 2010	77.64	77.93	78.15	77.52	-0.47%
Oct 05, 2010	78.01	78.84	78.89	77.89	-0.75%
Oct 04, 2010	78.60	78.33	78.72	78.29	0.33%
Oct 03, 2010	78.34	78.28	78.34	78.27	0.12%
Oct 01, 2010	78.24	79.00	79.01	78.24	-0.97%
Sep 30, 2010	79.01	79.00	79.25	78.63	0.08%
Sep 29, 2010	78.94	79.17	79.21	78.82	-0.30%
Sep 28, 2010	79.18	79.69	80.01	79.06	-0.72%
Sep 27, 2010	79.75	79.53	79.75	79.39	0.29%
Sep 26, 2010	79.52	79.50	79.58	79.45	0.07%
Sep 24, 2010	79.47	80.44	80.47	79.47	-0.99%
Sep 23, 2010	80.26	80.06	80.40	79.92	0.30%
Sep 22, 2010	80.02	80.48	80.50	79.77	-0.68%
Sep 21, 2010	80.57	81.56	81.56	80.44	-1.28%
Sep 20, 2010	81.61	81.68	81.74	81.25	-0.08%
Sep 19, 2010	81.67	81.64	81.70	81.61	0.04%
Sep 17, 2010	81.64	81.57	81.77	81.08	0.20%
Sep 16, 2010	81.48	81.72	81.86	81.34	-0.32%
Sep 15, 2010	81.74	81.46	81.99	81.34	0.30%
Sep 14, 2010	81.50	82.21	82.30	81.24	-0.79%
Sep 13, 2010	82.15	82.47	82.56	82.02	-0.39%
Sep 12, 2010	82.47	82.84	82.84	82.47	-0.44%
Sep 10, 2010	82.84	82.78	83.00	82.46	0.14%
Sep 09, 2010	82.72	82.58	82.84	82.34	0.10%
Sep 08, 2010	82.64	82.87	82.95	82.38	-0.37%
Sep 07, 2010	82.94	82.33	82.94	82.31	1.10%
Sep 06, 2010	82.04	82.08	82.16	81.89	-0.05%
Sep 05, 2010	82.08	82.03	82.10	82.03	0.08%
Sep 03, 2010	82.02	82.49	82.57	82.02	-0.52%
Sep 02, 2010	82.44	82.57	82.63	82.31	-0.04%
Sep 01, 2010	82.48	83.18	83.27	82.22	-0.85%
Aug 31, 2010	83.18	83.23	83.41	82.93	-0.19%
Aug 30, 2010	83.34	82.88	83.34	82.82	0.56%
Aug 29, 2010	82.87	82.80	82.94	82.80	0.05%
Aug 27, 2010	82.83	82.98	83.23	82.70	-0.13%
Aug 26, 2010	82.94	83.25	83.33	82.67	-0.46%
Aug 25, 2010	83.32	83.38	83.58	83.00	-0.19%
Aug 24, 2010	83.48	83.46	83.63	82.91	0.28%
Aug 23, 2010	83.25	83.18	83.38	82.96	0.08%
Aug 22, 2010	83.18	83.12	83.24	83.12	0.01%
Aug 20, 2010	83.17	82.60	83.42	82.52	0.83%
Aug 19, 2010	82.49	82.64	82.83	82.09	0.20%
Aug 18, 2010	82.33	82.39	82.61	82.07	0.09%
Aug 17, 2010	82.26	82.59	82.62	82.12	-0.42%
Aug 16, 2010	82.61	83.00	83.14	82.35	-0.39%
Aug 15, 2010	82.93	83.07	83.07	82.93	-0.17%
Aug 13, 2010	83.07	82.69	83.07	82.30	0.47%
Aug 12, 2010	82.68	82.56	82.93	82.24	0.11%
Aug 11, 2010	82.59	81.10	82.59	81.08	1.93%
Aug 10, 2010	81.03	80.85	81.64	80.77	0.24%
Aug 09, 2010	80.83	80.45	80.83	80.34	0.48%
Aug 08, 2010	80.45	80.44	80.48	80.39	0.03%
Aug 06, 2010	80.42	80.90	81.05	80.17	-0.55%
Aug 05, 2010	80.87	81.10	81.22	80.62	-0.28%
Aug 04, 2010	81.09	80.73	81.22	80.60	0.50%
Aug 03, 2010	80.69	81.03	81.14	80.56	-0.41%
Aug 02, 2010	81.02	81.65	81.66	80.90	-0.77%
Aug 01, 2010	81.65	81.65	81.67	81.59	-0.05%
Jul 30, 2010	81.69	81.77	82.08	81.57	-0.71%
Jul 27, 2010	82.28	82.24	82.53	81.97	0.02%
Jul 26, 2010	82.27	82.70	82.72	82.14	-0.53%
Jul 25, 2010	82.70	82.67	82.79	82.67	0.12%
Jul 23, 2010	82.60	82.69	83.22	82.39	-0.21%
Jul 22, 2010	82.77	83.45	83.55	82.64	-0.89%
Jul 21, 2010	83.51	82.87	83.64	82.76	0.61%
Jul 20, 2010	83.01	82.81	83.27	82.38	0.31%
Jul 19, 2010	82.76	82.91	82.99	82.50	-0.19%
Jul 18, 2010	82.92	82.74	82.92	82.74	0.31%
Jul 16, 2010	82.66	82.62	82.79	82.25	0.27%
Jul 15, 2010	82.44	83.56	83.67	82.44	-1.27%
Jul 14, 2010	83.50	83.72	83.88	83.37	-0.27%
Jul 13, 2010	83.72	84.39	84.73	83.55	-0.78%
Jul 12, 2010	84.39	84.19	84.64	84.16	0.23%
Jul 11, 2010	84.19	84.17	84.25	84.14	0.01%
Jul 09, 2010	84.19	83.98	84.32	83.83	0.25%
Jul 08, 2010	83.98	84.18	84.24	83.88	-0.24%
Jul 07, 2010	84.19	84.29	84.59	83.97	-0.11%
Jul 06, 2010	84.28	84.95	85.07	84.05	-0.79%
Jul 05, 2010	84.95	84.70	84.96	84.63	0.38%
Jul 04, 2010	84.63	84.71	84.72	84.63	-0.15%
Jul 02, 2010	84.75	84.84	85.02	84.36	-0.10%
Jul 01, 2010	84.84	86.46	86.55	84.68	-1.66%
Jun 30, 2010	86.27	86.45	86.57	85.88	-0.21%
Jun 29, 2010	86.45	85.93	86.60	85.91	0.62%
Jun 28, 2010	85.92	85.57	85.93	85.49	0.42%
Jun 27, 2010	85.56	85.58	85.68	85.55	0.06%
Jun 25, 2010	85.52	86.01	86.42	85.52	-0.57%
Jun 24, 2010	86.00	86.10	86.28	85.69	-0.12%
Jun 23, 2010	86.11	86.39	86.71	85.91	-0.32%
Jun 22, 2010	86.39	86.20	86.54	86.05	0.21%
Jun 21, 2010	86.21	85.63	86.34	85.52	0.67%
Jun 20, 2010	85.64	85.59	85.73	85.55	-0.34%
Jun 18, 2010	85.92	85.93	86.06	85.74	-0.01%
Jun 17, 2010	85.93	86.65	86.81	85.80	-0.61%
Jun 16, 2010	86.46	86.37	86.71	86.21	0.15%
Jun 15, 2010	86.33	86.97	87.18	86.19	-0.17%
Jun 14, 2010	86.47	87.19	87.39	86.34	-0.81%
Jun 13, 2010	87.18	87.64	87.67	87.18	-0.25%
Jun 11, 2010	87.40	87.03	87.67	86.96	0.43%
Jun 10, 2010	87.03	87.93	88.08	86.79	-1.02%
Jun 09, 2010	87.93	88.20	88.43	87.45	-0.31%
Jun 08, 2010	88.20	88.50	88.65	88.02	-0.33%
Jun 07, 2010	88.50	88.54	88.79	88.39	-0.06%
Jun 06, 2010	88.55	88.44	88.58	88.39	0.33%
Jun 04, 2010	88.26	87.19	88.40	86.97	1.23%
Jun 03, 2010	87.19	86.78	87.35	86.39	0.47%
Jun 02, 2010	86.78	86.81	87.26	86.70	-0.03%
Jun 01, 2010	86.81	86.73	87.26	86.23	0.08%
May 31, 2010	86.73	86.80	86.84	86.58	-0.08%
May 30, 2010	86.80	86.80	86.89	86.77	-0.10%
May 28, 2010	86.89	86.35	86.89	85.94	0.64%
May 27, 2010	86.33	87.36	87.37	86.21	-1.30%
May 26, 2010	87.47	86.73	87.47	86.63	1.18%
May 25, 2010	86.45	86.59	87.55	86.45	-0.04%
May 24, 2010	86.49	85.92	86.62	85.76	0.67%
May 23, 2010	85.92	85.73	85.94	85.67	0.32%
May 21, 2010	85.65	85.91	86.20	85.32	-0.52%
May 20, 2010	86.10	86.48	86.98	85.56	-0.16%
May 19, 2010	86.24	87.57	87.59	86.24	-1.28%
May 18, 2010	87.36	86.36	87.52	86.05	1.28%
May 17, 2010	86.26	86.46	87.20	86.26	-0.23%
May 16, 2010	86.46	86.48	86.49	86.35	0.03%
May 14, 2010	86.43	85.49	86.43	85.34	1.00%
May 13, 2010	85.57	84.87	85.57	84.67	0.59%
May 12, 2010	85.07	84.86	85.07	84.34	0.33%
May 11, 2010	84.78	84.61	84.90	84.32	0.45%
May 10, 2010	84.41	84.10	84.53	83.07	0.38%
May 09, 2010	84.08	83.60	84.20	83.60	-0.64%
May 07, 2010	84.62	84.98	85.35	84.48	-0.57%
May 06, 2010	85.11	84.28	85.44	84.06	0.96%
May 05, 2010	84.30	83.61	84.43	83.47	0.80%
May 04, 2010	83.63	82.48	83.63	82.41	1.52%
May 03, 2010	82.38	82.38	82.38	82.38	0.47%
Apr 30, 2010	82.00	82.11	82.23	81.75	-0.20%
Apr 29, 2010	82.16	82.47	82.54	82.04	-0.37%
Apr 28, 2010	82.47	82.43	82.87	82.16	-0.15%
Apr 27, 2010	82.59	81.37	82.73	81.37	1.28%
Apr 26, 2010	81.54	81.58	81.61	81.42	-0.06%
Apr 25, 2010	81.59	81.63	81.66	81.51	0.04%
Apr 23, 2010	81.56	82.12	82.21	81.56	-0.29%
Apr 22, 2010	81.79	81.31	81.92	81.14	0.58%
Apr 21, 2010	81.32	81.21	81.44	81.07	0.24%
Apr 20, 2010	81.12	81.04	81.23	80.86	-0.01%
Apr 19, 2010	81.13	81.06	81.39	81.02	0.09%
Apr 18, 2010	81.06	81.09	81.11	80.97	0.20%
Apr 16, 2010	80.90	80.64	81.03	80.58	0.39%
Apr 15, 2010	80.59	80.27	80.84	80.25	0.40%
Apr 14, 2010	80.27	80.55	80.61	80.14	-0.45%
Apr 13, 2010	80.63	80.70	80.88	80.40	-0.09%
Apr 12, 2010	80.70	80.37	80.83	80.22	0.41%
Apr 11, 2010	80.37	80.44	80.57	80.28	-0.80%
Apr 09, 2010	81.02	81.57	81.74	81.02	-0.89%
Apr 08, 2010	81.74	81.81	82.06	81.62	-0.08%
Apr 07, 2010	81.81	81.62	81.91	81.54	0.31%
Apr 06, 2010	81.55	81.33	81.81	81.32	0.41%
Apr 05, 2010	81.22	81.33	81.46	81.10	-0.12%
Apr 04, 2010	81.32	81.34	81.36	81.28	-0.18%
Apr 02, 2010	81.47	80.89	81.47	80.87	0.64%
Apr 01, 2010	80.95	81.20	81.48	80.82	-0.33%
Mar 31, 2010	81.22	81.66	81.94	81.09	-0.58%
Mar 30, 2010	81.69	81.47	81.82	81.23	0.13%
Mar 29, 2010	81.58	81.75	81.91	81.45	-0.25%
Mar 28, 2010	81.79	81.57	81.79	81.56	-0.22%
Mar 26, 2010	81.97	82.31	82.33	81.85	-0.66%
Mar 25, 2010	82.52	82.14	82.52	81.55	0.25%
Mar 24, 2010	82.31	81.19	82.31	81.12	1.58%
Mar 23, 2010	81.03	80.80	81.25	80.78	-0.10%
Mar 22, 2010	81.11	81.11	81.11	81.11	0.12%
Mar 19, 2010	81.02	80.49	81.14	80.45	0.75%
Mar 18, 2010	80.41	79.95	80.66	79.94	0.69%
Mar 17, 2010	79.86	79.93	80.07	79.73	-0.01%
Mar 16, 2010	79.86	80.44	80.55	79.86	-0.82%
Mar 15, 2010	80.53	80.00	80.65	80.00	0.58%
Mar 14, 2010	80.06	80.03	80.06	80.00	0.30%
Mar 12, 2010	79.82	80.28	80.33	79.69	-0.68%
Mar 11, 2010	80.37	80.53	80.58	80.25	-0.07%
Mar 10, 2010	80.43	80.61	80.87	80.31	-0.23%
Mar 09, 2010	80.62	80.48	80.87	80.44	0.20%
Mar 08, 2010	80.45	80.42	80.58	80.09	0.06%
Mar 07, 2010	80.41	80.36	80.48	80.35	-0.19%
Mar 05, 2010	80.56	80.58	80.92	80.43	-0.02%
Mar 04, 2010	80.57	80.08	80.70	79.97	0.76%
Mar 03, 2010	79.97	80.44	80.60	79.84	-0.74%
Mar 02, 2010	80.56	80.94	81.33	80.43	-0.16%
Mar 01, 2010	80.69	80.38	81.31	80.34	0.39%
Feb 28, 2010	80.38	80.49	80.52	80.38	-0.09%
Feb 26, 2010	80.45	80.83	80.83	80.19	-0.48%
Feb 25, 2010	80.84	80.94	81.19	80.71	-0.10%
Feb 24, 2010	80.92	80.97	80.99	80.42	0.06%
Feb 23, 2010	80.86	80.59	81.05	80.16	0.31%
Feb 22, 2010	80.62	80.56	80.74	80.43	0.07%
Feb 21, 2010	80.56	80.65	80.71	80.56	-0.05%
Feb 19, 2010	80.60	81.20	81.43	80.60	-0.73%
Feb 18, 2010	81.20	80.64	81.20	80.25	0.73%
Feb 17, 2010	80.61	79.73	80.61	79.61	1.19%
Feb 16, 2010	79.66	80.45	80.45	79.66	-0.94%
Feb 15, 2010	80.42	80.40	80.61	80.30	0.03%
Feb 14, 2010	80.39	80.44	80.47	80.39	-0.05%
Feb 12, 2010	80.43	80.19	80.83	80.08	0.42%
Feb 11, 2010	80.10	80.01	80.60	79.82	-0.08%
Feb 10, 2010	80.16	79.91	80.42	79.77	0.42%
Feb 09, 2010	79.83	80.52	80.54	79.66	-0.80%
Feb 08, 2010	80.48	80.56	80.67	80.23	-0.11%
Feb 07, 2010	80.57	80.50	80.61	80.44	0.16%
Feb 05, 2010	80.44	80.38	80.82	80.10	0.55%
Feb 04, 2010	80.00	79.62	80.12	79.51	0.48%
Feb 03, 2010	79.62	79.16	79.62	78.83	0.61%
Feb 02, 2010	79.14	79.40	79.58	79.14	-0.27%
Feb 01, 2010	79.35	79.61	79.71	79.35	-0.33%
Jan 31, 2010	79.61	79.67	79.68	79.57	-0.08%
Jan 29, 2010	79.67	79.25	79.67	79.07	0.71%
Jan 28, 2010	79.11	78.99	79.27	78.75	0.24%
Jan 27, 2010	78.92	78.65	79.04	78.53	0.41%
Jan 26, 2010	78.59	78.36	78.83	78.25	0.35%
Jan 25, 2010	78.32	78.38	78.51	78.20	-0.08%
Jan 24, 2010	78.39	78.42	78.42	78.29	-0.08%
Jan 22, 2010	78.45	78.50	78.72	78.22	-0.28%
Jan 21, 2010	78.67	78.97	79.00	78.55	0.12%
Jan 20, 2010	78.57	77.64	78.63	77.64	1.15%
Jan 19, 2010	77.68	77.15	77.84	77.08	0.62%
Jan 18, 2010	77.20	77.40	77.55	77.20	-0.27%
Jan 17, 2010	77.41	77.53	77.53	77.40	0.03%
Jan 15, 2010	77.39	77.03	77.56	76.98	0.67%
Jan 14, 2010	76.87	76.91	77.17	76.81	-0.20%
Jan 13, 2010	77.03	77.27	77.32	76.75	-0.19%
Jan 12, 2010	77.17	77.20	77.45	76.90	0.01%
Jan 11, 2010	77.17	77.39	77.41	76.95	-0.29%
Jan 10, 2010	77.39	77.65	77.65	77.33	-0.34%
Jan 08, 2010	77.66	78.22	78.43	77.54	-0.70%
Jan 07, 2010	78.21	77.61	78.27	77.60	0.55%
Jan 06, 2010	77.78	77.92	78.22	77.58	-0.16%
Jan 05, 2010	77.91	77.75	77.95	77.39	0.13%
Jan 04, 2010	77.81	78.26	78.59	77.58	-0.57%
Jan 03, 2010	78.25	78.26	78.27	78.19	-0.05%
Jan 01, 2010	78.29	78.29	78.29	78.29	0.00%
Dec 31, 2009	78.29	78.21	78.40	77.79	0.03%
Dec 30, 2009	78.26	78.21	78.55	78.15	0.10%
Dec 29, 2009	78.19	78.02	78.24	77.67	0.22%
Dec 28, 2009	78.02	78.19	78.19	77.91	-0.23%
Dec 25, 2009	78.20	78.20	78.20	78.20	0.03%
Dec 24, 2009	78.18	78.23	78.26	77.84	-0.09%
Dec 23, 2009	78.25	78.66	78.70	78.08	-0.51%
Dec 22, 2009	78.65	78.45	78.77	78.22	0.26%
Dec 21, 2009	78.44	78.17	78.50	77.97	0.33%
Dec 20, 2009	78.19	78.14	78.24	78.13	0.11%
Dec 18, 2009	78.11	78.02	78.50	77.74	-0.01%
Dec 17, 2009	78.11	77.30	78.28	77.28	1.09%
Dec 16, 2009	77.27	77.30	77.38	76.94	-0.02%
Dec 15, 2009	77.29	76.72	77.47	76.72	0.76%
Dec 14, 2009	76.71	76.56	76.94	76.25	0.17%
Dec 13, 2009	76.58	76.39	76.67	76.39	0.25%
Dec 11, 2009	76.39	76.03	76.75	75.84	0.49%
Dec 10, 2009	76.02	76.01	76.25	75.87	-0.02%
Dec 09, 2009	76.03	76.24	76.33	75.87	-0.27%
Dec 08, 2009	76.24	75.62	76.35	75.55	0.72%
Dec 07, 2009	75.69	75.69	76.25	75.49	-0.01%
Dec 06, 2009	75.70	75.82	75.82	75.70	-0.16%
Dec 04, 2009	75.83	74.83	76.00	74.65	1.28%
Dec 03, 2009	74.87	74.58	74.87	74.36	0.27%
Dec 02, 2009	74.67	74.46	74.72	74.41	0.25%
Dec 01, 2009	74.48	74.85	75.14	74.31	-0.49%
Nov 30, 2009	74.84	74.93	75.02	74.54	-0.12%
Nov 29, 2009	74.93	75.10	75.10	74.76	-0.16%
Nov 27, 2009	75.05	75.02	75.66	74.97	0.06%
Nov 26, 2009	75.00	74.35	75.06	74.21	0.91%
Nov 25, 2009	74.33	75.15	75.16	74.27	-1.15%
Nov 24, 2009	75.19	75.22	75.52	75.06	-0.06%
Nov 23, 2009	75.24	75.66	75.66	75.02	-0.56%
Nov 22, 2009	75.67	75.69	75.82	75.64	0.01%
Nov 20, 2009	75.66	75.38	76.29	75.28	0.40%
Nov 19, 2009	75.36	75.11	75.64	75.11	0.27%
Nov 18, 2009	75.16	75.38	75.43	74.98	-0.32%
Nov 17, 2009	75.40	74.95	75.72	74.92	0.56%
Nov 16, 2009	74.97	75.17	75.40	74.75	-0.26%
Nov 15, 2009	75.17	75.36	75.36	75.17	-0.22%
Nov 13, 2009	75.34	75.69	75.76	75.23	-0.63%
Nov 12, 2009	75.82	75.06	75.88	75.03	0.81%
Nov 11, 2009	75.21	74.98	75.32	74.86	0.14%
Nov 10, 2009	75.10	75.17	75.37	75.04	-0.05%
Nov 09, 2009	75.14	75.79	75.84	75.03	-0.86%
Nov 08, 2009	75.79	75.89	75.89	75.73	-0.11%
Nov 06, 2009	75.88	75.84	76.11	75.59	-0.00%
Nov 05, 2009	75.88	76.03	76.15	75.65	-0.05%
Nov 04, 2009	75.92	76.31	76.40	75.77	-0.65%
Nov 03, 2009	76.42	76.30	76.42	76.22	0.08%
Nov 02, 2009	76.36	76.46	76.52	76.08	-0.24%
Nov 01, 2009	76.54	76.54	76.54	76.54	-0.05%
Oct 30, 2009	76.58	76.09	76.58	75.98	0.61%
Oct 29, 2009	76.11	76.61	76.74	76.00	-0.64%
Oct 28, 2009	76.60	76.22	76.72	76.14	0.32%
Oct 27, 2009	76.36	76.21	76.49	75.91	0.20%
Oct 26, 2009	76.21	75.66	76.26	75.33	0.83%
Oct 25, 2009	75.58	75.58	75.58	75.58	-0.04%
Oct 23, 2009	75.61	75.19	75.66	75.11	0.45%
Oct 22, 2009	75.27	75.23	75.67	75.16	0.03%
Oct 21, 2009	75.25	75.71	75.89	75.08	-0.60%
Oct 20, 2009	75.70	75.42	75.94	75.26	0.53%
Oct 19, 2009	75.30	75.79	76.08	75.30	-0.60%
Oct 18, 2009	75.76	75.76	75.76	75.76	0.02%
Oct 16, 2009	75.75	75.55	76.08	75.47	0.17%
Oct 15, 2009	75.61	75.59	75.95	75.40	0.05%
Oct 14, 2009	75.58	76.03	76.06	75.52	-0.58%
Oct 13, 2009	76.02	76.11	76.27	75.92	0.00%
