Mar 03, 2008	117.45	117.25	117.53	117.04	0.00%
Mar 04, 2008	117.75	117.28	117.89	117.16	0.26%
Mar 05, 2008	117.24	117.62	117.67	117.16	-0.43%
Mar 06, 2008	117.40	117.35	117.53	117.24	0.14%
Mar 07, 2008	117.41	117.45	117.99	117.04	0.01%
Mar 10, 2008	118.05	117.67	118.23	117.59	0.55%
Mar 11, 2008	117.47	117.89	118.00	117.21	-0.49%
Mar 12, 2008	117.63	117.55	117.83	117.09	0.14%
Mar 13, 2008	117.71	117.90	118.12	117.50	0.07%
Mar 14, 2008	117.83	117.74	118.20	117.25	0.10%
Mar 17, 2008	118.23	118.24	118.48	118.00	0.34%
Mar 18, 2008	117.59	118.15	118.18	117.35	-0.54%
Mar 19, 2008	117.56	117.59	118.06	117.26	-0.03%
Mar 20, 2008	117.55	117.86	117.90	117.35	-0.01%
Mar 25, 2008	116.25	117.01	117.02	116.12	-1.11%
Mar 26, 2008	116.04	116.24	116.47	115.92	-0.18%
Mar 27, 2008	115.77	116.04	116.06	115.58	-0.23%
Mar 28, 2008	115.73	115.61	115.93	113.93	-0.03%
Mar 31, 2008	115.98	115.81	116.12	115.68	0.22%
Apr 01, 2008	115.34	115.94	116.03	115.13	-0.55%
Apr 02, 2008	115.18	115.22	115.51	115.04	-0.14%
Apr 03, 2008	115.29	115.23	115.47	115.09	0.10%
Apr 04, 2008	115.54	115.19	115.77	115.17	0.22%
Apr 07, 2008	115.04	115.28	115.34	114.84	-0.43%
Apr 08, 2008	114.96	115.07	115.28	114.88	-0.07%
Apr 09, 2008	114.91	114.96	115.39	114.67	-0.04%
Apr 10, 2008	115.33	115.30	115.72	115.14	0.37%
Apr 11, 2008	115.87	115.14	116.04	115.08	0.47%
Apr 14, 2008	115.97	115.96	116.13	115.74	0.09%
Apr 15, 2008	115.53	115.86	116.06	115.32	-0.38%
Apr 16, 2008	114.87	115.32	115.43	114.77	-0.57%
Apr 17, 2008	114.48	114.86	114.92	114.24	-0.34%
Apr 18, 2008	113.93	114.42	114.50	113.63	-0.48%
Apr 21, 2008	114.07	114.01	114.32	113.90	0.12%
Apr 22, 2008	113.76	114.24	114.24	113.58	-0.27%
Apr 23, 2008	113.90	113.96	114.09	113.80	0.12%
Apr 24, 2008	113.55	113.84	114.46	113.48	-0.31%
Apr 25, 2008	113.68	113.45	113.84	113.10	0.11%
Apr 28, 2008	113.53	113.49	113.75	113.34	-0.13%
Apr 29, 2008	114.05	113.49	114.10	113.42	0.46%
Apr 30, 2008	114.07	113.83	114.17	113.83	0.02%
May 02, 2008	113.42	114.03	114.32	113.28	-0.57%
May 05, 2008	113.77	113.55	113.88	113.51	0.31%
May 06, 2008	113.98	113.66	114.18	113.56	0.18%
May 07, 2008	113.57	113.60	113.85	113.45	-0.36%
May 08, 2008	114.53	113.88	114.73	113.78	0.85%
May 09, 2008	115.14	114.69	115.29	114.51	0.53%
May 12, 2008	115.02	115.09	115.20	114.78	-0.10%
May 13, 2008	114.35	114.84	115.21	114.10	-0.58%
May 14, 2008	113.72	114.12	114.18	113.48	-0.55%
May 15, 2008	113.18	113.63	113.68	112.81	-0.47%
May 16, 2008	113.63	113.40	113.68	113.14	0.40%
May 19, 2008	113.25	113.50	113.78	113.13	-0.33%
May 20, 2008	113.58	113.36	113.69	113.26	0.29%
May 21, 2008	112.97	113.66	113.71	112.86	-0.54%
May 22, 2008	112.67	112.98	113.13	112.64	-0.27%
May 23, 2008	113.06	112.66	113.29	112.53	0.35%
May 26, 2008	112.83	113.01	113.02	112.70	-0.20%
May 27, 2008	112.70	112.68	113.01	112.53	-0.12%
May 28, 2008	112.33	112.63	112.66	112.22	-0.33%
May 29, 2008	111.59	112.15	112.24	111.49	-0.66%
May 30, 2008	111.92	111.78	112.15	111.68	0.30%
Jun 02, 2008	112.33	111.76	112.48	111.71	0.37%
Jun 03, 2008	111.61	112.45	112.67	111.57	-0.64%
Jun 04, 2008	112.05	112.05	112.33	111.86	0.39%
Jun 05, 2008	111.37	111.84	111.93	111.19	-0.61%
Jun 06, 2008	111.66	111.23	111.72	111.23	0.26%
Jun 09, 2008	111.33	112.00	113.29	111.20	-0.30%
Jun 10, 2008	111.17	111.18	111.42	110.78	-0.14%
Jun 11, 2008	110.88	110.76	111.32	110.52	-0.26%
Jun 12, 2008	110.42	110.72	110.85	110.22	-0.41%
Jun 13, 2008	109.87	110.30	110.48	109.80	-0.50%
Jun 16, 2008	110.09	110.00	110.37	109.80	0.20%
Jun 17, 2008	110.20	110.26	110.47	110.09	0.10%
Jun 18, 2008	110.30	110.28	110.50	110.19	0.09%
Jun 19, 2008	109.80	110.33	110.74	109.65	-0.45%
Jun 20, 2008	110.26	109.93	110.42	109.85	0.42%
Jun 23, 2008	110.48	110.11	110.70	110.10	0.20%
Jun 24, 2008	110.58	110.30	110.76	110.11	0.09%
Jun 25, 2008	110.45	110.48	110.60	110.23	-0.12%
Jun 26, 2008	111.23	110.57	111.45	110.43	0.71%
Jun 27, 2008	111.37	111.40	111.54	111.06	0.13%
Jun 30, 2008	110.57	111.33	111.35	110.04	-0.72%
Jul 01, 2008	110.40	110.45	111.32	110.29	-0.15%
Jul 02, 2008	110.13	110.53	110.53	109.86	-0.24%
Jul 03, 2008	110.82	110.17	111.20	109.87	0.63%
Jul 04, 2008	111.41	111.19	112.32	110.90	0.53%
Jul 07, 2008	112.03	111.45	112.36	111.42	0.56%
Jul 08, 2008	112.14	112.20	112.44	111.84	0.10%
Jul 09, 2008	112.20	112.06	112.47	111.66	0.05%
Jul 10, 2008	112.32	112.43	112.43	111.94	0.11%
Jul 11, 2008	112.06	112.02	112.57	111.56	-0.23%
Jul 14, 2008	112.28	111.62	112.40	111.57	0.20%
Jul 15, 2008	112.42	112.39	112.88	112.24	0.12%
Jul 16, 2008	112.30	112.36	112.76	112.12	-0.11%
Jul 17, 2008	111.92	112.15	112.18	111.58	-0.34%
Jul 18, 2008	110.85	111.81	111.91	110.60	-0.96%
Jul 21, 2008	110.20	110.75	110.95	110.14	-0.59%
Jul 22, 2008	110.21	110.32	110.64	110.04	0.01%
Jul 23, 2008	109.97	110.00	110.20	109.70	-0.22%
Jul 24, 2008	110.76	110.16	111.02	110.10	0.72%
Jul 25, 2008	110.61	110.98	111.53	110.25	-0.14%
Jul 28, 2008	111.14	110.54	111.24	110.41	0.48%
Jul 29, 2008	111.64	111.18	111.73	110.99	0.45%
Jul 30, 2008	112.05	111.63	112.36	111.54	0.37%
Jul 31, 2008	112.51	112.15	112.67	111.77	0.41%
Aug 01, 2008	112.53	112.60	112.83	112.29	0.02%
Aug 04, 2008	112.80	112.61	112.95	112.48	0.24%
Aug 05, 2008	112.90	112.70	113.02	112.57	0.09%
Aug 06, 2008	112.85	112.94	113.29	112.55	-0.04%
Aug 07, 2008	113.48	112.82	113.60	112.77	0.56%
Aug 08, 2008	113.58	113.50	113.80	113.40	0.09%
Aug 11, 2008	113.46	113.57	113.68	113.32	-0.11%
Aug 12, 2008	113.80	113.55	113.97	113.52	0.30%
Aug 13, 2008	114.03	113.80	114.17	113.63	0.20%
Aug 14, 2008	113.95	113.89	114.08	113.65	-0.07%
Aug 15, 2008	114.20	113.98	114.50	113.95	0.22%
Aug 18, 2008	114.41	114.30	114.59	114.23	0.18%
Aug 19, 2008	114.33	114.48	114.91	114.17	-0.07%
Aug 20, 2008	114.54	114.31	114.94	113.96	0.18%
Aug 21, 2008	114.15	114.69	114.82	114.03	-0.34%
Aug 22, 2008	113.86	114.10	114.28	113.50	-0.25%
Aug 25, 2008	114.64	114.02	114.74	113.92	0.69%
Aug 26, 2008	114.65	114.60	114.96	114.46	0.01%
Aug 27, 2008	114.11	114.77	114.87	113.93	-0.47%
Aug 28, 2008	114.15	114.35	114.59	113.80	0.04%
Aug 29, 2008	114.16	114.42	114.54	113.90	0.01%
Sep 01, 2008	114.52	114.17	114.64	114.11	0.32%
Sep 02, 2008	114.21	114.54	114.57	113.56	-0.27%
Sep 03, 2008	114.41	114.52	114.82	114.17	0.18%
Sep 04, 2008	114.97	114.28	115.23	113.92	0.49%
Sep 05, 2008	115.66	115.27	115.85	115.03	0.60%
Sep 08, 2008	114.78	114.66	114.90	114.29	-0.76%
Sep 09, 2008	115.08	115.05	115.20	114.25	0.26%
Sep 10, 2008	114.94	115.04	115.22	114.56	-0.12%
Sep 11, 2008	114.79	114.79	115.26	114.60	-0.13%
Sep 12, 2008	113.95	114.49	114.71	113.70	-0.73%
Sep 15, 2008	114.89	115.01	115.65	114.76	0.82%
Sep 16, 2008	115.43	115.62	116.13	114.90	0.47%
Sep 17, 2008	115.32	115.05	115.84	114.73	-0.10%
Sep 18, 2008	115.28	115.45	115.58	114.83	-0.03%
Sep 19, 2008	113.73	114.54	114.72	113.35	-1.34%
Sep 22, 2008	113.23	113.51	113.80	112.91	-0.44%
Sep 23, 2008	113.30	113.25	113.67	113.21	0.06%
Sep 24, 2008	113.99	113.30	114.08	113.23	0.61%
Sep 25, 2008	113.33	113.78	113.99	113.25	-0.58%
Sep 26, 2008	113.81	113.58	114.06	113.50	0.42%
Sep 29, 2008	115.49	113.90	116.07	113.82	1.48%
Sep 30, 2008	115.07	115.79	115.94	114.76	-0.36%
Oct 01, 2008	115.37	115.04	115.62	114.80	0.26%
Oct 02, 2008	115.72	115.13	115.93	114.83	0.30%
Oct 03, 2008	115.65	115.73	116.71	115.37	-0.06%
Oct 06, 2008	117.17	116.55	117.35	116.31	1.31%
Oct 07, 2008	117.05	116.92	117.40	116.58	-0.10%
Oct 08, 2008	116.85	117.50	117.82	116.13	-0.17%
Oct 09, 2008	116.11	116.40	116.60	115.46	-0.63%
Oct 10, 2008	115.38	116.30	116.79	114.44	-0.63%
Oct 13, 2008	114.44	114.69	114.75	114.05	-0.81%
Oct 14, 2008	113.99	114.05	114.73	113.78	-0.39%
Oct 15, 2008	113.98	114.06	114.45	113.79	-0.01%
Oct 16, 2008	114.53	114.19	114.55	113.67	0.48%
Oct 17, 2008	114.76	114.00	115.33	113.87	0.20%
Oct 20, 2008	114.78	114.50	114.96	114.25	0.02%
Oct 21, 2008	115.24	114.91	115.67	114.73	0.40%
Oct 22, 2008	116.63	115.72	116.97	115.63	1.21%
Oct 23, 2008	116.64	116.76	117.33	116.38	0.01%
Oct 24, 2008	117.08	117.30	117.72	116.85	0.38%
Oct 27, 2008	117.11	117.22	117.53	116.82	0.03%
Oct 28, 2008	117.22	116.70	117.53	116.28	0.09%
Oct 29, 2008	116.96	117.01	117.31	116.78	-0.22%
Oct 30, 2008	117.22	116.78	117.32	116.21	0.22%
Oct 31, 2008	115.93	117.31	117.46	115.88	-1.10%
Nov 03, 2008	116.57	116.04	116.94	115.96	0.55%
Nov 04, 2008	116.68	116.60	117.06	116.43	0.09%
Nov 05, 2008	117.07	116.84	117.12	116.01	0.33%
Nov 06, 2008	117.52	117.05	118.01	116.76	0.38%
Nov 07, 2008	117.74	117.55	117.93	117.30	0.19%
Nov 10, 2008	117.87	117.54	117.96	117.18	0.11%
Nov 11, 2008	118.04	117.93	118.11	117.56	0.14%
Nov 12, 2008	118.46	117.84	118.62	117.66	0.36%
Nov 13, 2008	118.33	118.50	118.70	118.01	-0.11%
Nov 14, 2008	118.76	118.15	118.82	117.78	0.36%
Nov 17, 2008	118.74	118.61	118.84	118.39	-0.02%
Nov 18, 2008	118.76	118.85	119.23	118.70	0.02%
Nov 19, 2008	119.70	119.27	119.99	119.06	0.79%
Nov 20, 2008	120.83	120.12	121.45	120.07	0.94%
Nov 21, 2008	120.70	121.01	121.48	120.31	-0.11%
Nov 24, 2008	120.27	120.71	120.96	119.77	-0.36%
Nov 25, 2008	120.83	120.07	121.06	120.00	0.47%
Nov 26, 2008	121.34	120.84	121.58	120.70	0.42%
Nov 27, 2008	121.27	121.23	121.54	121.04	-0.06%
Nov 28, 2008	121.47	121.52	121.79	121.40	0.16%
Dec 01, 2008	122.49	121.69	123.15	121.53	0.84%
Dec 02, 2008	123.47	122.96	123.87	122.71	0.80%
Dec 03, 2008	123.93	123.45	124.49	123.15	0.37%
Dec 04, 2008	123.34	124.27	124.91	123.11	-0.48%
Dec 05, 2008	123.75	123.63	124.34	123.15	0.33%
Dec 08, 2008	122.47	123.12	123.20	122.40	-1.03%
Dec 09, 2008	122.17	123.12	123.45	121.96	-0.24%
Dec 10, 2008	122.48	122.44	122.63	121.82	0.25%
Dec 11, 2008	122.42	122.31	122.80	122.05	-0.05%
Dec 12, 2008	121.56	122.97	123.43	121.33	-0.70%
Dec 15, 2008	122.40	121.77	122.72	121.57	0.69%
Dec 16, 2008	122.99	122.60	124.19	122.47	0.48%
Dec 17, 2008	124.75	124.05	124.90	124.05	1.43%
Dec 18, 2008	124.53	124.45	124.85	124.02	-0.18%
Dec 19, 2008	124.35	124.60	124.91	123.89	-0.14%
Dec 22, 2008	125.02	123.89	125.20	123.75	0.54%
Dec 23, 2008	124.92	124.83	125.21	124.83	-0.08%
Dec 29, 2008	125.35	125.10	125.55	124.82	0.34%
Dec 30, 2008	124.84	125.55	125.56	124.83	-0.41%
Jan 02, 2009	125.28	124.65	125.51	124.05	0.35%
Jan 05, 2009	124.65	124.78	124.89	124.01	-0.50%
Jan 06, 2009	123.43	124.54	124.67	123.03	-0.98%
Jan 07, 2009	122.86	123.43	123.69	122.69	-0.46%
Jan 08, 2009	123.57	123.23	123.90	122.54	0.58%
Jan 09, 2009	124.72	123.64	124.93	123.47	0.93%
Jan 12, 2009	125.13	124.65	125.21	124.41	0.33%
Jan 13, 2009	125.12	125.19	125.47	125.03	-0.01%
Jan 14, 2009	125.83	125.09	126.04	124.69	0.57%
Jan 15, 2009	126.17	126.09	126.53	125.68	0.27%
Jan 16, 2009	125.59	125.62	126.14	125.38	-0.46%
Jan 19, 2009	125.18	125.61	125.66	124.44	-0.33%
Jan 20, 2009	124.98	125.38	125.62	124.57	-0.16%
Jan 21, 2009	125.29	125.27	125.55	124.86	0.25%
Jan 22, 2009	124.27	124.75	125.34	124.09	-0.81%
Jan 23, 2009	123.29	124.34	124.54	122.92	-0.79%
Jan 26, 2009	122.36	123.28	123.35	122.12	-0.75%
Jan 27, 2009	122.72	122.39	123.24	121.97	0.29%
Jan 28, 2009	123.06	122.89	123.39	122.54	0.28%
Jan 29, 2009	122.89	122.45	123.25	122.24	-0.14%
Jan 30, 2009	122.37	122.47	122.95	122.14	-0.42%
Feb 02, 2009	122.69	122.36	123.21	122.31	0.26%
Feb 03, 2009	122.18	122.64	122.83	121.83	-0.42%
Feb 04, 2009	121.92	121.99	122.18	121.56	-0.21%
Feb 05, 2009	122.26	121.80	122.61	121.57	0.28%
Feb 06, 2009	122.02	122.40	122.75	121.78	-0.20%
Feb 09, 2009	121.72	122.18	122.22	121.55	-0.25%
Feb 10, 2009	122.35	121.85	122.73	121.70	0.52%
Feb 11, 2009	123.77	122.66	124.00	122.63	1.16%
Feb 12, 2009	124.75	123.79	124.90	123.72	0.79%
Feb 13, 2009	124.52	124.67	124.71	124.13	-0.18%
Feb 16, 2009	125.19	124.51	125.25	124.36	0.54%
Feb 17, 2009	125.76	125.23	125.97	125.18	0.46%
Feb 18, 2009	125.72	125.80	126.05	125.28	-0.03%
Feb 19, 2009	124.71	125.38	125.45	124.37	-0.80%
Feb 20, 2009	125.49	124.94	125.72	124.90	0.63%
Feb 23, 2009	125.41	125.07	125.63	124.80	-0.06%
Feb 24, 2009	125.69	125.43	126.01	125.37	0.22%
Feb 25, 2009	125.82	125.36	125.95	125.22	0.10%
Feb 26, 2009	124.45	125.47	125.47	124.36	-1.09%
Feb 27, 2009	124.70	124.67	125.57	124.52	0.20%
Mar 02, 2009	125.36	125.03	125.58	124.99	0.53%
Mar 03, 2009	125.35	125.22	125.40	124.92	-0.01%
Mar 04, 2009	124.53	125.17	125.17	124.23	-0.65%
Mar 05, 2009	125.42	124.47	125.92	124.29	0.71%
Mar 06, 2009	126.42	125.70	126.52	125.67	0.80%
Mar 09, 2009	125.10	125.20	125.63	125.00	-1.04%
Mar 10, 2009	124.49	125.09	125.11	124.35	-0.49%
Mar 11, 2009	123.79	124.49	124.52	123.57	-0.56%
Mar 12, 2009	124.45	124.20	124.70	124.10	0.53%
Mar 13, 2009	124.00	124.02	124.13	123.13	-0.36%
Mar 16, 2009	123.20	123.55	123.57	123.02	-0.65%
Mar 17, 2009	122.61	122.97	123.35	122.41	-0.48%
Mar 18, 2009	122.25	122.55	124.47	122.11	-0.29%
Mar 19, 2009	123.94	124.25	124.40	123.39	1.38%
Mar 20, 2009	124.60	123.92	124.71	123.87	0.53%
Mar 23, 2009	124.10	124.55	124.64	123.95	-0.40%
Mar 24, 2009	123.04	123.92	123.99	122.81	-0.85%
Mar 25, 2009	123.02	123.00	123.34	122.63	-0.02%
Mar 26, 2009	123.08	122.70	123.30	122.53	0.05%
Mar 27, 2009	123.59	123.12	123.72	122.94	0.41%
Mar 30, 2009	124.20	123.23	124.27	123.23	0.49%
Mar 31, 2009	124.43	124.06	124.55	123.92	0.19%
Apr 01, 2009	124.38	124.45	124.66	124.22	-0.04%
Apr 02, 2009	122.94	124.25	124.41	122.66	-1.16%
Apr 03, 2009	122.28	122.53	122.94	121.77	-0.54%
Apr 06, 2009	122.23	121.78	122.39	121.76	-0.04%
Apr 07, 2009	122.14	122.24	122.46	122.02	-0.07%
Apr 08, 2009	122.29	122.36	122.69	121.90	0.12%
Apr 09, 2009	121.81	121.96	122.28	121.61	-0.39%
Apr 14, 2009	122.30	122.36	122.58	122.13	0.40%
Apr 15, 2009	122.94	122.66	123.14	122.56	0.52%
Apr 16, 2009	122.65	122.83	122.83	122.25	-0.24%
Apr 17, 2009	121.80	122.55	122.59	121.64	-0.69%
Apr 20, 2009	122.89	121.78	123.04	121.72	0.89%
Apr 21, 2009	123.19	122.97	123.47	122.66	0.24%
Apr 22, 2009	122.34	123.00	123.28	122.23	-0.69%
Apr 23, 2009	122.17	122.30	122.46	121.94	-0.14%
Apr 24, 2009	122.46	122.29	122.74	122.13	0.24%
Apr 27, 2009	122.78	122.73	123.37	122.67	0.26%
Apr 28, 2009	122.96	123.19	123.33	122.64	0.15%
Apr 29, 2009	123.08	122.79	123.17	122.29	0.10%
Apr 30, 2009	122.53	122.68	122.82	122.20	-0.45%
May 04, 2009	122.02	122.60	122.68	121.84	-0.42%
May 05, 2009	122.35	122.03	122.45	121.83	0.27%
May 06, 2009	122.09	122.55	122.65	121.70	-0.21%
May 07, 2009	120.93	122.03	122.03	120.58	-0.95%
May 08, 2009	120.31	120.56	120.77	120.11	-0.51%
May 11, 2009	120.87	120.31	121.00	120.30	0.47%
May 12, 2009	120.62	121.00	121.00	120.52	-0.21%
May 13, 2009	121.32	120.52	121.51	120.47	0.58%
May 14, 2009	121.70	121.36	121.94	121.16	0.31%
May 15, 2009	121.14	121.64	122.07	121.07	-0.46%
May 18, 2009	121.33	121.30	121.55	120.97	0.16%
May 19, 2009	120.51	120.96	120.96	120.34	-0.68%
May 20, 2009	120.53	120.51	120.84	120.26	0.02%
May 21, 2009	121.18	120.68	121.52	120.32	0.54%
May 22, 2009	120.25	120.32	120.53	119.77	-0.77%
May 25, 2009	119.63	119.88	119.91	119.49	-0.52%
May 26, 2009	119.63	119.65	120.05	119.21	0.00%
May 27, 2009	119.40	119.31	119.52	118.77	-0.19%
May 28, 2009	119.18	118.83	119.33	118.82	-0.18%
May 29, 2009	119.53	119.25	119.84	119.15	0.29%
Jun 01, 2009	118.99	119.60	119.75	118.63	-0.45%
Jun 02, 2009	119.01	118.89	119.27	118.76	0.02%
Jun 03, 2009	119.83	119.10	119.99	118.86	0.69%
Jun 04, 2009	119.24	119.72	119.97	119.04	-0.49%
Jun 05, 2009	118.34	119.09	119.32	118.21	-0.75%
Jun 08, 2009	118.50	118.16	118.60	118.13	0.14%
Jun 09, 2009	118.59	118.20	118.69	118.05	0.08%
Jun 10, 2009	118.20	118.30	118.41	117.78	-0.33%
Jun 11, 2009	117.93	118.02	118.38	117.52	-0.23%
Jun 12, 2009	118.52	118.34	118.80	118.32	0.50%
Jun 15, 2009	119.48	118.65	119.60	118.61	0.81%
Jun 16, 2009	119.38	119.56	119.68	119.26	-0.08%
Jun 17, 2009	119.86	119.54	120.00	119.47	0.40%
Jun 18, 2009	119.28	119.67	119.87	119.05	-0.48%
Jun 19, 2009	119.69	119.24	119.85	118.78	0.34%
Jun 22, 2009	120.18	119.82	120.30	119.63	0.41%
Jun 23, 2009	120.23	120.30	120.32	119.85	0.04%
Jun 24, 2009	120.33	120.15	120.48	120.06	0.08%
Jun 25, 2009	120.63	120.01	120.81	119.95	0.25%
Jun 26, 2009	120.96	120.73	121.09	120.45	0.27%
Jun 29, 2009	121.15	121.06	121.29	120.90	0.16%
Jun 30, 2009	121.08	121.22	121.24	120.77	-0.06%
Jul 01, 2009	120.92	121.11	121.15	120.76	-0.13%
Jul 02, 2009	121.65	120.94	121.74	120.88	0.60%
Jul 03, 2009	121.57	121.64	121.66	121.44	-0.07%
Jul 06, 2009	121.96	121.69	122.00	121.61	0.32%
Jul 07, 2009	121.75	121.88	122.05	121.53	-0.17%
Jul 08, 2009	122.16	122.10	122.49	121.89	0.34%
Jul 09, 2009	121.98	122.25	122.32	121.73	-0.15%
Jul 10, 2009	122.32	122.04	122.41	121.81	0.28%
Jul 13, 2009	122.29	122.33	122.47	122.06	-0.02%
Jul 14, 2009	121.90	122.04	122.05	121.49	-0.32%
Jul 15, 2009	121.36	121.74	121.85	121.05	-0.44%
Jul 16, 2009	121.48	121.28	121.88	120.97	0.10%
Jul 17, 2009	121.15	121.69	121.80	120.82	-0.27%
Jul 20, 2009	120.94	120.82	121.34	120.39	-0.17%
Jul 21, 2009	121.26	121.22	121.51	120.62	0.26%
Jul 22, 2009	121.31	121.30	121.70	121.04	0.04%
Jul 23, 2009	120.55	121.10	121.33	120.40	-0.63%
Jul 24, 2009	120.33	120.52	120.61	120.15	-0.18%
Jul 27, 2009	120.30	120.15	120.36	119.92	-0.02%
Jul 28, 2009	120.77	120.12	120.97	119.98	0.39%
Jul 29, 2009	120.83	120.69	121.05	120.57	0.05%
Jul 30, 2009	120.82	120.65	121.40	120.37	-0.01%
Jul 31, 2009	122.04	121.19	122.28	121.14	1.01%
Aug 03, 2009	121.62	122.07	122.18	121.44	-0.34%
Aug 04, 2009	121.59	121.63	122.01	121.46	-0.02%
Aug 05, 2009	121.67	121.59	121.86	121.09	0.07%
Aug 06, 2009	121.43	121.31	122.04	121.06	-0.20%
Aug 07, 2009	120.26	121.20	121.50	120.00	-0.96%
Aug 10, 2009	120.35	120.00	120.59	119.96	0.07%
Aug 11, 2009	120.49	120.37	120.77	120.22	0.12%
Aug 12, 2009	120.65	120.58	120.99	120.32	0.13%
Aug 13, 2009	120.86	120.46	121.14	120.13	0.17%
Aug 14, 2009	121.89	121.00	121.94	121.00	0.85%
Aug 17, 2009	122.24	122.15	122.34	121.92	0.29%
Aug 18, 2009	122.17	122.10	122.22	121.80	-0.06%
Aug 19, 2009	122.67	122.25	122.74	122.22	0.41%
Aug 20, 2009	122.52	122.40	122.70	122.13	-0.12%
Aug 21, 2009	122.03	122.74	122.85	121.86	-0.40%
Aug 24, 2009	122.01	121.90	122.40	121.76	-0.02%
Aug 25, 2009	122.44	122.43	122.63	122.17	0.35%
Aug 26, 2009	122.81	122.49	122.89	122.27	0.30%
Aug 27, 2009	122.70	122.84	122.94	122.40	-0.09%
Aug 28, 2009	122.63	122.57	122.84	122.18	-0.06%
Aug 31, 2009	122.63	122.92	123.02	122.37	0.00%
Sep 01, 2009	122.61	122.72	122.94	122.32	-0.02%
Sep 02, 2009	122.90	122.86	123.12	122.72	0.24%
Sep 03, 2009	122.76	122.86	122.91	122.52	-0.11%
Sep 04, 2009	122.92	122.74	123.04	122.42	0.13%
Sep 07, 2009	122.91	122.66	123.02	122.31	-0.01%
Sep 08, 2009	122.75	122.97	123.00	122.67	-0.13%
Sep 09, 2009	120.48	121.08	121.34	120.22	-1.85%
Sep 10, 2009	120.90	120.42	121.27	120.17	0.35%
Sep 11, 2009	121.61	121.10	121.74	121.02	0.59%
Sep 14, 2009	121.38	121.59	121.62	121.31	-0.19%
Sep 15, 2009	121.07	121.28	121.38	120.78	-0.26%
Sep 16, 2009	120.76	121.04	121.32	120.54	-0.26%
Sep 17, 2009	120.46	120.64	120.72	120.25	-0.25%
Sep 18, 2009	120.44	120.67	120.97	120.08	-0.02%
Sep 21, 2009	120.35	120.18	120.54	120.04	-0.07%
Sep 22, 2009	120.24	120.13	120.39	119.85	-0.09%
Sep 23, 2009	120.48	120.15	120.81	119.97	0.20%
Sep 24, 2009	121.12	120.80	121.22	120.66	0.53%
Sep 25, 2009	121.48	120.99	121.70	120.94	0.30%
Sep 28, 2009	121.56	121.80	121.91	121.40	0.07%
Sep 29, 2009	121.74	121.58	121.84	121.25	0.15%
Sep 30, 2009	121.88	121.71	122.00	121.58	0.11%
Oct 01, 2009	122.32	121.72	122.55	121.51	0.36%
Oct 02, 2009	122.67	122.62	122.97	122.49	0.29%
Oct 05, 2009	122.70	122.70	122.81	122.54	0.02%
Oct 06, 2009	122.43	122.54	122.59	122.35	-0.22%
Oct 07, 2009	122.79	122.41	122.91	122.31	0.29%
Oct 08, 2009	122.87	122.73	123.04	122.43	0.07%
Oct 09, 2009	122.09	122.50	122.85	121.92	-0.63%
Oct 12, 2009	122.30	122.00	122.42	121.76	0.17%
Oct 13, 2009	122.55	122.26	122.60	122.19	0.20%
Oct 14, 2009	122.00	122.34	122.35	121.75	-0.45%
Oct 15, 2009	121.43	121.70	121.75	121.13	-0.47%
Oct 16, 2009	121.46	121.25	121.58	121.06	0.02%
Oct 19, 2009	121.30	121.34	121.46	121.10	-0.13%
Oct 20, 2009	121.82	121.28	122.04	121.25	0.43%
Oct 21, 2009	121.16	121.75	121.84	120.95	-0.54%
Oct 22, 2009	121.19	121.16	121.43	121.01	0.02%
Oct 23, 2009	120.84	120.97	121.15	120.74	-0.29%
Oct 26, 2009	120.83	120.69	120.94	120.51	-0.01%
Oct 27, 2009	121.52	120.78	121.66	120.72	0.57%
Oct 28, 2009	121.67	121.50	121.80	121.36	0.12%
Oct 29, 2009	121.21	121.81	121.82	120.98	-0.38%
Oct 30, 2009	121.90	121.20	122.14	121.20	0.57%
Nov 02, 2009	121.91	121.98	122.12	121.77	0.01%
Nov 03, 2009	121.75	121.94	122.44	121.45	-0.13%
Nov 04, 2009	121.25	121.60	121.62	120.91	-0.41%
Nov 05, 2009	121.01	121.12	121.45	120.66	-0.20%
Nov 06, 2009	120.95	121.13	121.36	120.72	-0.05%
Nov 09, 2009	121.33	120.73	121.39	120.71	0.31%
Nov 10, 2009	121.72	121.29	121.81	121.18	0.32%
Nov 11, 2009	121.71	121.58	121.76	121.24	-0.01%
Nov 12, 2009	121.56	121.70	121.96	121.20	-0.12%
Nov 13, 2009	121.32	121.54	121.79	121.16	-0.20%
Nov 16, 2009	121.81	121.38	122.12	121.33	0.40%
Nov 17, 2009	122.24	122.04	122.34	121.82	0.35%
Nov 18, 2009	122.24	122.31	122.34	121.92	0.00%
Nov 19, 2009	122.48	122.24	122.50	122.06	0.20%
Nov 20, 2009	122.56	122.49	122.70	122.21	0.07%
Nov 23, 2009	122.45	122.56	122.59	122.27	-0.09%
Nov 24, 2009	122.72	122.68	122.82	122.48	0.22%
Nov 25, 2009	122.65	122.80	122.89	122.53	-0.06%
Nov 26, 2009	123.54	122.88	123.75	122.84	0.73%
Nov 27, 2009	123.48	123.76	124.06	123.30	-0.05%
Nov 30, 2009	123.63	123.56	123.77	123.44	0.12%
Dec 01, 2009	123.66	123.75	123.80	123.34	0.02%
Dec 02, 2009	123.56	123.32	123.61	123.25	-0.08%
Dec 03, 2009	123.36	123.23	123.44	122.92	-0.16%
Dec 04, 2009	122.74	123.37	123.47	122.58	-0.50%
Dec 07, 2009	123.15	122.84	123.24	122.81	0.33%
Dec 08, 2009	123.57	123.22	123.64	123.10	0.34%
Dec 09, 2009	123.51	123.32	123.72	123.22	-0.05%
Dec 10, 2009	123.11	123.41	123.45	122.93	-0.32%
Dec 11, 2009	122.69	122.98	123.00	122.55	-0.34%
Dec 14, 2009	122.97	122.72	123.13	122.61	0.23%
Dec 15, 2009	122.48	122.94	123.09	122.37	-0.40%
Dec 16, 2009	122.78	122.55	122.99	122.11	0.24%
Dec 17, 2009	123.40	122.70	123.54	122.69	0.50%
Dec 18, 2009	123.54	123.41	123.66	123.30	0.11%
Dec 21, 2009	123.04	123.43	123.53	122.85	-0.40%
Dec 22, 2009	122.36	122.66	122.71	122.22	-0.55%
Dec 23, 2009	121.89	122.13	122.34	121.68	-0.38%
Dec 28, 2009	121.42	121.40	121.70	121.28	-0.39%
Dec 29, 2009	121.49	121.28	121.63	121.26	0.06%
Dec 30, 2009	121.19	121.50	121.57	121.02	-0.25%
Jan 04, 2010	121.34	120.99	121.42	120.84	0.12%
Jan 05, 2010	121.44	121.29	121.60	121.10	0.08%
Jan 06, 2010	121.23	121.36	121.48	121.15	-0.17%
Jan 07, 2010	121.44	121.16	121.49	121.11	0.17%
Jan 08, 2010	121.40	121.28	121.84	121.19	-0.03%
Jan 11, 2010	121.71	121.32	121.79	121.18	0.26%
Jan 12, 2010	122.14	121.80	122.24	121.74	0.35%
Jan 13, 2010	122.20	122.00	122.25	121.86	0.05%
Jan 14, 2010	122.24	121.95	122.39	121.88	0.03%
Jan 15, 2010	122.57	122.39	122.66	122.24	0.27%
Jan 18, 2010	122.72	122.69	122.78	122.55	0.12%
Jan 19, 2010	122.48	122.73	122.85	122.29	-0.20%
Jan 20, 2010	123.04	122.63	123.12	122.58	0.46%
Jan 21, 2010	123.15	122.87	123.34	122.62	0.09%
Jan 22, 2010	123.15	123.39	123.49	123.03	0.00%
Jan 25, 2010	123.15	123.24	123.29	122.92	0.00%
Jan 26, 2010	123.28	123.44	123.51	123.16	0.11%
Jan 27, 2010	123.38	123.30	123.61	122.97	0.08%
Jan 28, 2010	123.30	123.00	123.47	122.81	-0.06%
Jan 29, 2010	123.38	123.47	123.70	122.95	0.06%
Feb 01, 2010	123.51	123.58	123.63	123.35	0.11%
Feb 02, 2010	123.47	123.48	123.58	123.18	-0.03%
Feb 03, 2010	123.21	123.38	123.39	122.96	-0.21%
Feb 04, 2010	123.70	123.02	123.95	123.00	0.40%
Feb 05, 2010	124.20	123.84	124.53	123.78	0.40%
Feb 08, 2010	123.91	124.30	124.30	123.88	-0.23%
Feb 09, 2010	123.98	123.94	124.06	123.22	0.06%
Feb 10, 2010	123.47	123.34	123.71	122.98	-0.41%
Feb 11, 2010	123.15	123.16	123.37	122.92	-0.26%
Feb 12, 2010	123.55	123.15	123.63	123.10	0.32%
Feb 15, 2010	123.37	123.37	123.57	123.32	-0.15%
Feb 16, 2010	123.38	123.48	123.70	123.21	0.01%
Feb 17, 2010	123.51	123.51	123.61	123.32	0.11%
Feb 18, 2010	123.00	123.33	123.42	122.87	-0.41%
Feb 19, 2010	122.66	122.95	123.05	122.56	-0.28%
Feb 22, 2010	122.82	122.70	122.90	122.54	0.13%
Feb 23, 2010	123.67	122.88	123.87	122.68	0.69%
Feb 24, 2010	124.01	123.70	124.16	123.64	0.27%
Feb 25, 2010	124.30	124.25	124.44	124.09	0.23%
Feb 26, 2010	124.45	124.29	124.50	124.09	0.12%
Mar 01, 2010	124.33	124.30	124.45	124.06	-0.10%
Mar 02, 2010	124.20	124.32	124.40	123.94	-0.10%
Mar 03, 2010	124.08	124.30	124.34	123.97	-0.10%
Mar 04, 2010	124.29	124.25	124.44	123.87	0.17%
Mar 05, 2010	124.01	124.27	124.38	123.93	-0.23%
Mar 08, 2010	124.00	124.03	124.13	123.96	-0.01%
Mar 09, 2010	122.83	122.49	123.02	122.49	-0.94%
Mar 10, 2010	122.61	122.82	122.88	122.59	-0.18%
Mar 11, 2010	122.40	122.65	122.69	122.19	-0.17%
Mar 12, 2010	122.56	122.40	122.68	122.07	0.13%
Mar 15, 2010	122.71	122.55	122.77	122.52	0.12%
Mar 16, 2010	122.86	122.71	123.24	122.45	0.12%
Mar 17, 2010	123.16	123.04	123.36	122.94	0.24%
Mar 18, 2010	123.08	123.26	123.39	122.98	-0.06%
Mar 19, 2010	123.19	123.06	123.27	122.87	0.09%
Mar 22, 2010	123.58	123.17	123.69	123.13	0.32%
Mar 23, 2010	123.67	123.56	123.78	123.53	0.07%
Mar 24, 2010	123.53	123.66	123.77	123.24	-0.11%
Mar 25, 2010	122.87	123.28	123.36	122.53	-0.53%
Mar 26, 2010	122.74	122.76	122.88	122.60	-0.11%
Mar 29, 2010	122.97	122.74	123.13	122.62	0.19%
Mar 30, 2010	123.18	122.92	123.32	122.77	0.17%
Mar 31, 2010	123.35	123.25	123.52	123.18	0.14%
Apr 01, 2010	123.44	123.38	123.50	123.13	0.07%
Apr 06, 2010	122.88	122.98	123.18	122.54	-0.45%
Apr 07, 2010	123.11	122.88	123.41	122.83	0.19%
Apr 08, 2010	123.47	123.28	123.60	123.27	0.29%
Apr 09, 2010	122.84	123.32	123.36	122.71	-0.51%
Apr 12, 2010	122.67	122.53	122.78	122.11	-0.14%
Apr 13, 2010	122.98	122.70	123.13	122.62	0.25%
Apr 14, 2010	123.14	122.89	123.26	122.78	0.13%
Apr 15, 2010	123.19	122.93	123.39	122.87	0.04%
Apr 16, 2010	123.65	123.28	123.74	123.25	0.37%
Apr 19, 2010	123.74	123.71	123.88	123.59	0.07%
Apr 20, 2010	123.50	123.66	123.74	123.39	-0.19%
Apr 21, 2010	123.76	123.42	123.87	123.37	0.21%
Apr 22, 2010	124.01	123.77	124.31	123.64	0.20%
Apr 23, 2010	123.97	123.95	124.12	123.57	-0.03%
Apr 26, 2010	124.06	123.89	124.34	123.77	0.07%
Apr 27, 2010	124.64	124.09	125.34	124.05	0.47%
Apr 28, 2010	124.60	125.20	125.51	124.30	-0.03%
Apr 29, 2010	124.43	124.75	124.76	124.23	-0.14%
Apr 30, 2010	124.85	124.59	124.91	124.31	0.34%
May 03, 2010	124.50	124.61	124.66	124.27	-0.28%
May 04, 2010	125.51	124.47	125.82	124.43	0.81%
May 05, 2010	126.35	125.61	126.59	125.44	0.67%
May 06, 2010	127.01	126.37	127.99	125.74	0.52%
May 07, 2010	126.97	127.20	127.65	126.41	-0.03%
May 10, 2010	125.49	125.81	125.87	124.94	-1.17%
May 11, 2010	125.63	125.69	126.29	125.56	0.11%
May 12, 2010	125.67	125.88	125.95	125.43	0.03%
May 13, 2010	125.86	125.55	126.10	125.37	0.15%
May 14, 2010	126.53	126.12	126.85	125.98	0.53%
May 17, 2010	126.60	126.95	126.97	126.21	0.06%
May 18, 2010	126.86	126.41	127.81	126.26	0.21%
May 19, 2010	127.47	127.72	127.84	127.04	0.48%
May 20, 2010	128.31	127.55	128.58	127.19	0.66%
May 21, 2010	128.54	128.17	128.97	128.10	0.18%
May 24, 2010	128.61	128.41	128.90	128.31	0.05%
May 25, 2010	129.38	128.85	129.55	128.82	0.60%
May 26, 2010	128.72	129.13	129.23	128.60	-0.51%
May 27, 2010	128.33	128.62	128.76	128.11	-0.30%
May 28, 2010	128.50	128.11	128.87	128.11	0.13%
May 31, 2010	128.80	128.61	128.85	128.52	0.23%
Jun 01, 2010	128.66	128.65	129.43	128.34	-0.11%
Jun 02, 2010	128.80	128.71	129.17	128.62	0.11%
Jun 03, 2010	128.50	128.50	128.80	128.13	-0.23%
Jun 04, 2010	129.39	128.79	129.63	128.54	0.69%
Jun 07, 2010	129.74	129.60	129.99	129.41	0.27%
Jun 08, 2010	130.16	129.64	130.37	129.64	0.32%
Jun 09, 2010	129.20	129.62	129.72	129.08	-0.74%
Jun 10, 2010	128.68	129.27	129.39	128.38	-0.40%
Jun 11, 2010	129.25	128.57	129.30	128.40	0.44%
Jun 14, 2010	128.53	128.98	129.02	128.41	-0.56%
Jun 15, 2010	128.30	128.91	129.14	128.03	-0.18%
Jun 16, 2010	128.33	128.15	128.70	127.92	0.02%
Jun 17, 2010	128.36	128.40	128.54	127.89	0.02%
Jun 18, 2010	127.67	128.27	128.41	127.54	-0.54%
Jun 21, 2010	127.40	127.37	127.63	127.12	-0.21%
Jun 22, 2010	128.10	127.64	128.46	127.47	0.55%
Jun 23, 2010	128.62	128.35	128.67	128.19	0.41%
Jun 24, 2010	129.14	128.42	129.16	128.40	0.40%
Jun 25, 2010	128.98	128.90	129.15	128.78	-0.12%
Jun 28, 2010	129.20	128.96	129.39	128.67	0.17%
Jun 29, 2010	129.43	129.56	129.86	129.36	0.18%
Jun 30, 2010	129.39	129.61	129.68	129.22	-0.03%
Jul 01, 2010	129.56	129.54	129.65	128.98	0.13%
Jul 02, 2010	129.31	129.42	129.61	129.05	-0.19%
Jul 05, 2010	129.70	129.41	129.82	129.34	0.30%
Jul 06, 2010	129.30	129.65	129.70	129.05	-0.31%
Jul 07, 2010	129.22	129.40	129.57	129.08	-0.06%
Jul 08, 2010	128.93	129.10	129.36	128.66	-0.22%
Jul 09, 2010	128.89	128.78	129.07	128.49	-0.03%
Jul 12, 2010	129.34	128.84	129.53	128.76	0.35%
Jul 13, 2010	128.88	129.26	129.47	128.66	-0.36%
Jul 14, 2010	128.72	128.65	129.09	128.57	-0.12%
Jul 15, 2010	128.80	128.92	129.02	128.18	0.06%
Jul 16, 2010	129.16	128.84	129.39	128.42	0.28%
Jul 19, 2010	128.73	129.16	129.54	128.58	-0.33%
Jul 20, 2010	128.90	128.65	129.14	128.61	0.13%
Jul 21, 2010	128.91	128.78	129.30	128.59	0.01%
Jul 22, 2010	128.69	129.21	129.43	128.53	-0.17%
Jul 23, 2010	128.33	128.80	128.91	127.85	-0.28%
Jul 26, 2010	127.73	128.03	128.27	127.58	-0.47%
Jul 27, 2010	127.69	127.82	127.84	127.37	-0.03%
Jul 28, 2010	127.81	127.63	128.05	127.45	0.09%
Jul 29, 2010	128.06	128.00	128.28	127.78	0.20%
Jul 30, 2010	128.55	128.30	128.66	128.21	0.38%
Aug 02, 2010	128.34	128.46	128.50	128.09	-0.16%
Aug 03, 2010	129.06	128.36	129.29	128.34	0.56%
Aug 04, 2010	129.20	129.24	129.47	129.08	0.11%
Aug 05, 2010	129.63	129.23	129.76	129.05	0.33%
Aug 06, 2010	130.10	129.64	130.15	129.44	0.36%
Aug 09, 2010	130.03	130.06	130.14	129.97	-0.05%
Aug 10, 2010	129.95	130.00	130.59	129.81	-0.06%
Aug 11, 2010	131.14	130.58	131.24	130.41	0.92%
Aug 12, 2010	131.22	130.98	131.40	130.90	0.06%
Aug 13, 2010	131.48	130.98	131.54	130.94	0.20%
Aug 16, 2010	132.05	131.53	132.30	131.38	0.43%
Aug 17, 2010	131.69	132.05	132.17	131.64	-0.27%
Aug 18, 2010	132.16	131.69	132.31	131.68	0.36%
Aug 19, 2010	132.45	132.07	132.62	131.78	0.22%
Aug 20, 2010	132.89	132.50	133.02	132.38	0.33%
Aug 23, 2010	132.76	132.72	132.89	132.60	-0.10%
Aug 24, 2010	133.90	132.90	134.26	132.83	0.86%
Aug 25, 2010	134.19	133.75	134.73	133.51	0.22%
Aug 26, 2010	133.94	133.94	134.35	133.67	-0.19%
Aug 27, 2010	133.66	134.05	134.54	133.25	-0.21%
Aug 30, 2010	134.19	133.48	134.44	133.48	0.40%
Aug 31, 2010	134.43	134.45	134.77	134.35	0.18%
Sep 01, 2010	133.23	134.12	134.37	133.02	-0.89%
Sep 02, 2010	132.72	133.31	133.43	132.44	-0.38%
Sep 03, 2010	132.00	132.72	132.82	131.73	-0.54%
Sep 06, 2010	132.16	131.90	132.40	131.86	0.12%
Sep 07, 2010	133.20	132.26	133.25	132.26	0.79%
Sep 08, 2010	133.44	133.25	133.65	133.04	0.18%
Sep 09, 2010	130.78	131.42	131.69	130.46	-1.99%
Sep 10, 2010	130.05	130.77	130.89	129.97	-0.56%
Sep 13, 2010	129.92	130.00	130.21	129.53	-0.10%
Sep 14, 2010	130.51	130.15	130.79	130.05	0.45%
Sep 15, 2010	130.11	130.45	130.56	129.84	-0.31%
Sep 16, 2010	129.38	130.00	130.07	129.22	-0.56%
Sep 17, 2010	129.77	129.37	130.21	129.08	0.30%
Sep 20, 2010	129.39	129.84	129.87	129.27	-0.29%
Sep 21, 2010	129.65	129.58	130.25	129.24	0.20%
Sep 22, 2010	130.75	130.33	130.99	130.29	0.85%
Sep 23, 2010	131.39	130.60	131.58	130.47	0.49%
Sep 24, 2010	130.85	131.29	131.67	130.68	-0.41%
Sep 27, 2010	131.51	130.83	131.67	130.80	0.50%
Sep 28, 2010	131.79	131.52	131.99	131.32	0.21%
Sep 29, 2010	131.81	131.79	132.03	131.46	0.02%
Sep 30, 2010	131.43	131.90	132.20	130.97	-0.29%
Oct 01, 2010	131.31	131.54	131.57	130.63	-0.09%
Oct 04, 2010	131.71	131.44	131.88	131.36	0.30%
Oct 05, 2010	131.45	131.81	132.17	131.31	-0.20%
Oct 06, 2010	132.02	131.45	132.10	131.34	0.43%
Oct 07, 2010	131.64	131.81	131.89	131.39	-0.29%
Oct 08, 2010	131.85	131.69	131.89	131.13	0.16%
Oct 11, 2010	131.63	131.73	131.85	131.42	-0.17%
Oct 12, 2010	132.01	131.75	132.36	131.38	0.29%
Oct 13, 2010	131.57	131.36	131.70	131.21	-0.33%
Oct 14, 2010	131.44	131.66	131.84	130.98	-0.10%
Oct 15, 2010	130.72	131.11	131.29	130.34	-0.55%
Oct 18, 2010	130.56	130.69	130.75	130.37	-0.12%
Oct 19, 2010	130.23	130.43	130.72	129.92	-0.25%
Oct 20, 2010	129.95	130.39	130.45	129.81	-0.22%
Oct 21, 2010	129.62	129.87	130.04	129.39	-0.25%
Oct 22, 2010	129.65	129.50	129.84	129.40	0.02%
Oct 25, 2010	129.84	129.72	129.99	129.56	0.15%
Oct 26, 2010	129.36	129.74	129.79	129.19	-0.37%
Oct 27, 2010	128.80	129.23	129.33	128.52	-0.43%
Oct 28, 2010	128.79	128.87	129.14	128.60	-0.01%
Oct 29, 2010	129.23	128.92	129.48	128.85	0.34%
Nov 01, 2010	129.68	129.23	130.03	129.16	0.35%
Nov 02, 2010	129.78	129.70	130.09	129.57	0.08%
Nov 03, 2010	130.24	129.69	130.32	129.68	0.35%
Nov 04, 2010	130.43	130.16	130.75	129.33	0.15%
Nov 05, 2010	130.25	130.59	130.87	129.95	-0.14%
Nov 08, 2010	130.51	130.42	130.75	130.27	0.20%
Nov 09, 2010	130.36	130.61	130.95	129.87	-0.11%
Nov 10, 2010	130.20	130.02	130.53	129.56	-0.12%
Nov 11, 2010	130.18	130.33	130.68	129.95	-0.02%
Nov 12, 2010	129.41	130.44	130.64	129.08	-0.59%
Nov 15, 2010	128.87	128.80	129.17	128.35	-0.42%
Nov 16, 2010	128.14	128.56	128.89	127.98	-0.57%
Nov 17, 2010	128.45	128.34	128.71	128.11	0.24%
Nov 18, 2010	127.50	128.07	128.17	127.31	-0.74%
Nov 19, 2010	127.41	127.65	127.79	127.32	-0.07%
Nov 22, 2010	127.94	127.25	128.18	127.13	0.42%
Nov 23, 2010	128.88	128.23	128.94	128.08	0.73%
Nov 24, 2010	127.72	128.61	129.20	127.47	-0.90%
Nov 25, 2010	127.29	127.58	127.90	127.21	-0.34%
Nov 26, 2010	127.35	127.48	128.07	127.16	0.05%
Nov 29, 2010	127.07	127.23	127.46	126.69	-0.22%
Nov 30, 2010	128.02	127.28	128.05	127.18	0.75%
Dec 01, 2010	127.02	127.85	127.94	126.63	-0.78%
Dec 02, 2010	126.47	126.91	127.02	126.27	-0.43%
Dec 03, 2010	126.19	126.54	126.56	125.83	-0.22%
Dec 06, 2010	126.57	126.36	126.68	126.26	0.30%
Dec 07, 2010	125.59	126.45	126.58	125.27	-0.77%
Dec 08, 2010	125.22	124.86	125.38	124.86	-0.29%
Dec 09, 2010	124.95	124.55	125.34	124.44	-0.22%
Dec 10, 2010	124.98	125.30	125.33	124.70	0.02%
Dec 13, 2010	124.57	124.55	125.00	124.36	-0.33%
Dec 14, 2010	124.12	124.97	124.98	123.76	-0.36%
Dec 15, 2010	124.23	124.07	124.36	123.76	0.09%
Dec 16, 2010	123.87	124.00	124.35	123.78	-0.29%
Dec 17, 2010	124.38	124.48	124.99	124.20	0.41%
Dec 20, 2010	125.30	124.91	125.34	124.67	0.74%
Dec 21, 2010	125.17	124.77	125.30	124.76	-0.10%
Dec 22, 2010	125.47	125.10	125.61	125.00	0.24%
Dec 23, 2010	125.15	125.41	125.68	125.07	-0.26%
Dec 27, 2010	124.67	125.20	125.22	124.36	-0.38%
Dec 28, 2010	125.19	125.06	125.46	124.42	0.42%
Dec 29, 2010	124.77	124.58	125.39	124.52	-0.34%
Dec 30, 2010	125.31	125.35	125.60	125.11	0.43%
Jan 03, 2011	125.73	125.34	125.99	125.26	0.34%
Jan 04, 2011	126.11	125.89	126.18	125.49	0.30%
Jan 05, 2011	125.49	126.06	126.52	125.20	-0.49%
Jan 06, 2011	125.73	125.39	125.94	125.07	0.19%
Jan 07, 2011	126.13	125.91	126.38	125.31	0.32%
Jan 10, 2011	126.28	126.30	126.46	125.98	0.12%
Jan 11, 2011	125.79	126.07	126.47	125.70	-0.39%
Jan 12, 2011	124.69	125.94	125.94	124.57	-0.87%
Jan 13, 2011	124.64	124.73	124.98	124.27	-0.04%
Jan 14, 2011	124.91	124.85	125.17	124.49	0.22%
Jan 17, 2011	124.76	124.58	124.99	124.47	-0.12%
Jan 18, 2011	124.06	124.75	124.75	123.97	-0.56%
Jan 19, 2011	124.34	124.04	124.39	123.86	0.23%
Jan 20, 2011	123.67	124.47	124.50	123.48	-0.54%
Jan 21, 2011	123.76	123.70	123.86	123.37	0.07%
Jan 24, 2011	123.92	123.55	124.04	123.50	0.13%
Jan 25, 2011	123.97	123.77	124.34	123.71	0.04%
Jan 26, 2011	123.61	123.96	124.13	123.47	-0.29%
Jan 27, 2011	123.34	123.57	123.79	123.23	-0.22%
Jan 28, 2011	123.73	123.53	123.88	123.17	0.32%
Jan 31, 2011	123.74	123.71	123.94	123.45	0.01%
Feb 01, 2011	123.01	123.44	123.51	122.88	-0.59%
Feb 02, 2011	122.87	123.10	123.29	122.68	-0.11%
Feb 03, 2011	123.22	122.78	123.33	122.63	0.28%
Feb 04, 2011	122.65	123.03	123.16	122.58	-0.46%
Feb 07, 2011	122.86	122.45	122.92	122.42	0.17%
Feb 08, 2011	122.82	122.76	123.12	122.55	-0.03%
Feb 09, 2011	122.33	122.50	122.88	122.30	-0.40%
Feb 10, 2011	122.42	122.61	122.98	122.29	0.07%
Feb 11, 2011	122.78	122.47	123.01	122.46	0.29%
Feb 14, 2011	122.67	122.50	122.88	122.42	-0.09%
Feb 15, 2011	122.68	122.51	122.80	122.34	0.01%
Feb 16, 2011	123.07	122.65	123.44	122.64	0.32%
Feb 17, 2011	123.75	123.24	123.84	123.13	0.55%
Feb 18, 2011	123.09	123.73	123.89	123.00	-0.53%
Feb 21, 2011	123.75	123.32	123.85	123.27	0.54%
Feb 22, 2011	124.13	123.95	124.36	123.89	0.31%
Feb 23, 2011	124.28	124.15	124.45	123.99	0.12%
Feb 24, 2011	124.41	124.28	124.60	124.16	0.10%
Feb 25, 2011	124.32	124.30	124.39	123.98	-0.07%
Feb 28, 2011	124.12	124.40	124.52	123.96	-0.16%
Mar 01, 2011	124.06	124.05	124.32	123.79	-0.05%
Mar 02, 2011	123.87	124.37	124.49	123.68	-0.15%
Mar 03, 2011	122.87	123.64	123.67	122.66	-0.81%
Mar 04, 2011	123.15	122.65	123.33	122.56	0.23%
Mar 07, 2011	123.03	123.31	123.32	122.72	-0.10%
Mar 08, 2011	123.05	123.06	123.15	122.92	0.02%
Mar 09, 2011	121.59	121.45	121.76	121.42	-1.19%
Mar 10, 2011	122.03	121.81	122.26	121.73	0.36%
Mar 11, 2011	122.36	122.23	122.63	122.18	0.27%
Mar 14, 2011	122.19	122.39	122.53	121.70	-0.14%
Mar 15, 2011	123.02	122.88	123.69	122.82	0.68%
Mar 16, 2011	123.65	122.83	123.92	122.66	0.51%
Mar 17, 2011	122.83	123.57	123.60	122.72	-0.66%
Mar 18, 2011	122.63	122.78	123.21	122.53	-0.16%
Mar 21, 2011	122.17	122.50	122.55	122.09	-0.38%
Mar 22, 2011	122.02	122.18	122.24	121.79	-0.12%
Mar 23, 2011	122.30	122.14	122.56	122.05	0.23%
Mar 24, 2011	122.20	122.48	122.74	122.01	-0.08%
Mar 25, 2011	122.03	121.96	122.17	121.72	-0.14%
Mar 28, 2011	121.69	121.67	121.89	121.46	-0.28%
Mar 29, 2011	121.50	121.80	121.86	121.21	-0.16%
Mar 30, 2011	121.43	121.17	121.49	121.16	-0.06%
Mar 31, 2011	121.28	121.50	121.61	121.06	-0.12%
Apr 01, 2011	121.00	121.10	121.16	120.73	-0.23%
Apr 04, 2011	121.17	121.11	121.20	120.84	0.14%
Apr 05, 2011	120.93	120.98	121.23	120.82	-0.20%
Apr 06, 2011	120.62	120.80	120.96	120.51	-0.26%
Apr 07, 2011	120.71	120.55	120.82	120.30	0.07%
Apr 08, 2011	120.04	120.47	120.56	119.95	-0.56%
Apr 11, 2011	119.90	120.00	120.17	119.86	-0.12%
Apr 12, 2011	120.46	120.10	120.57	120.08	0.47%
Apr 13, 2011	120.47	120.35	120.80	120.20	0.01%
Apr 14, 2011	120.69	120.68	121.11	120.57	0.18%
Apr 15, 2011	121.20	120.69	121.25	120.59	0.42%
Apr 18, 2011	122.45	121.24	122.60	121.13	1.03%
Apr 19, 2011	122.17	122.65	122.65	121.85	-0.23%
Apr 20, 2011	121.94	122.00	122.07	121.67	-0.19%
Apr 21, 2011	122.31	121.74	122.40	121.67	0.30%
Apr 26, 2011	122.51	122.43	122.58	122.24	0.16%
Apr 27, 2011	121.99	122.52	122.55	121.89	-0.42%
Apr 28, 2011	122.67	122.27	122.79	122.12	0.56%
Apr 29, 2011	122.92	122.59	122.98	122.48	0.20%
May 02, 2011	122.82	122.84	122.94	122.51	-0.08%
May 03, 2011	122.64	122.96	122.96	122.55	-0.15%
May 04, 2011	122.48	122.80	122.82	122.15	-0.13%
May 05, 2011	123.07	122.30	123.39	122.07	0.48%
May 06, 2011	123.44	123.16	123.95	123.00	0.30%
May 09, 2011	124.28	123.68	124.44	123.55	0.68%
May 10, 2011	124.01	124.18	124.23	123.86	-0.22%
May 11, 2011	123.93	123.85	124.32	123.58	-0.06%
May 12, 2011	124.30	124.21	124.49	123.90	0.30%
May 13, 2011	124.42	123.99	124.63	123.82	0.10%
May 16, 2011	124.13	124.57	124.62	124.03	-0.23%
May 17, 2011	124.42	124.20	124.48	123.87	0.23%
May 18, 2011	124.31	124.26	124.50	124.05	-0.09%
May 19, 2011	124.13	124.05	124.23	123.73	-0.14%
May 20, 2011	124.76	124.21	124.83	124.12	0.51%
May 23, 2011	125.18	124.93	125.33	124.87	0.34%
May 24, 2011	124.73	125.11	125.17	124.71	-0.36%
May 25, 2011	125.01	125.12	125.23	124.86	0.22%
May 26, 2011	125.51	124.80	125.59	124.74	0.40%
May 27, 2011	125.64	125.59	125.79	125.33	0.10%
May 30, 2011	125.69	125.68	125.77	125.51	0.04%
May 31, 2011	125.35	125.41	125.50	125.02	-0.27%
Jun 01, 2011	125.67	125.15	125.89	124.96	0.26%
Jun 02, 2011	125.72	125.76	125.98	125.31	0.04%
Jun 03, 2011	125.22	125.48	126.04	125.03	-0.40%
Jun 06, 2011	125.44	125.22	125.70	125.20	0.18%
Jun 07, 2011	124.87	125.52	125.57	124.77	-0.45%
Jun 08, 2011	125.30	125.04	125.31	125.00	0.34%
Jun 09, 2011	125.18	124.93	125.44	124.70	-0.10%
Jun 10, 2011	125.88	125.16	126.00	125.15	0.56%
Jun 13, 2011	125.94	125.88	126.11	125.76	0.05%
Jun 14, 2011	125.41	125.80	125.94	125.32	-0.42%
Jun 15, 2011	125.95	125.61	126.35	125.47	0.43%
Jun 16, 2011	126.48	126.44	126.62	126.13	0.42%
Jun 17, 2011	126.07	126.49	126.56	125.93	-0.32%
Jun 20, 2011	126.15	126.30	126.59	125.98	0.06%
Jun 21, 2011	125.89	126.06	126.24	125.73	-0.21%
Jun 22, 2011	126.21	125.78	126.38	125.70	0.25%
Jun 23, 2011	127.19	126.20	127.22	126.18	0.78%
Jun 24, 2011	127.45	126.88	127.54	126.73	0.20%
Jun 27, 2011	126.90	127.55	127.57	126.78	-0.43%
Jun 28, 2011	126.56	126.97	127.07	126.16	-0.27%
Jun 29, 2011	125.90	126.27	126.33	125.60	-0.52%
Jun 30, 2011	125.48	125.81	126.08	125.26	-0.33%
Jul 01, 2011	125.42	125.60	125.82	125.22	-0.05%
Jul 04, 2011	125.48	125.58	125.77	125.42	0.05%
Jul 05, 2011	125.62	125.62	125.98	125.41	0.11%
Jul 06, 2011	126.52	125.71	126.64	125.64	0.72%
Jul 07, 2011	125.96	126.17	126.53	125.79	-0.44%
Jul 08, 2011	127.45	126.03	127.50	125.85	1.18%
Jul 11, 2011	129.14	127.50	129.36	127.36	1.33%
Jul 12, 2011	128.89	129.27	130.91	128.59	-0.19%
Jul 13, 2011	128.35	129.09	129.31	128.21	-0.42%
Jul 14, 2011	128.42	128.59	128.87	128.19	0.05%
Jul 15, 2011	128.99	128.50	129.29	128.43	0.44%
Jul 18, 2011	129.44	129.02	129.74	129.01	0.35%
Jul 19, 2011	129.05	129.40	129.53	128.62	-0.30%
Jul 20, 2011	128.14	129.05	129.07	128.08	-0.71%
Jul 21, 2011	127.01	127.97	128.24	126.88	-0.88%
Jul 22, 2011	127.69	127.00	127.82	126.39	0.54%
Jul 25, 2011	128.26	127.62	128.45	127.56	0.45%
Jul 26, 2011	128.34	128.00	128.55	127.76	0.06%
Jul 27, 2011	129.37	128.38	129.48	128.31	0.80%
Jul 28, 2011	129.43	129.35	129.87	129.13	0.05%
Jul 29, 2011	130.36	129.86	130.70	129.66	0.72%
Aug 01, 2011	131.17	130.05	131.37	129.89	0.62%
Aug 02, 2011	131.82	131.27	132.24	131.18	0.50%
Aug 03, 2011	131.81	132.18	132.63	131.43	-0.01%
Aug 04, 2011	132.79	131.55	133.28	131.27	0.74%
Aug 05, 2011	132.36	133.16	133.77	130.52	-0.32%
Aug 08, 2011	133.08	131.60	133.70	130.57	0.54%
Aug 09, 2011	132.41	133.25	133.96	132.22	-0.50%
Aug 10, 2011	134.10	133.10	134.54	132.64	1.28%
Aug 11, 2011	133.30	133.75	134.54	132.78	-0.60%
Aug 12, 2011	132.96	133.50	133.81	132.51	-0.26%
Aug 15, 2011	132.93	132.80	133.14	132.47	-0.02%
Aug 16, 2011	133.11	132.87	133.79	132.52	0.14%
Aug 17, 2011	133.92	133.53	134.37	133.36	0.61%
Aug 18, 2011	135.75	134.32	136.26	134.29	1.37%
Aug 19, 2011	135.31	135.88	136.18	135.02	-0.32%
Aug 22, 2011	135.18	135.37	135.84	134.74	-0.10%
Aug 23, 2011	135.28	135.13	135.47	134.63	0.07%
Aug 24, 2011	134.54	135.16	135.33	134.25	-0.55%
Aug 25, 2011	134.84	134.45	135.01	133.88	0.22%
Aug 26, 2011	135.21	134.77	135.84	134.67	0.27%
Aug 29, 2011	134.39	134.81	135.16	134.18	-0.61%
Aug 30, 2011	135.28	134.52	135.61	134.31	0.66%
Aug 31, 2011	134.56	135.14	135.29	134.30	-0.53%
Sep 01, 2011	135.30	134.25	135.54	134.22	0.55%
Sep 02, 2011	136.64	135.53	136.97	135.51	0.99%
Sep 05, 2011	138.32	137.00	138.74	136.90	1.23%
Sep 06, 2011	138.61	138.57	138.86	137.65	0.21%
Sep 07, 2011	137.80	137.94	138.27	137.53	-0.58%
Sep 08, 2011	138.16	138.06	138.21	137.88	0.26%
Sep 09, 2011	137.77	136.70	138.23	136.56	-0.28%
Sep 12, 2011	138.24	138.05	138.61	137.95	0.34%
Sep 13, 2011	137.73	138.10	138.91	137.46	-0.37%
Sep 14, 2011	136.87	137.99	138.26	136.53	-0.62%
Sep 15, 2011	135.99	136.81	136.94	135.12	-0.64%
Sep 16, 2011	136.65	136.13	136.83	135.69	0.49%
Sep 19, 2011	137.43	137.16	137.73	137.05	0.57%
Sep 20, 2011	137.44	137.77	138.14	137.20	0.01%
Sep 21, 2011	137.80	137.55	137.94	137.17	0.26%
Sep 22, 2011	138.56	138.25	139.07	138.22	0.55%
Sep 23, 2011	138.12	138.77	139.19	137.48	-0.32%
Sep 26, 2011	137.27	137.95	138.39	136.85	-0.62%
Sep 27, 2011	135.88	136.75	136.75	135.53	-1.01%
Sep 28, 2011	135.66	136.13	136.29	135.01	-0.16%
Sep 29, 2011	135.25	135.56	136.04	135.17	-0.30%
Sep 30, 2011	136.49	135.65	136.80	135.48	0.92%
Oct 03, 2011	137.44	136.88	138.10	136.83	0.70%
Oct 04, 2011	138.24	137.91	138.80	137.85	0.58%
Oct 05, 2011	137.06	138.00	138.28	136.81	-0.85%
Oct 06, 2011	135.88	136.99	137.33	135.81	-0.86%
Oct 07, 2011	135.41	135.87	136.25	135.08	-0.35%
Oct 10, 2011	134.62	135.68	135.80	134.40	-0.58%
Oct 11, 2011	134.55	134.75	134.99	134.40	-0.05%
Oct 12, 2011	133.56	134.73	134.86	133.15	-0.74%
Oct 13, 2011	134.39	133.57	134.75	133.21	0.62%
Oct 14, 2011	133.40	134.14	134.55	133.29	-0.74%
Oct 17, 2011	134.62	133.29	134.97	132.94	0.91%
Oct 18, 2011	135.58	134.80	135.85	134.80	0.71%
Oct 19, 2011	135.09	135.12	135.45	134.32	-0.36%
Oct 20, 2011	135.43	135.48	135.94	134.62	0.25%
Oct 21, 2011	134.67	135.28	135.80	134.52	-0.56%
Oct 24, 2011	134.77	134.44	135.53	134.42	0.07%
Oct 25, 2011	135.26	134.80	135.39	134.14	0.36%
Oct 26, 2011	135.62	135.33	136.04	134.72	0.27%
Oct 27, 2011	133.71	134.55	134.78	133.15	-1.41%
Oct 28, 2011	133.67	133.40	134.04	132.89	-0.03%
Oct 31, 2011	135.47	134.09	136.68	133.98	1.35%
Nov 01, 2011	138.15	137.00	138.54	136.81	1.98%
Nov 02, 2011	137.57	137.90	138.00	137.16	-0.42%
Nov 03, 2011	136.87	138.09	138.36	136.44	-0.51%
Nov 04, 2011	137.60	136.52	137.96	136.35	0.53%
Nov 07, 2011	137.91	137.69	138.50	137.52	0.23%
Nov 08, 2011	138.03	137.99	138.24	137.06	0.09%
Nov 09, 2011	138.81	137.19	139.32	137.08	0.57%
Nov 10, 2011	138.55	139.50	139.58	137.90	-0.19%
Nov 11, 2011	137.26	138.35	138.43	136.92	-0.93%
Nov 14, 2011	138.26	137.28	138.70	137.03	0.73%
Nov 15, 2011	138.71	138.60	139.07	138.23	0.33%
Nov 16, 2011	138.15	138.91	139.00	137.92	-0.40%
Nov 17, 2011	137.32	138.23	138.79	137.19	-0.60%
Nov 18, 2011	136.50	138.00	138.03	136.19	-0.60%
Nov 21, 2011	137.15	136.84	137.70	136.68	0.48%
Nov 22, 2011	137.25	137.15	137.48	136.73	0.07%
Nov 23, 2011	135.81	137.50	137.79	135.27	-1.05%
Nov 24, 2011	135.05	135.42	135.46	134.36	-0.56%
Nov 25, 2011	134.12	134.80	135.40	134.06	-0.69%
Nov 28, 2011	133.88	134.03	134.52	133.36	-0.18%
Nov 29, 2011	133.39	133.94	134.37	132.99	-0.37%
Nov 30, 2011	133.82	133.89	134.50	133.36	0.32%
Dec 01, 2011	134.88	133.67	135.21	133.56	0.79%
Dec 02, 2011	135.51	134.90	135.62	134.53	0.47%
Dec 05, 2011	134.82	135.35	135.40	134.06	-0.51%
Dec 06, 2011	134.78	134.37	134.98	134.04	-0.03%
Dec 07, 2011	135.51	134.65	135.92	134.32	0.54%
Dec 08, 2011	135.56	135.52	135.73	135.23	0.04%
Dec 09, 2011	135.37	137.10	137.12	135.30	-0.14%
Dec 12, 2011	136.54	135.22	136.83	135.22	0.86%
Dec 13, 2011	136.61	136.62	136.91	135.97	0.05%
Dec 14, 2011	137.86	136.76	138.08	136.61	0.92%
Dec 15, 2011	137.63	138.18	138.21	137.43	-0.17%
Dec 16, 2011	138.58	137.77	138.86	137.60	0.69%
Dec 19, 2011	138.39	138.65	138.69	138.08	-0.14%
Dec 20, 2011	137.50	138.23	138.36	137.39	-0.64%
Dec 21, 2011	137.83	137.51	138.08	136.69	0.24%
Dec 22, 2011	137.83	137.77	137.90	137.15	0.00%
Dec 23, 2011	137.55	137.58	137.94	137.45	-0.20%
Dec 27, 2011	137.98	137.97	138.62	137.50	0.31%
Dec 28, 2011	138.21	138.19	138.50	137.74	0.17%
Dec 29, 2011	138.92	138.45	138.96	138.13	0.51%
Dec 30, 2011	139.04	138.86	139.13	138.60	0.09%
Jan 02, 2012	138.19	139.30	139.32	138.09	-0.61%
Jan 03, 2012	138.29	138.34	138.48	137.79	0.07%
Jan 04, 2012	138.09	138.20	138.48	137.77	-0.14%
Jan 05, 2012	138.79	137.94	138.98	137.70	0.51%
Jan 06, 2012	138.84	138.62	139.00	138.28	0.04%
Jan 09, 2012	139.10	139.03	139.12	138.49	0.19%
Jan 10, 2012	138.72	138.81	139.05	138.43	-0.27%
Jan 11, 2012	139.35	138.73	139.44	138.50	0.45%
Jan 12, 2012	139.16	139.23	139.44	138.95	-0.14%
Jan 13, 2012	139.94	139.01	140.23	138.73	0.56%
Jan 16, 2012	139.86	140.14	140.16	139.70	-0.06%
Jan 17, 2012	139.68	139.72	139.88	139.24	-0.13%
Jan 18, 2012	139.87	139.73	140.01	139.38	0.14%
Jan 19, 2012	138.96	139.62	139.75	138.84	-0.65%
Jan 20, 2012	138.12	138.89	138.99	137.86	-0.60%
Jan 23, 2012	137.44	138.19	138.45	137.25	-0.49%
Jan 24, 2012	137.30	137.52	137.90	137.18	-0.10%
Jan 25, 2012	137.82	137.32	138.41	137.18	0.38%
Jan 26, 2012	138.69	138.07	138.92	137.88	0.63%
Jan 27, 2012	138.89	138.80	139.26	138.52	0.14%
Jan 30, 2012	139.67	139.25	139.77	139.11	0.56%
Jan 31, 2012	139.72	139.59	139.89	139.08	0.04%
Feb 01, 2012	139.24	139.75	139.77	138.99	-0.34%
Feb 02, 2012	139.08	139.04	139.79	138.88	-0.11%
Feb 03, 2012	138.32	139.34	139.59	138.13	-0.55%
Feb 06, 2012	138.63	138.47	139.14	138.44	0.22%
Feb 07, 2012	137.95	138.83	139.13	137.83	-0.49%
Feb 08, 2012	137.84	137.78	137.96	137.50	-0.08%
Feb 09, 2012	137.10	137.65	137.96	136.93	-0.54%
Feb 10, 2012	138.23	137.46	138.78	137.36	0.82%
Feb 13, 2012	138.23	138.09	138.42	137.64	0.00%
Feb 14, 2012	138.52	138.49	138.75	137.89	0.21%
Feb 15, 2012	139.09	138.31	139.30	138.15	0.41%
Feb 16, 2012	139.03	139.42	139.59	138.63	-0.04%
Feb 17, 2012	138.42	138.79	138.86	138.18	-0.44%
Feb 20, 2012	137.97	138.18	138.38	137.85	-0.33%
Feb 21, 2012	137.96	137.88	138.30	137.70	-0.01%
Feb 22, 2012	138.53	137.85	139.02	137.72	0.41%
Feb 23, 2012	139.02	138.76	139.18	138.51	0.35%
Feb 24, 2012	139.03	138.99	139.17	138.81	0.01%
Feb 27, 2012	139.74	139.12	139.95	138.81	0.51%
Feb 28, 2012	140.06	139.61	140.20	139.52	0.23%
Feb 29, 2012	139.89	139.93	140.28	139.48	-0.12%
Mar 01, 2012	139.30	139.85	140.03	139.13	-0.42%
Mar 02, 2012	140.06	139.50	140.16	139.39	0.55%
Mar 05, 2012	139.83	139.91	140.39	139.71	-0.16%
Mar 06, 2012	140.27	139.98	140.48	139.92	0.31%
Mar 07, 2012	140.27	140.22	140.52	140.10	0.00%
Mar 08, 2012	140.00	140.22	140.29	139.84	-0.19%
Mar 09, 2012	138.48	138.28	138.58	138.14	-1.09%
Mar 12, 2012	138.87	138.60	139.06	138.50	0.28%
Mar 13, 2012	138.23	138.68	138.77	137.75	-0.46%
Mar 14, 2012	136.80	137.61	137.67	136.53	-1.03%
Mar 15, 2012	136.48	136.35	136.86	136.26	-0.23%
Mar 16, 2012	135.46	136.39	136.56	135.27	-0.75%
Mar 19, 2012	135.60	135.56	136.04	135.27	0.10%
Mar 20, 2012	135.64	135.51	135.89	135.45	0.03%
Mar 21, 2012	136.33	135.56	136.51	135.30	0.51%
Mar 22, 2012	137.09	136.43	137.26	136.32	0.56%
Mar 23, 2012	137.39	137.00	137.70	136.87	0.22%
Mar 26, 2012	136.74	137.46	137.59	136.59	-0.47%
Mar 27, 2012	137.31	136.85	137.55	136.63	0.42%
Mar 28, 2012	137.86	137.45	138.06	137.12	0.40%
Mar 29, 2012	138.31	137.88	138.43	137.73	0.33%
Mar 30, 2012	138.49	138.44	138.58	138.02	0.13%
Apr 02, 2012	138.42	137.89	138.55	137.72	-0.05%
Apr 03, 2012	138.29	138.26	138.50	137.60	-0.09%
Apr 04, 2012	138.42	137.84	138.74	137.80	0.09%
Apr 05, 2012	139.15	138.56	139.38	138.37	0.53%
Apr 10, 2012	140.32	139.90	140.44	139.45	0.84%
Apr 11, 2012	139.82	140.27	140.28	139.52	-0.36%
Apr 12, 2012	139.67	139.83	140.05	139.49	-0.11%
Apr 13, 2012	140.36	139.91	140.42	139.79	0.49%
Apr 16, 2012	140.39	140.39	140.56	140.09	0.02%
Apr 17, 2012	139.96	140.30	140.41	139.82	-0.31%
Apr 18, 2012	140.36	139.98	140.49	139.82	0.29%
Apr 19, 2012	140.62	140.31	140.78	140.06	0.19%
Apr 20, 2012	140.38	140.58	140.86	140.21	-0.17%
Apr 23, 2012	141.29	140.61	141.37	140.58	0.65%
Apr 24, 2012	140.62	141.14	141.19	140.49	-0.47%
Apr 25, 2012	140.20	140.52	140.61	140.04	-0.30%
Apr 26, 2012	140.92	140.39	141.07	140.20	0.51%
Apr 27, 2012	140.70	141.22	141.38	140.63	-0.16%
Apr 30, 2012	141.09	140.70	141.21	140.59	0.28%
May 02, 2012	141.73	140.87	141.83	140.71	0.45%
May 03, 2012	141.71	141.70	141.82	141.26	-0.01%
May 04, 2012	142.05	141.73	142.13	141.47	0.24%
May 07, 2012	141.82	142.32	142.44	141.77	-0.16%
May 08, 2012	142.55	141.95	142.64	141.92	0.51%
May 09, 2012	142.80	142.49	143.03	142.41	0.18%
May 10, 2012	142.61	142.64	143.00	142.26	-0.13%
May 11, 2012	142.77	142.87	143.09	142.49	0.11%
May 14, 2012	143.40	143.04	143.69	142.95	0.44%
May 15, 2012	143.45	143.39	143.53	142.89	0.03%
May 16, 2012	143.18	143.45	143.69	142.83	-0.19%
May 17, 2012	143.67	143.18	144.03	143.10	0.34%
May 18, 2012	143.64	144.01	144.06	143.54	-0.02%
May 21, 2012	143.57	143.41	143.69	143.17	-0.05%
May 22, 2012	143.09	143.35	143.55	143.03	-0.33%
May 23, 2012	144.06	143.57	144.28	143.35	0.68%
May 24, 2012	143.97	143.83	144.55	143.83	-0.06%
May 25, 2012	144.23	144.02	144.39	143.63	0.18%
May 28, 2012	144.37	144.07	144.47	143.89	0.10%
May 29, 2012	144.30	144.22	144.58	144.02	-0.05%
May 30, 2012	145.33	144.25	145.47	144.24	0.71%
May 31, 2012	146.03	145.34	146.08	144.97	0.48%
Jun 01, 2012	146.34	145.89	146.89	145.84	0.21%
Jun 04, 2012	145.78	146.31	146.33	145.63	-0.38%
Jun 05, 2012	145.76	145.69	146.34	145.59	-0.01%
Jun 06, 2012	144.66	145.50	145.72	144.31	-0.75%
Jun 07, 2012	144.22	144.58	144.68	143.90	-0.30%
Jun 08, 2012	143.53	143.41	144.18	143.26	-0.48%
Jun 11, 2012	143.89	142.67	144.08	142.48	0.25%
Jun 12, 2012	142.48	143.92	143.97	141.75	-0.98%
Jun 13, 2012	141.71	142.17	142.34	141.44	-0.54%
Jun 14, 2012	141.83	141.99	142.43	141.53	0.08%
Jun 15, 2012	142.29	141.75	142.63	141.69	0.32%
Jun 18, 2012	142.64	141.59	143.09	141.14	0.25%
Jun 19, 2012	141.36	142.64	142.95	141.19	-0.90%
Jun 20, 2012	140.49	141.42	141.46	140.17	-0.62%
Jun 21, 2012	141.52	140.56	141.57	140.35	0.73%
Jun 22, 2012	140.88	141.40	141.73	140.52	-0.45%
Jun 25, 2012	142.15	140.99	142.26	140.95	0.90%
Jun 26, 2012	141.70	142.00	142.11	141.24	-0.32%
Jun 27, 2012	141.11	141.57	141.72	140.98	-0.42%
Jun 28, 2012	141.71	141.28	142.01	141.11	0.43%
Jun 29, 2012	140.90	140.65	141.03	139.72	-0.57%
Jul 02, 2012	141.68	140.90	141.78	140.68	0.55%
Jul 03, 2012	141.46	141.57	141.73	141.25	-0.16%
Jul 04, 2012	142.32	141.43	142.44	141.38	0.61%
Jul 05, 2012	143.12	142.40	143.29	142.14	0.56%
Jul 06, 2012	143.94	143.20	144.02	143.15	0.57%
Jul 09, 2012	143.99	143.94	144.28	143.85	0.03%
Jul 10, 2012	144.11	144.13	144.24	143.66	0.08%
Jul 11, 2012	144.64	144.18	144.71	143.95	0.37%
Jul 12, 2012	144.84	144.62	145.01	144.57	0.14%
Jul 13, 2012	144.72	144.94	145.16	144.52	-0.08%
Jul 16, 2012	145.04	144.88	145.30	144.67	0.22%
Jul 17, 2012	145.12	144.83	145.27	144.62	0.06%
Jul 18, 2012	145.34	145.06	145.50	144.83	0.15%
Jul 19, 2012	145.14	145.21	145.34	144.83	-0.14%
Jul 20, 2012	145.77	145.20	145.88	145.12	0.43%
Jul 23, 2012	145.55	146.10	146.26	145.52	-0.15%
Jul 24, 2012	145.03	145.45	145.49	144.51	-0.36%
Jul 25, 2012	144.69	145.11	145.20	144.02	-0.23%
Jul 26, 2012	144.01	144.66	145.11	143.77	-0.47%
Jul 27, 2012	143.21	143.86	144.29	142.64	-0.56%
Jul 30, 2012	143.39	143.08	143.66	142.99	0.13%
Jul 31, 2012	144.57	143.33	144.62	143.29	0.82%
Aug 01, 2012	143.50	144.50	144.50	143.23	-0.74%
Aug 02, 2012	144.88	143.45	145.17	142.83	0.96%
Aug 03, 2012	142.95	144.85	144.96	142.68	-1.33%
Aug 06, 2012	143.20	142.95	143.64	142.81	0.17%
Aug 07, 2012	142.33	143.08	143.36	142.17	-0.61%
Aug 08, 2012	142.75	142.36	143.18	142.35	0.30%
Aug 09, 2012	142.56	142.63	143.16	142.36	-0.13%
Aug 10, 2012	143.40	143.04	143.66	142.94	0.59%
Aug 13, 2012	143.18	143.33	143.58	142.61	-0.15%
Aug 14, 2012	142.43	143.00	143.08	142.28	-0.52%
Aug 15, 2012	141.41	142.38	142.45	141.33	-0.72%
Aug 16, 2012	141.78	141.05	141.89	140.78	0.26%
Aug 17, 2012	142.12	141.73	142.22	141.45	0.24%
Aug 20, 2012	142.00	141.85	142.17	141.14	-0.08%
Aug 21, 2012	141.38	141.95	141.99	141.27	-0.44%
Aug 22, 2012	142.61	142.02	142.88	141.63	0.87%
Aug 23, 2012	143.50	142.74	143.72	142.70	0.62%
Aug 24, 2012	144.00	143.51	144.13	143.42	0.35%
Aug 27, 2012	143.80	143.89	143.99	143.55	-0.14%
Aug 28, 2012	143.96	143.90	144.06	143.62	0.11%
Aug 29, 2012	143.58	143.87	144.37	143.39	-0.26%
Aug 30, 2012	144.15	143.68	144.26	143.63	0.40%
Aug 31, 2012	144.02	144.20	144.31	143.17	-0.09%
Sep 03, 2012	143.55	144.00	144.16	143.46	-0.33%
Sep 04, 2012	143.50	143.56	143.69	143.02	-0.03%
Sep 05, 2012	143.13	143.51	143.90	142.82	-0.26%
Sep 06, 2012	142.66	143.00	143.01	142.31	-0.33%
Sep 07, 2012	140.65	140.17	140.77	139.43	-1.41%
Sep 10, 2012	140.32	140.52	140.93	140.13	-0.23%
Sep 11, 2012	140.38	140.81	140.98	140.33	0.04%
Sep 12, 2012	139.55	140.32	140.50	139.24	-0.59%
Sep 13, 2012	140.29	139.63	140.47	139.48	0.53%
Sep 14, 2012	138.74	140.08	140.09	138.60	-1.10%
Sep 17, 2012	139.00	138.82	139.15	138.41	0.19%
Sep 18, 2012	139.46	139.23	139.67	139.01	0.33%
Sep 19, 2012	139.71	139.08	139.95	139.03	0.18%
Sep 20, 2012	140.21	139.91	140.35	139.78	0.36%
Sep 21, 2012	140.00	139.82	140.21	139.60	-0.15%
Sep 24, 2012	140.40	140.18	140.49	139.95	0.29%
Sep 25, 2012	140.06	140.41	140.95	139.96	-0.24%
Sep 26, 2012	141.63	140.69	141.73	140.62	1.12%
Sep 27, 2012	141.57	141.50	141.72	141.29	-0.04%
Sep 28, 2012	141.77	141.46	141.95	141.36	0.14%
Oct 01, 2012	141.40	141.69	141.75	141.12	-0.26%
Oct 02, 2012	141.43	141.65	141.69	141.10	0.02%
Oct 03, 2012	141.59	141.74	141.91	141.44	0.11%
Oct 04, 2012	141.67	141.57	141.80	141.13	0.06%
Oct 05, 2012	140.87	141.32	141.54	140.71	-0.56%
Oct 08, 2012	141.39	141.07	141.45	141.06	0.37%
Oct 09, 2012	141.38	141.29	141.57	141.05	-0.01%
Oct 10, 2012	141.23	141.40	141.53	141.02	-0.11%
Oct 11, 2012	141.15	141.68	141.90	140.98	-0.06%
Oct 12, 2012	141.70	141.41	141.91	141.21	0.39%
Oct 15, 2012	141.55	141.75	141.83	141.39	-0.11%
Oct 16, 2012	140.77	141.38	141.46	140.63	-0.55%
Oct 17, 2012	139.75	140.55	140.59	139.57	-0.72%
Oct 18, 2012	139.82	139.49	140.13	139.45	0.05%
Oct 19, 2012	140.11	139.74	140.48	139.71	0.21%
Oct 22, 2012	139.87	140.22	140.30	139.67	-0.17%
Oct 23, 2012	140.35	139.87	140.50	139.87	0.34%
Oct 24, 2012	140.47	140.19	140.65	140.13	0.09%
Oct 25, 2012	140.39	140.20	140.46	139.88	-0.06%
Oct 26, 2012	140.85	140.56	141.16	140.52	0.33%
Oct 29, 2012	141.70	141.06	141.88	141.03	0.60%
Oct 30, 2012	141.54	141.82	142.00	141.35	-0.11%
Oct 31, 2012	141.68	141.57	141.86	141.18	0.10%
Nov 01, 2012	141.71	141.62	141.83	141.46	0.02%
Nov 02, 2012	141.87	141.68	142.04	141.39	0.11%
Nov 05, 2012	142.13	142.07	142.28	141.95	0.18%
Nov 06, 2012	142.09	142.05	142.30	141.65	-0.03%
Nov 07, 2012	142.75	142.08	142.88	141.77	0.46%
Nov 08, 2012	142.98	142.71	143.18	142.57	0.16%
Nov 09, 2012	143.14	143.05	143.47	142.94	0.11%
Nov 12, 2012	143.17	143.20	143.27	143.03	0.02%
Nov 13, 2012	143.14	143.33	143.48	142.98	-0.02%
Nov 14, 2012	143.14	143.20	143.41	142.83	0.00%
Nov 15, 2012	143.13	143.34	143.37	142.91	-0.01%
Nov 16, 2012	143.31	143.32	143.45	143.00	0.13%
Nov 19, 2012	143.00	143.11	143.19	142.87	-0.22%
Nov 20, 2012	142.38	143.06	143.22	142.33	-0.43%
Nov 21, 2012	142.17	142.57	142.64	142.13	-0.15%
Nov 22, 2012	142.16	142.19	142.27	142.03	-0.01%
Nov 23, 2012	142.12	142.15	142.48	142.01	-0.03%
Nov 26, 2012	142.43	142.23	142.50	142.15	0.22%
Nov 27, 2012	142.23	142.12	142.36	141.84	-0.14%
Nov 28, 2012	142.95	142.40	143.15	142.32	0.51%
Nov 29, 2012	142.84	142.80	143.02	142.63	-0.08%
Nov 30, 2012	142.79	142.88	143.12	142.72	-0.04%
Dec 03, 2012	142.51	142.89	143.05	142.07	-0.20%
Dec 04, 2012	142.74	142.48	142.79	142.33	0.16%
Dec 05, 2012	143.28	142.60	143.37	142.54	0.38%
Dec 06, 2012	143.38	143.24	143.39	143.14	0.07%
Dec 07, 2012	145.72	145.59	145.88	145.42	1.63%
Dec 10, 2012	145.60	145.81	146.17	145.54	-0.08%
Dec 11, 2012	145.41	145.69	145.78	145.24	-0.13%
Dec 12, 2012	145.26	145.24	145.41	145.02	-0.10%
Dec 13, 2012	145.06	144.90	145.54	144.83	-0.14%
Dec 14, 2012	144.93	144.98	145.24	144.73	-0.09%
Dec 17, 2012	144.86	144.71	145.02	144.61	-0.05%
Dec 18, 2012	144.41	144.57	144.84	144.11	-0.31%
Dec 19, 2012	144.15	144.26	144.41	143.80	-0.18%
Dec 20, 2012	144.32	144.19	144.50	144.16	0.12%
Dec 21, 2012	144.77	144.60	144.85	144.44	0.31%
Dec 27, 2012	145.54	144.78	145.63	144.62	0.53%
Dec 28, 2012	145.64	145.55	145.82	145.42	0.07%
Jan 02, 2013	144.07	144.85	144.90	143.94	-1.08%
Jan 03, 2013	143.57	143.91	144.17	143.19	-0.35%
Jan 04, 2013	142.75	143.17	143.43	142.52	-0.57%
Jan 07, 2013	143.06	142.95	143.18	142.79	0.22%
Jan 08, 2013	143.43	143.22	143.52	143.01	0.26%
Jan 09, 2013	143.58	143.26	143.77	143.19	0.10%
Jan 10, 2013	142.70	143.53	143.66	142.43	-0.61%
Jan 11, 2013	142.31	142.55	142.78	142.05	-0.27%
Jan 14, 2013	142.77	142.48	142.94	142.44	0.32%
Jan 15, 2013	143.29	142.86	143.39	142.79	0.36%
Jan 16, 2013	143.37	143.14	143.64	143.14	0.06%
Jan 17, 2013	142.76	143.50	143.62	142.51	-0.43%
Jan 18, 2013	143.32	142.50	143.38	142.38	0.39%
Jan 21, 2013	142.90	143.25	143.34	142.85	-0.29%
Jan 22, 2013	143.12	142.96	143.23	142.54	0.15%
Jan 23, 2013	143.59	143.17	143.68	143.07	0.33%
Jan 24, 2013	143.20	143.55	144.07	143.18	-0.27%
Jan 25, 2013	142.50	143.27	143.49	142.20	-0.49%
Jan 28, 2013	141.79	142.21	142.53	141.61	-0.50%
Jan 29, 2013	141.82	141.87	142.27	141.70	0.02%
Jan 30, 2013	141.43	141.75	141.98	141.28	-0.27%
Jan 31, 2013	141.90	141.88	142.17	141.55	0.33%
Feb 01, 2013	142.01	141.67	142.45	141.54	0.08%
Feb 04, 2013	142.64	141.48	142.82	141.47	0.44%
Feb 05, 2013	142.20	142.65	142.93	141.94	-0.31%
Feb 06, 2013	142.54	142.29	142.78	142.22	0.24%
Feb 07, 2013	142.82	142.54	143.01	142.14	0.20%
Feb 08, 2013	142.83	142.73	143.11	142.62	0.01%
Feb 11, 2013	142.85	142.94	143.11	142.63	0.01%
Feb 12, 2013	142.55	142.92	143.03	142.41	-0.21%
Feb 13, 2013	142.05	142.61	142.69	141.84	-0.35%
Feb 14, 2013	142.59	142.03	142.68	141.87	0.38%
Feb 15, 2013	142.34	142.70	143.01	142.29	-0.18%
Feb 18, 2013	142.76	142.51	142.92	142.48	0.30%
Feb 19, 2013	142.82	142.83	142.98	142.61	0.04%
Feb 20, 2013	142.42	142.72	142.72	142.23	-0.28%
Feb 21, 2013	143.38	142.71	143.60	142.71	0.67%
Feb 22, 2013	143.62	143.40	143.74	143.17	0.17%
Feb 25, 2013	143.52	143.52	144.47	142.85	-0.07%
Feb 26, 2013	144.90	144.51	145.13	144.43	0.96%
Feb 27, 2013	145.09	145.11	145.40	144.80	0.13%
Feb 28, 2013	144.99	145.00	145.23	144.81	-0.07%
Mar 01, 2013	145.51	145.19	145.64	144.86	0.36%
Mar 04, 2013	145.51	145.77	145.80	145.35	0.00%
Mar 05, 2013	145.03	145.36	145.43	145.01	-0.33%
Mar 06, 2013	145.12	145.10	145.25	144.86	0.06%
Mar 07, 2013	145.27	145.14	145.29	144.92	0.10%
Mar 08, 2013	142.46	142.78	142.95	142.27	-1.93%
Mar 11, 2013	142.72	142.72	142.87	142.51	0.18%
Mar 12, 2013	143.04	142.60	143.21	142.52	0.22%
Mar 13, 2013	143.14	143.00	143.37	142.92	0.07%
Mar 14, 2013	143.14	143.12	143.24	142.82	0.00%
Mar 15, 2013	143.39	143.10	143.54	143.00	0.17%
Mar 18, 2013	143.94	144.41	144.69	143.87	0.38%
Mar 19, 2013	144.62	144.05	144.82	143.98	0.47%
Mar 20, 2013	144.30	144.64	144.64	143.95	-0.22%
Mar 21, 2013	144.46	144.20	144.66	144.04	0.11%
Mar 22, 2013	144.37	144.71	144.83	144.21	-0.06%
Mar 25, 2013	144.72	144.01	144.93	143.91	0.24%
Mar 26, 2013	144.82	144.65	144.90	144.49	0.07%
Mar 27, 2013	145.52	144.93	145.67	144.83	0.48%
Mar 28, 2013	145.49	145.67	145.87	145.34	-0.02%
Apr 02, 2013	145.24	145.58	145.63	145.10	-0.17%
Apr 03, 2013	145.52	145.25	145.65	145.13	0.19%
Apr 04, 2013	145.96	145.59	146.08	145.45	0.30%
Apr 05, 2013	146.34	145.97	146.54	145.82	0.26%
Apr 08, 2013	146.08	146.31	146.34	145.85	-0.18%
Apr 09, 2013	145.80	145.87	146.06	145.51	-0.19%
Apr 10, 2013	145.35	145.65	145.68	145.15	-0.31%
Apr 11, 2013	145.25	145.24	145.50	144.93	-0.07%
Apr 12, 2013	145.88	145.29	145.98	145.27	0.43%
Apr 15, 2013	146.04	145.90	146.22	145.63	0.11%
Apr 16, 2013	145.73	146.01	146.11	145.55	-0.21%
Apr 17, 2013	146.24	145.76	146.36	145.35	0.35%
Apr 18, 2013	146.27	146.20	146.39	145.86	0.02%
Apr 19, 2013	146.03	146.15	146.21	145.85	-0.16%
Apr 22, 2013	146.35	145.95	146.43	145.72	0.22%
Apr 23, 2013	146.09	146.35	146.77	145.91	-0.18%
Apr 24, 2013	146.19	145.92	146.29	145.62	0.07%
Apr 25, 2013	146.20	146.16	146.37	146.04	0.01%
Apr 26, 2013	146.54	146.37	146.63	146.29	0.23%
Apr 29, 2013	146.66	146.59	146.74	146.27	0.08%
Apr 30, 2013	146.58	146.55	146.87	146.39	-0.05%
May 02, 2013	147.16	146.73	147.20	146.17	0.40%
May 03, 2013	146.15	146.95	147.11	146.00	-0.69%
May 06, 2013	146.16	146.15	146.36	145.97	0.01%
May 07, 2013	145.43	146.18	146.27	145.37	-0.50%
May 08, 2013	145.85	145.47	145.90	145.42	0.29%
May 09, 2013	145.89	145.82	146.23	145.77	0.03%
May 10, 2013	144.66	145.65	145.66	144.43	-0.84%
May 13, 2013	144.81	144.44	145.06	144.44	0.11%
May 14, 2013	144.34	144.81	144.99	144.25	-0.33%
May 15, 2013	144.79	144.53	145.00	144.34	0.32%
May 16, 2013	145.21	144.84	145.35	144.53	0.28%
May 17, 2013	145.16	145.25	145.74	145.13	-0.03%
May 20, 2013	144.88	145.09	145.32	144.66	-0.19%
May 21, 2013	144.69	144.87	144.91	144.26	-0.14%
May 22, 2013	144.31	144.69	145.19	144.26	-0.26%
May 23, 2013	144.53	144.69	145.13	144.32	0.15%
May 24, 2013	144.50	144.53	144.81	144.13	-0.02%
May 27, 2013	144.28	144.51	144.65	144.25	-0.15%
May 28, 2013	143.60	144.13	144.37	143.59	-0.46%
May 29, 2013	143.56	143.34	143.72	143.25	-0.03%
May 30, 2013	143.76	143.62	143.84	143.47	0.14%
May 31, 2013	143.79	143.78	144.37	143.44	0.02%
Jun 03, 2013	143.40	143.84	143.87	142.94	-0.28%
Jun 04, 2013	143.41	143.31	143.50	143.12	0.01%
Jun 05, 2013	143.84	143.50	143.87	143.28	0.30%
Jun 06, 2013	143.75	143.75	144.13	143.16	-0.06%
Jun 07, 2013	143.24	143.85	144.15	143.19	-0.35%
Jun 10, 2013	142.72	143.25	143.69	142.60	-0.36%
Jun 11, 2013	142.87	142.72	142.87	142.03	0.10%
Jun 12, 2013	142.66	142.65	142.94	142.47	-0.14%
Jun 13, 2013	143.43	143.04	143.44	142.91	0.53%
Jun 14, 2013	143.72	143.44	143.94	143.38	0.21%
Jun 17, 2013	143.63	143.60	143.99	143.50	-0.06%
Jun 18, 2013	143.35	143.56	143.68	143.13	-0.19%
Jun 19, 2013	142.41	143.32	143.74	142.35	-0.66%
Jun 20, 2013	142.18	142.06	142.59	141.84	-0.17%
Jun 21, 2013	141.09	142.18	142.18	141.07	-0.76%
Jun 24, 2013	140.47	140.90	141.00	139.91	-0.44%
Jun 25, 2013	140.41	140.76	141.00	140.18	-0.05%
Jun 26, 2013	141.03	140.47	141.34	140.47	0.45%
Jun 27, 2013	141.65	140.94	141.88	140.82	0.43%
Jun 28, 2013	141.51	141.66	141.84	140.97	-0.09%
Jul 01, 2013	141.54	141.31	141.66	141.00	0.02%
Jul 02, 2013	142.12	141.56	142.16	141.44	0.40%
Jul 03, 2013	142.06	142.09	142.63	142.06	-0.04%
Jul 04, 2013	142.35	142.06	143.00	142.00	0.20%
Jul 05, 2013	141.53	142.28	142.41	141.41	-0.58%
Jul 08, 2013	141.99	141.75	142.00	141.54	0.32%
Jul 09, 2013	142.68	141.94	142.69	141.85	0.49%
Jul 10, 2013	142.46	142.74	142.87	142.35	-0.15%
Jul 11, 2013	143.00	142.46	143.16	142.46	0.39%
Jul 12, 2013	143.75	143.12	143.82	143.09	0.52%
Jul 15, 2013	143.43	143.66	143.66	143.24	-0.23%
Jul 16, 2013	143.75	143.41	143.79	143.25	0.23%
Jul 17, 2013	143.94	143.81	143.97	143.28	0.13%
Jul 18, 2013	144.09	143.94	144.34	143.94	0.10%
Jul 19, 2013	144.16	144.25	144.37	144.00	0.06%
Jul 22, 2013	144.24	144.28	144.34	144.07	0.05%
Jul 23, 2013	143.82	144.25	144.31	143.56	-0.28%
Jul 24, 2013	142.56	143.82	143.93	142.31	-0.88%
Jul 25, 2013	142.62	142.53	142.79	142.16	0.04%
Jul 26, 2013	142.53	142.62	142.75	142.19	-0.06%
Jul 29, 2013	142.46	142.57	142.72	142.24	-0.06%
Jul 30, 2013	142.44	142.47	142.56	142.28	-0.01%
Jul 31, 2013	142.91	142.44	142.96	141.84	0.33%
Aug 01, 2013	142.32	142.71	143.28	142.25	-0.41%
Aug 02, 2013	142.79	142.29	142.81	141.68	0.33%
Aug 05, 2013	142.25	142.71	142.96	142.12	-0.39%
Aug 06, 2013	142.07	142.25	142.26	141.87	-0.12%
Aug 07, 2013	142.40	142.15	142.54	141.84	0.23%
Aug 08, 2013	142.10	142.46	142.71	142.04	-0.20%
Aug 09, 2013	142.49	142.10	142.51	142.03	0.27%
Aug 12, 2013	142.09	142.44	142.44	141.91	-0.28%
Aug 13, 2013	140.81	141.88	141.93	140.63	-0.89%
Aug 14, 2013	140.84	140.78	141.10	140.59	0.02%
Aug 15, 2013	140.25	140.94	141.00	139.84	-0.42%
Aug 16, 2013	139.96	140.09	140.37	139.72	-0.21%
Aug 19, 2013	139.96	139.96	140.24	139.72	0.00%
Aug 20, 2013	140.66	140.25	140.68	140.15	0.50%
Aug 21, 2013	139.97	140.66	140.69	139.97	-0.49%
Aug 22, 2013	139.78	139.78	139.97	139.47	-0.14%
Aug 23, 2013	139.59	139.78	139.84	139.07	-0.14%
Aug 26, 2013	140.01	139.62	140.15	139.60	0.31%
Aug 27, 2013	140.94	139.99	140.94	139.94	0.66%
Aug 28, 2013	140.31	140.94	140.94	140.15	-0.45%
Aug 29, 2013	140.69	140.31	140.82	140.06	0.28%
Aug 30, 2013	140.44	140.60	140.94	140.41	-0.18%
Sep 02, 2013	138.06	138.32	138.32	137.78	-1.69%
Sep 03, 2013	137.88	138.12	138.25	137.56	-0.13%
Sep 04, 2013	137.56	137.78	137.97	137.50	-0.23%
Sep 05, 2013	136.44	137.35	137.46	136.44	-0.81%
Sep 06, 2013	137.54	136.47	137.79	136.47	0.81%
Sep 09, 2013	137.44	137.53	137.75	137.37	-0.07%
Sep 10, 2013	136.65	137.22	137.28	136.62	-0.58%
Sep 11, 2013	137.31	136.74	137.34	136.74	0.49%
Sep 12, 2013	137.59	137.47	137.94	137.41	0.20%
Sep 13, 2013	137.97	137.25	138.16	137.18	0.28%
Sep 16, 2013	138.16	138.59	138.66	138.13	0.13%
Sep 17, 2013	138.07	138.29	138.47	138.00	-0.06%
Sep 18, 2013	139.07	138.07	139.19	137.59	0.72%
Sep 19, 2013	138.49	139.41	139.44	138.44	-0.42%
Sep 20, 2013	138.50	138.59	138.87	138.13	0.01%
Sep 23, 2013	138.79	138.54	138.79	138.03	0.21%
Sep 24, 2013	139.69	138.78	139.75	138.71	0.64%
Sep 25, 2013	139.94	139.63	139.99	139.56	0.19%
Sep 26, 2013	139.84	139.87	140.09	139.72	-0.08%
Sep 27, 2013	140.37	139.84	140.53	139.75	0.38%
Sep 30, 2013	140.66	140.82	140.87	140.22	0.21%
Oct 01, 2013	140.18	140.46	140.60	140.07	-0.34%
Oct 02, 2013	140.16	140.22	140.46	139.93	-0.01%
Oct 03, 2013	140.22	140.18	140.47	139.75	0.04%
Oct 04, 2013	139.90	140.22	140.34	139.81	-0.23%
Oct 07, 2013	140.24	140.09	140.44	140.04	0.24%
Oct 08, 2013	140.28	140.25	140.34	139.97	0.04%
Oct 09, 2013	140.16	140.26	140.65	140.12	-0.09%
Oct 10, 2013	139.69	139.91	140.12	139.51	-0.34%
Oct 11, 2013	139.63	139.84	139.87	139.47	-0.04%
Oct 14, 2013	139.38	139.78	139.91	139.29	-0.18%
Oct 15, 2013	139.22	139.41	139.56	139.07	-0.12%
Oct 16, 2013	139.32	139.16	139.32	138.79	0.08%
Oct 17, 2013	139.68	139.50	139.76	139.26	0.25%
Oct 18, 2013	140.06	139.69	140.24	139.59	0.28%
