Sep 10, 2008	1.7498	1.7527	1.7536	1.7473	0.00%
Sep 11, 2008	1.7556	1.7495	1.7606	1.7447	0.33%
Sep 12, 2008	1.7931	1.7561	1.7958	1.7549	2.14%
Sep 14, 2008	1.7981	1.7931	1.8073	1.7931	0.28%
Sep 15, 2008	1.7933	1.7981	1.8125	1.7764	-0.27%
Sep 16, 2008	1.7861	1.7932	1.7997	1.7733	-0.40%
Sep 17, 2008	1.8138	1.7862	1.8241	1.7787	1.55%
Sep 18, 2008	1.8138	1.8140	1.8275	1.8090	0.00%
Sep 19, 2008	1.8317	1.8138	1.8386	1.7915	0.99%
Sep 21, 2008	1.8327	1.8317	1.8355	1.8301	0.05%
Sep 22, 2008	1.8571	1.8327	1.8638	1.8263	1.33%
Sep 23, 2008	1.8568	1.8571	1.8630	1.8471	-0.02%
Sep 24, 2008	1.8519	1.8568	1.8606	1.8458	-0.26%
Sep 25, 2008	1.8425	1.8519	1.8667	1.8305	-0.51%
Sep 26, 2008	1.8447	1.8425	1.8467	1.8334	0.12%
Sep 28, 2008	1.8307	1.8447	1.8447	1.8262	-0.76%
Sep 29, 2008	1.8014	1.8307	1.8326	1.7956	-1.60%
Sep 30, 2008	1.7832	1.8014	1.8117	1.7759	-1.01%
Oct 01, 2008	1.7652	1.7833	1.7874	1.7634	-1.01%
Oct 02, 2008	1.7640	1.7650	1.7726	1.7549	-0.07%
Oct 03, 2008	1.7718	1.7641	1.7837	1.7556	0.44%
Oct 05, 2008	1.7646	1.7718	1.7718	1.7615	-0.41%
Oct 06, 2008	1.7428	1.7641	1.7677	1.7336	-1.24%
Oct 07, 2008	1.7447	1.7426	1.7658	1.7316	0.11%
Oct 08, 2008	1.7225	1.7447	1.7653	1.7221	-1.27%
Oct 09, 2008	1.7023	1.7226	1.7394	1.7013	-1.17%
Oct 10, 2008	1.7035	1.7026	1.7176	1.6791	0.07%
Oct 12, 2008	1.7135	1.7035	1.7159	1.7035	0.59%
Oct 13, 2008	1.7448	1.7135	1.7449	1.6922	1.83%
Oct 14, 2008	1.7390	1.7446	1.7628	1.7382	-0.33%
Oct 15, 2008	1.7207	1.7387	1.7602	1.7131	-1.05%
Oct 16, 2008	1.7339	1.7207	1.7352	1.7158	0.77%
Oct 17, 2008	1.7288	1.7339	1.7380	1.7224	-0.29%
Oct 19, 2008	1.7339	1.7288	1.7345	1.7284	0.30%
Oct 20, 2008	1.7186	1.7339	1.7516	1.7103	-0.88%
Oct 21, 2008	1.6518	1.7187	1.7197	1.6508	-3.89%
Oct 22, 2008	1.6199	1.6518	1.6600	1.6140	-1.93%
Oct 23, 2008	1.6179	1.6200	1.6344	1.6045	-0.12%
Oct 24, 2008	1.5912	1.6179	1.6189	1.5264	-1.65%
Oct 26, 2008	1.5850	1.5834	1.5855	1.5834	-0.39%
Oct 27, 2008	1.5536	1.5853	1.5870	1.5278	-1.98%
Oct 28, 2008	1.6083	1.5536	1.6107	1.5400	3.52%
Oct 29, 2008	1.6367	1.6083	1.6472	1.5939	1.77%
Oct 30, 2008	1.6366	1.6364	1.6672	1.6211	-0.01%
Oct 31, 2008	1.6005	1.6366	1.6412	1.6005	-2.21%
Nov 02, 2008	1.6112	1.6077	1.6114	1.6075	0.67%
Nov 03, 2008	1.5767	1.6112	1.6397	1.5725	-2.14%
Nov 04, 2008	1.5933	1.5767	1.6103	1.5604	1.05%
Nov 05, 2008	1.5841	1.5933	1.6198	1.5761	-0.58%
Nov 06, 2008	1.5579	1.5841	1.6033	1.5562	-1.65%
Nov 07, 2008	1.5874	1.5579	1.5874	1.5534	1.89%
Nov 09, 2008	1.5786	1.5648	1.5807	1.5648	-0.55%
Nov 10, 2008	1.5635	1.5786	1.5882	1.5573	-0.96%
Nov 11, 2008	1.5380	1.5635	1.5700	1.5349	-1.63%
Nov 12, 2008	1.4901	1.5380	1.5479	1.4834	-3.11%
Nov 13, 2008	1.4906	1.4887	1.4967	1.4558	0.03%
Nov 14, 2008	1.4954	1.4906	1.4954	1.4660	0.32%
Nov 16, 2008	1.4661	1.4720	1.4720	1.4657	-1.96%
Nov 17, 2008	1.4993	1.4661	1.5077	1.4657	2.26%
Nov 18, 2008	1.4957	1.4993	1.5089	1.4901	-0.24%
Nov 19, 2008	1.4971	1.4956	1.5247	1.4901	0.09%
Nov 20, 2008	1.4735	1.4970	1.4993	1.4711	-1.58%
Nov 21, 2008	1.4929	1.4736	1.5060	1.4704	1.32%
Nov 23, 2008	1.4929	1.4929	1.4929	1.4929	0.00%
Nov 24, 2008	1.5144	1.4951	1.5186	1.4859	1.44%
Nov 25, 2008	1.5424	1.5144	1.5531	1.4983	1.85%
Nov 26, 2008	1.5332	1.5424	1.5444	1.5176	-0.60%
Nov 27, 2008	1.5398	1.5331	1.5511	1.5311	0.43%
Nov 28, 2008	1.5258	1.5396	1.5447	1.5258	-0.91%
Dec 01, 2008	1.4861	1.5204	1.5204	1.4807	-2.60%
Dec 02, 2008	1.4898	1.4861	1.5068	1.4775	0.25%
Dec 03, 2008	1.4779	1.4899	1.4932	1.4664	-0.80%
Dec 04, 2008	1.4678	1.4776	1.4813	1.4470	-0.68%
Dec 05, 2008	1.4682	1.4678	1.4772	1.4525	0.03%
Dec 07, 2008	1.4682	1.4682	1.4682	1.4682	0.00%
Dec 08, 2008	1.4867	1.4682	1.5033	1.4682	1.26%
Dec 09, 2008	1.4752	1.4867	1.4890	1.4678	-0.77%
Dec 10, 2008	1.4795	1.4751	1.4879	1.4735	0.29%
Dec 11, 2008	1.5030	1.4796	1.5081	1.4794	1.59%
Dec 12, 2008	1.4817	1.5027	1.5120	1.4817	-1.42%
Dec 15, 2008	1.5301	1.5030	1.5380	1.4922	3.27%
Dec 16, 2008	1.5585	1.5298	1.5650	1.5206	1.86%
Dec 17, 2008	1.5512	1.5584	1.5726	1.5246	-0.47%
Dec 18, 2008	1.5056	1.5508	1.5619	1.4886	-2.94%
Dec 19, 2008	1.4815	1.5058	1.5187	1.4815	-1.60%
Dec 21, 2008	1.4974	1.4954	1.4979	1.4942	1.07%
Dec 22, 2008	1.4690	1.4974	1.4994	1.4690	-1.90%
Dec 23, 2008	1.4744	1.4829	1.4899	1.4675	0.37%
Dec 24, 2008	1.4663	1.4745	1.4808	1.4663	-0.55%
Dec 26, 2008	1.4583	1.4750	1.4758	1.4583	-0.55%
Dec 28, 2008	1.4676	1.4590	1.4676	1.4590	0.64%
Dec 29, 2008	1.4468	1.4665	1.4773	1.4388	-1.42%
Dec 30, 2008	1.4394	1.4480	1.4555	1.4394	-0.51%
Dec 31, 2008	1.4354	1.4464	1.4701	1.4354	-0.28%
Jan 01, 2009	1.4736	1.4688	1.4814	1.4681	2.66%
Jan 02, 2009	1.4380	1.4734	1.4767	1.4380	-2.42%
Jan 04, 2009	1.4529	1.4544	1.4563	1.4517	1.04%
Jan 05, 2009	1.4719	1.4529	1.4741	1.4433	1.31%
Jan 06, 2009	1.4912	1.4718	1.4995	1.4506	1.31%
Jan 07, 2009	1.5076	1.4913	1.5284	1.4807	1.10%
Jan 08, 2009	1.5227	1.5071	1.5376	1.4985	1.00%
Jan 09, 2009	1.5129	1.5227	1.5351	1.5129	-0.64%
Jan 11, 2009	1.5084	1.5142	1.5155	1.5055	-0.30%
Jan 12, 2009	1.4819	1.5081	1.5117	1.4805	-1.76%
Jan 13, 2009	1.4517	1.4819	1.4821	1.4474	-2.04%
Jan 14, 2009	1.4620	1.4518	1.4710	1.4494	0.71%
Jan 15, 2009	1.4671	1.4620	1.4680	1.4559	0.35%
Jan 16, 2009	1.4658	1.4671	1.4982	1.4658	-0.09%
Jan 18, 2009	1.4879	1.4835	1.4895	1.4835	1.51%
Jan 19, 2009	1.4426	1.4879	1.4911	1.4360	-3.04%
Jan 20, 2009	1.3878	1.4426	1.4430	1.3815	-3.80%
Jan 21, 2009	1.3879	1.3877	1.4028	1.3623	0.01%
Jan 22, 2009	1.3881	1.3880	1.3978	1.3692	0.01%
Jan 23, 2009	1.3506	1.3881	1.3885	1.3506	-2.70%
Jan 26, 2009	1.3974	1.3854	1.4063	1.3782	3.47%
Jan 27, 2009	1.4189	1.3972	1.4244	1.3934	1.54%
Jan 28, 2009	1.4229	1.4187	1.4352	1.4128	0.28%
Jan 29, 2009	1.4282	1.4230	1.4414	1.4075	0.37%
Jan 30, 2009	1.4545	1.4280	1.4545	1.4190	1.84%
Feb 02, 2009	1.4210	1.4342	1.4351	1.4054	-2.30%
Feb 03, 2009	1.4435	1.4212	1.4487	1.4157	1.58%
Feb 04, 2009	1.4459	1.4435	1.4580	1.4326	0.17%
Feb 05, 2009	1.4630	1.4459	1.4706	1.4370	1.18%
Feb 06, 2009	1.4845	1.4629	1.4845	1.4592	1.47%
Feb 09, 2009	1.4860	1.4733	1.4986	1.4707	0.10%
Feb 10, 2009	1.4462	1.4861	1.4896	1.4462	-2.68%
Feb 11, 2009	1.4362	1.4560	1.4813	1.4319	-0.69%
Feb 12, 2009	1.4288	1.4362	1.4417	1.4140	-0.52%
Feb 13, 2009	1.4605	1.4293	1.4605	1.4280	2.22%
Feb 15, 2009	1.4238	1.4213	1.4260	1.4204	-2.51%
Feb 16, 2009	1.4321	1.4240	1.4321	1.4154	0.58%
Feb 17, 2009	1.4241	1.4299	1.4313	1.4129	-0.56%
Feb 18, 2009	1.4251	1.4240	1.4301	1.4097	0.07%
Feb 19, 2009	1.4265	1.4249	1.4449	1.4241	0.10%
Feb 20, 2009	1.4485	1.4264	1.4485	1.4154	1.54%
Feb 22, 2009	1.4377	1.4399	1.4416	1.4374	-0.75%
Feb 23, 2009	1.4457	1.4375	1.4663	1.4367	0.56%
Feb 24, 2009	1.4527	1.4459	1.4581	1.4376	0.48%
Feb 25, 2009	1.4216	1.4526	1.4609	1.4176	-2.14%
Feb 26, 2009	1.4386	1.4215	1.4386	1.4164	1.20%
Feb 27, 2009	1.4365	1.4298	1.4365	1.4113	-0.15%
Mar 01, 2009	1.4224	1.4318	1.4318	1.4209	-0.98%
Mar 02, 2009	1.4039	1.4224	1.4291	1.3960	-1.30%
Mar 03, 2009	1.4029	1.4042	1.4159	1.3986	-0.07%
Mar 04, 2009	1.4178	1.4030	1.4202	1.3988	1.06%
Mar 05, 2009	1.4132	1.4179	1.4235	1.4039	-0.32%
Mar 06, 2009	1.4042	1.4132	1.4307	1.4042	-0.64%
Mar 08, 2009	1.4163	1.4092	1.4164	1.4088	0.86%
Mar 09, 2009	1.3794	1.4164	1.4184	1.3745	-2.61%
Mar 10, 2009	1.3796	1.3793	1.3892	1.3693	0.01%
Mar 11, 2009	1.3840	1.3794	1.3891	1.3657	0.32%
Mar 12, 2009	1.3926	1.3840	1.3986	1.3703	0.62%
Mar 13, 2009	1.4072	1.3925	1.4072	1.3866	1.05%
Mar 15, 2009	1.3960	1.3967	1.3968	1.3894	-0.80%
Mar 16, 2009	1.4077	1.3960	1.4232	1.3946	0.84%
Mar 17, 2009	1.4062	1.4076	1.4141	1.3967	-0.11%
Mar 18, 2009	1.4287	1.4060	1.4337	1.3847	1.60%
Mar 19, 2009	1.4499	1.4285	1.4598	1.4164	1.48%
Mar 20, 2009	1.4396	1.4499	1.4592	1.4396	-0.71%
Mar 22, 2009	1.4477	1.4472	1.4503	1.4470	0.56%
Mar 23, 2009	1.4569	1.4478	1.4650	1.4452	0.64%
Mar 24, 2009	1.4705	1.4568	1.4779	1.4559	0.93%
Mar 25, 2009	1.4556	1.4705	1.4746	1.4517	-1.01%
Mar 26, 2009	1.4465	1.4556	1.4639	1.4425	-0.63%
Mar 27, 2009	1.4270	1.4465	1.4497	1.4270	-1.35%
Mar 29, 2009	1.4279	1.4256	1.4299	1.4236	0.06%
Mar 30, 2009	1.4260	1.4280	1.4297	1.4113	-0.13%
Mar 31, 2009	1.4360	1.4260	1.4378	1.4242	0.70%
Apr 01, 2009	1.4470	1.4361	1.4482	1.4276	0.77%
Apr 02, 2009	1.4744	1.4471	1.4750	1.4459	1.89%
Apr 03, 2009	1.4848	1.4745	1.4848	1.4652	0.71%
Apr 05, 2009	1.4888	1.4838	1.4904	1.4835	0.27%
Apr 06, 2009	1.4657	1.4888	1.4960	1.4657	-1.55%
Apr 07, 2009	1.4737	1.4657	1.4778	1.4583	0.55%
Apr 08, 2009	1.4684	1.4736	1.4749	1.4637	-0.36%
Apr 09, 2009	1.4636	1.4685	1.4782	1.4587	-0.33%
Apr 10, 2009	1.4684	1.4637	1.4684	1.4621	0.33%
Apr 12, 2009	1.4624	1.4640	1.4661	1.4614	-0.41%
Apr 13, 2009	1.4865	1.4620	1.4871	1.4608	1.65%
Apr 14, 2009	1.4946	1.4865	1.4946	1.4827	0.54%
Apr 15, 2009	1.5000	1.4910	1.5039	1.4825	0.36%
Apr 16, 2009	1.4933	1.5000	1.5070	1.4841	-0.45%
Apr 17, 2009	1.4757	1.4932	1.4938	1.4757	-1.18%
Apr 19, 2009	1.4773	1.4802	1.4814	1.4773	0.11%
Apr 20, 2009	1.4483	1.4772	1.4783	1.4472	-1.96%
Apr 21, 2009	1.4667	1.4485	1.4710	1.4479	1.27%
Apr 22, 2009	1.4499	1.4668	1.4676	1.4400	-1.15%
Apr 23, 2009	1.4676	1.4499	1.4746	1.4445	1.22%
Apr 24, 2009	1.4775	1.4677	1.4775	1.4578	0.67%
Apr 26, 2009	1.4646	1.4673	1.4678	1.4640	-0.87%
Apr 27, 2009	1.4619	1.4644	1.4694	1.4517	-0.18%
Apr 28, 2009	1.4639	1.4619	1.4691	1.4515	0.14%
Apr 29, 2009	1.4770	1.4639	1.4808	1.4631	0.89%
Apr 30, 2009	1.4702	1.4770	1.4947	1.4702	-0.46%
May 01, 2009	1.4933	1.4802	1.4933	1.4753	1.57%
May 03, 2009	1.4934	1.4906	1.4943	1.4906	0.01%
May 04, 2009	1.5029	1.4934	1.5047	1.4835	0.64%
May 05, 2009	1.5162	1.5032	1.5162	1.4982	0.88%
May 06, 2009	1.5131	1.5047	1.5155	1.4991	-0.20%
May 07, 2009	1.5023	1.5134	1.5197	1.4941	-0.71%
May 08, 2009	1.5246	1.5023	1.5246	1.4966	1.48%
May 10, 2009	1.5213	1.5231	1.5237	1.5195	-0.22%
May 11, 2009	1.5120	1.5214	1.5243	1.5067	-0.61%
May 12, 2009	1.5291	1.5120	1.5351	1.5073	1.13%
May 13, 2009	1.5102	1.5290	1.5332	1.5085	-1.24%
May 14, 2009	1.5226	1.5102	1.5245	1.5059	0.82%
May 15, 2009	1.5287	1.5225	1.5287	1.5133	0.40%
May 17, 2009	1.5148	1.5162	1.5180	1.5136	-0.91%
May 18, 2009	1.5324	1.5148	1.5348	1.5116	1.16%
May 19, 2009	1.5492	1.5324	1.5522	1.5294	1.10%
May 20, 2009	1.5747	1.5489	1.5793	1.5448	1.65%
May 21, 2009	1.5890	1.5747	1.5890	1.5514	0.91%
May 22, 2009	1.5918	1.5892	1.5944	1.5755	0.18%
May 24, 2009	1.5912	1.5918	1.5938	1.5910	-0.04%
May 25, 2009	1.5909	1.5912	1.5932	1.5834	-0.02%
May 26, 2009	1.5961	1.5908	1.5975	1.5776	0.33%
May 27, 2009	1.5953	1.5961	1.6085	1.5925	-0.05%
May 28, 2009	1.5949	1.5955	1.6013	1.5852	-0.03%
May 29, 2009	1.6197	1.5947	1.6197	1.5926	1.55%
May 31, 2009	1.6175	1.6194	1.6196	1.6166	-0.14%
Jun 01, 2009	1.6462	1.6176	1.6497	1.6160	1.77%
Jun 02, 2009	1.6554	1.6462	1.6595	1.6323	0.56%
Jun 03, 2009	1.6296	1.6554	1.6661	1.6241	-1.56%
Jun 04, 2009	1.6111	1.6296	1.6434	1.6085	-1.14%
Jun 05, 2009	1.5939	1.6111	1.6241	1.5939	-1.07%
Jun 07, 2009	1.5968	1.5956	1.5974	1.5936	0.18%
Jun 08, 2009	1.6086	1.5970	1.6102	1.5802	0.74%
Jun 09, 2009	1.6310	1.6086	1.6361	1.5985	1.39%
Jun 10, 2009	1.6358	1.6310	1.6472	1.6239	0.29%
Jun 11, 2009	1.6591	1.6357	1.6620	1.6339	1.42%
Jun 12, 2009	1.6331	1.6595	1.6597	1.6331	-1.57%
Jun 14, 2009	1.6416	1.6435	1.6447	1.6392	0.52%
Jun 15, 2009	1.6272	1.6418	1.6433	1.6241	-0.88%
Jun 16, 2009	1.6360	1.6272	1.6506	1.6208	0.54%
Jun 17, 2009	1.6427	1.6360	1.6482	1.6220	0.41%
Jun 18, 2009	1.6355	1.6425	1.6468	1.6187	-0.44%
Jun 19, 2009	1.6492	1.6355	1.6560	1.6303	0.84%
Jun 21, 2009	1.6478	1.6507	1.6514	1.6453	-0.08%
Jun 22, 2009	1.6313	1.6479	1.6515	1.6301	-1.00%
Jun 23, 2009	1.6436	1.6314	1.6473	1.6208	0.75%
Jun 24, 2009	1.6433	1.6436	1.6601	1.6367	-0.02%
Jun 25, 2009	1.6415	1.6432	1.6466	1.6231	-0.11%
Jun 26, 2009	1.6526	1.6414	1.6559	1.6373	0.68%
Jun 28, 2009	1.6513	1.6525	1.6525	1.6492	-0.08%
Jun 29, 2009	1.6570	1.6512	1.6597	1.6428	0.35%
Jun 30, 2009	1.6475	1.6570	1.6743	1.6421	-0.57%
Jul 01, 2009	1.6494	1.6474	1.6544	1.6383	0.12%
Jul 02, 2009	1.6347	1.6495	1.6500	1.6323	-0.89%
Jul 03, 2009	1.6331	1.6346	1.6427	1.6301	-0.10%
Jul 05, 2009	1.6305	1.6320	1.6320	1.6280	-0.16%
Jul 06, 2009	1.6292	1.6304	1.6326	1.6095	-0.08%
Jul 07, 2009	1.6079	1.6294	1.6294	1.6066	-1.31%
Jul 08, 2009	1.6037	1.6079	1.6138	1.5983	-0.26%
Jul 09, 2009	1.6329	1.6037	1.6379	1.6033	1.82%
Jul 10, 2009	1.6211	1.6329	1.6329	1.6153	-0.72%
Jul 12, 2009	1.6195	1.6208	1.6210	1.6176	-0.10%
Jul 13, 2009	1.6271	1.6196	1.6284	1.6031	0.47%
Jul 14, 2009	1.6334	1.6271	1.6344	1.6228	0.39%
Jul 15, 2009	1.6415	1.6336	1.6466	1.6300	0.50%
Jul 16, 2009	1.6409	1.6415	1.6478	1.6355	-0.04%
Jul 17, 2009	1.6337	1.6408	1.6419	1.6265	-0.44%
Jul 19, 2009	1.6372	1.6323	1.6374	1.6320	0.21%
Jul 20, 2009	1.6521	1.6372	1.6556	1.6364	0.91%
Jul 21, 2009	1.6415	1.6520	1.6527	1.6383	-0.64%
Jul 22, 2009	1.6446	1.6413	1.6503	1.6309	0.19%
Jul 23, 2009	1.6508	1.6444	1.6584	1.6432	0.38%
Jul 24, 2009	1.6426	1.6508	1.6542	1.6390	-0.50%
Jul 26, 2009	1.6407	1.6468	1.6469	1.6404	-0.12%
Jul 27, 2009	1.6481	1.6406	1.6523	1.6381	0.45%
Jul 28, 2009	1.6406	1.6480	1.6555	1.6390	-0.46%
Jul 29, 2009	1.6347	1.6408	1.6468	1.6337	-0.36%
Jul 30, 2009	1.6504	1.6356	1.6525	1.6347	0.96%
Jul 31, 2009	1.6713	1.6504	1.6732	1.6471	1.27%
Aug 02, 2009	1.6758	1.6718	1.6776	1.6694	0.27%
Aug 03, 2009	1.6934	1.6757	1.6987	1.6694	1.05%
Aug 04, 2009	1.6949	1.6931	1.7004	1.6889	0.09%
Aug 05, 2009	1.6992	1.6949	1.7042	1.6900	0.25%
Aug 06, 2009	1.6806	1.6991	1.7028	1.6751	-1.09%
Aug 07, 2009	1.6686	1.6804	1.6832	1.6651	-0.71%
Aug 09, 2009	1.6678	1.6672	1.6690	1.6663	-0.05%
Aug 10, 2009	1.6474	1.6679	1.6717	1.6430	-1.22%
Aug 11, 2009	1.6490	1.6475	1.6521	1.6432	0.10%
Aug 12, 2009	1.6506	1.6489	1.6560	1.6390	0.10%
Aug 13, 2009	1.6566	1.6507	1.6667	1.6486	0.36%
Aug 14, 2009	1.6547	1.6566	1.6608	1.6486	-0.11%
Aug 16, 2009	1.6467	1.6510	1.6520	1.6466	-0.48%
Aug 17, 2009	1.6353	1.6467	1.6483	1.6276	-0.69%
Aug 18, 2009	1.6588	1.6353	1.6595	1.6329	1.44%
Aug 19, 2009	1.6558	1.6589	1.6590	1.6376	-0.18%
Aug 20, 2009	1.6504	1.6557	1.6606	1.6451	-0.33%
Aug 21, 2009	1.6507	1.6504	1.6624	1.6420	0.02%
Aug 23, 2009	1.6512	1.6501	1.6525	1.6500	0.03%
Aug 24, 2009	1.6405	1.6512	1.6546	1.6393	-0.65%
Aug 25, 2009	1.6314	1.6406	1.6446	1.6309	-0.55%
Aug 26, 2009	1.6229	1.6314	1.6352	1.6160	-0.52%
Aug 27, 2009	1.6287	1.6229	1.6305	1.6153	0.36%
Aug 28, 2009	1.6269	1.6287	1.6380	1.6256	-0.11%
Aug 30, 2009	1.6266	1.6270	1.6281	1.6237	-0.02%
Aug 31, 2009	1.6286	1.6267	1.6331	1.6184	0.12%
Sep 01, 2009	1.6128	1.6286	1.6377	1.6114	-0.97%
Sep 02, 2009	1.6282	1.6127	1.6300	1.6115	0.95%
Sep 03, 2009	1.6324	1.6281	1.6414	1.6237	0.26%
Sep 04, 2009	1.6390	1.6324	1.6413	1.6286	0.40%
Sep 06, 2009	1.6415	1.6392	1.6419	1.6381	0.15%
Sep 07, 2009	1.6337	1.6413	1.6444	1.6326	-0.48%
Sep 08, 2009	1.6516	1.6337	1.6587	1.6323	1.10%
Sep 09, 2009	1.6535	1.6515	1.6592	1.6456	0.12%
Sep 10, 2009	1.6654	1.6541	1.6688	1.6480	0.72%
Sep 11, 2009	1.6658	1.6650	1.6742	1.6644	0.02%
Sep 13, 2009	1.6655	1.6686	1.6693	1.6655	-0.02%
Sep 14, 2009	1.6607	1.6654	1.6654	1.6522	-0.29%
Sep 15, 2009	1.6489	1.6607	1.6659	1.6404	-0.71%
Sep 16, 2009	1.6479	1.6490	1.6534	1.6433	-0.06%
Sep 17, 2009	1.6435	1.6477	1.6568	1.6427	-0.27%
Sep 18, 2009	1.6271	1.6434	1.6440	1.6232	-1.00%
Sep 20, 2009	1.6252	1.6226	1.6265	1.6209	-0.12%
Sep 21, 2009	1.6220	1.6251	1.6263	1.6135	-0.20%
Sep 22, 2009	1.6382	1.6220	1.6406	1.6218	1.00%
Sep 23, 2009	1.6354	1.6382	1.6469	1.6317	-0.17%
Sep 24, 2009	1.5947	1.6355	1.6387	1.5916	-2.49%
Sep 25, 2009	1.5946	1.5948	1.6046	1.5918	-0.01%
Sep 27, 2009	1.5864	1.5967	1.5976	1.5816	-0.51%
Sep 28, 2009	1.5889	1.5860	1.5925	1.5771	0.16%
Sep 29, 2009	1.5971	1.5906	1.5991	1.5825	0.52%
Sep 30, 2009	1.6002	1.5971	1.6126	1.5945	0.19%
Oct 01, 2009	1.5896	1.6002	1.6024	1.5888	-0.66%
Oct 02, 2009	1.5946	1.5894	1.5954	1.5804	0.31%
Oct 04, 2009	1.5931	1.5945	1.5955	1.5920	-0.09%
Oct 05, 2009	1.5949	1.5932	1.6024	1.5903	0.11%
Oct 06, 2009	1.5922	1.5948	1.6049	1.5878	-0.17%
Oct 07, 2009	1.5965	1.5921	1.5976	1.5860	0.27%
Oct 08, 2009	1.6052	1.5966	1.6118	1.5951	0.54%
Oct 09, 2009	1.5846	1.6050	1.6060	1.5826	-1.28%
Oct 11, 2009	1.5847	1.5839	1.5871	1.5836	0.01%
Oct 12, 2009	1.5813	1.5847	1.5883	1.5730	-0.21%
Oct 13, 2009	1.5932	1.5815	1.5940	1.5708	0.75%
Oct 14, 2009	1.6005	1.5936	1.6025	1.5903	0.46%
Oct 15, 2009	1.6333	1.6005	1.6340	1.6003	2.05%
Oct 16, 2009	1.6358	1.6337	1.6400	1.6253	0.15%
Oct 18, 2009	1.6354	1.6284	1.6371	1.6277	-0.02%
Oct 19, 2009	1.6411	1.6354	1.6436	1.6240	0.35%
Oct 20, 2009	1.6380	1.6407	1.6489	1.6328	-0.19%
Oct 21, 2009	1.6620	1.6379	1.6638	1.6348	1.47%
Oct 22, 2009	1.6628	1.6620	1.6637	1.6487	0.05%
Oct 23, 2009	1.6308	1.6630	1.6693	1.6300	-1.92%
Oct 25, 2009	1.6270	1.6292	1.6327	1.6268	-0.23%
Oct 26, 2009	1.6294	1.6270	1.6396	1.6251	0.15%
Oct 27, 2009	1.6393	1.6294	1.6440	1.6286	0.61%
Oct 28, 2009	1.6375	1.6394	1.6467	1.6286	-0.11%
Oct 29, 2009	1.6562	1.6375	1.6604	1.6339	1.14%
Oct 30, 2009	1.6442	1.6560	1.6580	1.6409	-0.72%
Nov 01, 2009	1.6415	1.6407	1.6441	1.6346	-0.16%
Nov 02, 2009	1.6395	1.6413	1.6478	1.6329	-0.12%
Nov 03, 2009	1.6424	1.6394	1.6456	1.6262	0.18%
Nov 04, 2009	1.6557	1.6422	1.6598	1.6402	0.81%
Nov 05, 2009	1.6573	1.6556	1.6636	1.6468	0.10%
Nov 06, 2009	1.6615	1.6573	1.6637	1.6524	0.25%
Nov 08, 2009	1.6628	1.6661	1.6669	1.6623	0.08%
Nov 09, 2009	1.6778	1.6624	1.6844	1.6617	0.90%
Nov 10, 2009	1.6737	1.6777	1.6788	1.6602	-0.24%
Nov 11, 2009	1.6582	1.6740	1.6797	1.6537	-0.93%
Nov 12, 2009	1.6587	1.6581	1.6626	1.6518	0.03%
Nov 13, 2009	1.6678	1.6588	1.6708	1.6576	0.55%
Nov 15, 2009	1.6726	1.6706	1.6728	1.6700	0.29%
Nov 16, 2009	1.6840	1.6728	1.6878	1.6670	0.68%
Nov 17, 2009	1.6824	1.6836	1.6873	1.6757	-0.10%
Nov 18, 2009	1.6740	1.6822	1.6846	1.6715	-0.50%
Nov 19, 2009	1.6655	1.6740	1.6740	1.6607	-0.51%
Nov 20, 2009	1.6501	1.6654	1.6676	1.6464	-0.92%
Nov 22, 2009	1.6501	1.6499	1.6506	1.6474	0.00%
Nov 23, 2009	1.6605	1.6503	1.6648	1.6500	0.63%
Nov 24, 2009	1.6581	1.6607	1.6608	1.6498	-0.14%
Nov 25, 2009	1.6704	1.6582	1.6746	1.6582	0.74%
Nov 26, 2009	1.6433	1.6704	1.6726	1.6416	-1.62%
Nov 27, 2009	1.6493	1.6434	1.6511	1.6272	0.37%
Nov 29, 2009	1.6500	1.6517	1.6528	1.6474	0.04%
Nov 30, 2009	1.6455	1.6501	1.6594	1.6381	-0.27%
Dec 01, 2009	1.6622	1.6455	1.6647	1.6393	1.01%
Dec 02, 2009	1.6662	1.6623	1.6696	1.6551	0.24%
Dec 03, 2009	1.6555	1.6662	1.6720	1.6530	-0.64%
Dec 04, 2009	1.6476	1.6554	1.6666	1.6424	-0.48%
Dec 06, 2009	1.6471	1.6427	1.6478	1.6424	-0.03%
Dec 07, 2009	1.6464	1.6474	1.6517	1.6314	-0.04%
Dec 08, 2009	1.6240	1.6464	1.6478	1.6225	-1.36%
Dec 09, 2009	1.6280	1.6244	1.6376	1.6167	0.25%
Dec 10, 2009	1.6278	1.6280	1.6347	1.6216	-0.01%
Dec 11, 2009	1.6259	1.6277	1.6340	1.6198	-0.12%
Dec 13, 2009	1.6227	1.6251	1.6257	1.6207	-0.20%
Dec 14, 2009	1.6312	1.6227	1.6326	1.6191	0.52%
Dec 15, 2009	1.6268	1.6311	1.6320	1.6205	-0.27%
Dec 16, 2009	1.6328	1.6265	1.6411	1.6233	0.37%
Dec 17, 2009	1.6161	1.6325	1.6334	1.6080	-1.02%
Dec 18, 2009	1.6165	1.6161	1.6247	1.6053	0.02%
Dec 20, 2009	1.6127	1.6119	1.6149	1.6113	-0.24%
Dec 21, 2009	1.6055	1.6128	1.6165	1.6031	-0.45%
Dec 22, 2009	1.5971	1.6054	1.6100	1.5921	-0.52%
Dec 23, 2009	1.5964	1.5971	1.5994	1.5925	-0.04%
Dec 24, 2009	1.5955	1.5964	1.6022	1.5929	-0.06%
Dec 25, 2009	1.5952	1.5952	1.5952	1.5952	-0.02%
Dec 27, 2009	1.5949	1.5952	1.5992	1.5943	-0.02%
Dec 28, 2009	1.6000	1.5951	1.6016	1.5934	0.32%
Dec 29, 2009	1.5905	1.6000	1.6068	1.5880	-0.59%
Dec 30, 2009	1.6072	1.5900	1.6094	1.5834	1.05%
Dec 31, 2009	1.6167	1.6076	1.6236	1.6050	0.59%
Jan 01, 2010	1.6167	1.6167	1.6167	1.6167	0.00%
Jan 03, 2010	1.6139	1.6111	1.6153	1.6109	-0.17%
Jan 04, 2010	1.6113	1.6140	1.6242	1.6058	-0.16%
Jan 05, 2010	1.5991	1.6112	1.6155	1.5965	-0.76%
Jan 06, 2010	1.6020	1.5991	1.6065	1.5938	0.18%
Jan 07, 2010	1.5933	1.6022	1.6058	1.5896	-0.54%
Jan 08, 2010	1.6021	1.5934	1.6111	1.5916	0.55%
Jan 10, 2010	1.6089	1.6070	1.6099	1.6049	0.42%
Jan 11, 2010	1.6113	1.6082	1.6194	1.6064	0.15%
Jan 12, 2010	1.6151	1.6111	1.6195	1.6062	0.24%
Jan 13, 2010	1.6283	1.6153	1.6307	1.6136	0.82%
Jan 14, 2010	1.6336	1.6282	1.6347	1.6249	0.33%
Jan 15, 2010	1.6262	1.6335	1.6356	1.6211	-0.45%
Jan 17, 2010	1.6289	1.6262	1.6289	1.6262	0.17%
Jan 18, 2010	1.6353	1.6289	1.6378	1.6251	0.39%
Jan 19, 2010	1.6359	1.6352	1.6458	1.6313	0.04%
Jan 20, 2010	1.6302	1.6361	1.6370	1.6244	-0.35%
Jan 21, 2010	1.6200	1.6304	1.6309	1.6126	-0.63%
Jan 22, 2010	1.6113	1.6199	1.6284	1.6078	-0.54%
Jan 24, 2010	1.6118	1.6103	1.6137	1.6090	0.03%
Jan 25, 2010	1.6250	1.6116	1.6261	1.6096	0.82%
Jan 26, 2010	1.6144	1.6246	1.6268	1.6095	-0.65%
Jan 27, 2010	1.6176	1.6143	1.6244	1.6107	0.20%
Jan 28, 2010	1.6143	1.6176	1.6276	1.6114	-0.20%
Jan 29, 2010	1.5987	1.6142	1.6180	1.5981	-0.97%
Jan 31, 2010	1.5973	1.5957	1.5974	1.5938	-0.09%
Feb 01, 2010	1.5947	1.5973	1.5980	1.5851	-0.16%
Feb 02, 2010	1.5989	1.5943	1.5996	1.5903	0.26%
Feb 03, 2010	1.5914	1.5990	1.6070	1.5876	-0.47%
Feb 04, 2010	1.5767	1.5913	1.5918	1.5732	-0.92%
Feb 05, 2010	1.5640	1.5767	1.5776	1.5559	-0.81%
Feb 07, 2010	1.5600	1.5595	1.5608	1.5581	-0.26%
Feb 08, 2010	1.5572	1.5598	1.5660	1.5536	-0.18%
Feb 09, 2010	1.5694	1.5574	1.5748	1.5562	0.78%
Feb 10, 2010	1.5609	1.5692	1.5765	1.5572	-0.54%
Feb 11, 2010	1.5696	1.5609	1.5718	1.5560	0.56%
Feb 12, 2010	1.5699	1.5718	1.5730	1.5581	0.02%
Feb 14, 2010	1.5664	1.5681	1.5683	1.5647	-0.22%
Feb 15, 2010	1.5663	1.5670	1.5721	1.5612	-0.01%
Feb 16, 2010	1.5785	1.5666	1.5796	1.5629	0.78%
Feb 17, 2010	1.5679	1.5784	1.5816	1.5667	-0.67%
Feb 18, 2010	1.5429	1.5680	1.5688	1.5408	-1.59%
Feb 19, 2010	1.5472	1.5429	1.5477	1.5348	0.28%
Feb 21, 2010	1.5470	1.5474	1.5478	1.5432	-0.01%
Feb 22, 2010	1.5501	1.5469	1.5521	1.5449	0.20%
Feb 23, 2010	1.5444	1.5501	1.5576	1.5394	-0.37%
Feb 24, 2010	1.5414	1.5445	1.5476	1.5387	-0.19%
Feb 25, 2010	1.5240	1.5416	1.5422	1.5190	-1.13%
Feb 26, 2010	1.5241	1.5240	1.5318	1.5152	0.01%
Feb 28, 2010	1.5181	1.5156	1.5183	1.5131	-0.39%
Mar 01, 2010	1.4972	1.5181	1.5204	1.4784	-1.38%
Mar 02, 2010	1.5023	1.4972	1.5032	1.4855	0.34%
Mar 03, 2010	1.5102	1.5023	1.5131	1.4977	0.53%
Mar 04, 2010	1.5030	1.5100	1.5136	1.5006	-0.48%
Mar 05, 2010	1.5134	1.5030	1.5167	1.4993	0.69%
Mar 07, 2010	1.5143	1.5135	1.5168	1.5127	0.06%
Mar 08, 2010	1.5044	1.5143	1.5196	1.5035	-0.65%
Mar 09, 2010	1.5013	1.5043	1.5045	1.4935	-0.21%
Mar 10, 2010	1.4966	1.5014	1.5015	1.4873	-0.31%
Mar 11, 2010	1.5066	1.4966	1.5088	1.4946	0.67%
Mar 12, 2010	1.5205	1.5066	1.5218	1.5028	0.92%
Mar 14, 2010	1.5196	1.5177	1.5199	1.5169	-0.06%
Mar 15, 2010	1.5046	1.5196	1.5208	1.5019	-0.99%
Mar 16, 2010	1.5236	1.5046	1.5259	1.4977	1.26%
Mar 17, 2010	1.5314	1.5236	1.5381	1.5210	0.51%
Mar 18, 2010	1.5252	1.5314	1.5329	1.5217	-0.40%
Mar 19, 2010	1.5014	1.5252	1.5256	1.4990	-1.56%
Mar 21, 2010	1.4994	1.5023	1.5023	1.4981	-0.13%
Mar 22, 2010	1.5110	1.4994	1.5112	1.4932	0.77%
Mar 23, 2010	1.5021	1.5110	1.5112	1.4972	-0.59%
Mar 24, 2010	1.4897	1.5021	1.5036	1.4855	-0.83%
Mar 25, 2010	1.4848	1.4897	1.5008	1.4800	-0.33%
Mar 26, 2010	1.4898	1.4848	1.4924	1.4811	0.34%
Mar 28, 2010	1.4913	1.4928	1.4966	1.4910	0.10%
Mar 29, 2010	1.4990	1.4913	1.5019	1.4892	0.52%
Mar 30, 2010	1.5086	1.4990	1.5127	1.4975	0.64%
Mar 31, 2010	1.5196	1.5086	1.5205	1.5044	0.73%
Apr 01, 2010	1.5294	1.5196	1.5299	1.5180	0.64%
Apr 02, 2010	1.5209	1.5294	1.5294	1.5183	-0.56%
Apr 04, 2010	1.5258	1.5293	1.5294	1.5253	0.32%
Apr 05, 2010	1.5283	1.5258	1.5320	1.5224	0.16%
Apr 06, 2010	1.5236	1.5283	1.5283	1.5130	-0.31%
Apr 07, 2010	1.5223	1.5236	1.5287	1.5138	-0.09%
Apr 08, 2010	1.5296	1.5223	1.5305	1.5142	0.48%
Apr 09, 2010	1.5372	1.5296	1.5392	1.5268	0.50%
Apr 11, 2010	1.5437	1.5466	1.5466	1.5417	0.42%
Apr 12, 2010	1.5368	1.5437	1.5487	1.5352	-0.45%
Apr 13, 2010	1.5379	1.5368	1.5450	1.5336	0.07%
Apr 14, 2010	1.5476	1.5379	1.5491	1.5377	0.63%
Apr 15, 2010	1.5460	1.5476	1.5523	1.5387	-0.10%
Apr 16, 2010	1.5363	1.5460	1.5474	1.5361	-0.63%
Apr 18, 2010	1.5286	1.5273	1.5316	1.5267	-0.50%
Apr 19, 2010	1.5332	1.5286	1.5343	1.5192	0.30%
Apr 20, 2010	1.5362	1.5332	1.5434	1.5290	0.20%
Apr 21, 2010	1.5414	1.5362	1.5439	1.5332	0.34%
Apr 22, 2010	1.5341	1.5414	1.5474	1.5321	-0.47%
Apr 23, 2010	1.5377	1.5341	1.5398	1.5296	0.23%
Apr 25, 2010	1.5386	1.5388	1.5391	1.5374	0.06%
Apr 26, 2010	1.5476	1.5386	1.5498	1.5386	0.58%
Apr 27, 2010	1.5260	1.5476	1.5478	1.5226	-1.40%
Apr 28, 2010	1.5192	1.5260	1.5288	1.5126	-0.45%
Apr 29, 2010	1.5344	1.5192	1.5365	1.5144	1.00%
Apr 30, 2010	1.5270	1.5344	1.5390	1.5254	-0.48%
May 02, 2010	1.5303	1.5331	1.5331	1.5294	0.22%
May 03, 2010	1.5243	1.5303	1.5310	1.5212	-0.39%
May 04, 2010	1.5135	1.5243	1.5266	1.5090	-0.71%
May 05, 2010	1.5098	1.5135	1.5174	1.5068	-0.24%
May 06, 2010	1.4898	1.5098	1.5148	1.4712	-1.32%
May 07, 2010	1.4804	1.4898	1.4935	1.4477	-0.63%
May 09, 2010	1.4807	1.4879	1.4879	1.4762	0.02%
May 10, 2010	1.4836	1.4807	1.5054	1.4790	0.20%
May 11, 2010	1.4954	1.4836	1.5005	1.4721	0.80%
May 12, 2010	1.4848	1.4954	1.5045	1.4820	-0.71%
May 13, 2010	1.4592	1.4848	1.4918	1.4572	-1.72%
May 14, 2010	1.4534	1.4592	1.4640	1.4496	-0.40%
May 16, 2010	1.4479	1.4513	1.4547	1.4467	-0.38%
May 17, 2010	1.4466	1.4479	1.4510	1.4252	-0.09%
May 18, 2010	1.4258	1.4466	1.4521	1.4256	-1.44%
May 19, 2010	1.4424	1.4258	1.4468	1.4240	1.16%
May 20, 2010	1.4396	1.4424	1.4461	1.4229	-0.19%
May 21, 2010	1.4455	1.4396	1.4497	1.4319	0.41%
May 24, 2010	1.4388	1.4440	1.4528	1.4352	-0.46%
May 25, 2010	1.4391	1.4388	1.4448	1.4261	0.02%
May 26, 2010	1.4393	1.4391	1.4444	1.4330	0.01%
May 27, 2010	1.4568	1.4393	1.4608	1.4381	1.22%
May 28, 2010	1.4457	1.4568	1.4611	1.4434	-0.76%
May 30, 2010	1.4462	1.4418	1.4470	1.4415	0.03%
May 31, 2010	1.4508	1.4462	1.4549	1.4428	0.32%
Jun 01, 2010	1.4667	1.4508	1.4723	1.4440	1.10%
Jun 02, 2010	1.4670	1.4667	1.4770	1.4553	0.02%
Jun 03, 2010	1.4643	1.4670	1.4744	1.4587	-0.18%
Jun 04, 2010	1.4454	1.4643	1.4682	1.4454	-1.29%
Jun 06, 2010	1.4426	1.4414	1.4447	1.4410	-0.19%
Jun 07, 2010	1.4475	1.4426	1.4562	1.4388	0.34%
Jun 08, 2010	1.4446	1.4475	1.4530	1.4346	-0.20%
Jun 09, 2010	1.4548	1.4446	1.4608	1.4404	0.71%
Jun 10, 2010	1.4726	1.4548	1.4728	1.4510	1.22%
Jun 11, 2010	1.4551	1.4726	1.4760	1.4505	-1.19%
Jun 13, 2010	1.4614	1.4575	1.4616	1.4552	0.43%
Jun 14, 2010	1.4736	1.4614	1.4809	1.4571	0.83%
Jun 15, 2010	1.4800	1.4736	1.4837	1.4683	0.43%
Jun 16, 2010	1.4710	1.4800	1.4856	1.4706	-0.61%
Jun 17, 2010	1.4813	1.4710	1.4838	1.4646	0.70%
Jun 18, 2010	1.4825	1.4813	1.4886	1.4772	0.08%
Jun 20, 2010	1.4838	1.4859	1.4872	1.4826	0.09%
Jun 21, 2010	1.4764	1.4838	1.4937	1.4739	-0.50%
Jun 22, 2010	1.4810	1.4764	1.4859	1.4688	0.31%
Jun 23, 2010	1.4972	1.4810	1.4972	1.4804	1.09%
Jun 24, 2010	1.4930	1.4972	1.5011	1.4916	-0.28%
Jun 25, 2010	1.5061	1.4930	1.5077	1.4857	0.88%
Jun 27, 2010	1.5045	1.5057	1.5062	1.5033	-0.11%
Jun 28, 2010	1.5105	1.5045	1.5128	1.5018	0.40%
Jun 29, 2010	1.5056	1.5105	1.5120	1.5012	-0.32%
Jun 30, 2010	1.4958	1.5056	1.5074	1.4932	-0.65%
Jul 01, 2010	1.5163	1.4958	1.5190	1.4874	1.37%
Jul 02, 2010	1.5204	1.5163	1.5227	1.5152	0.27%
Jul 04, 2010	1.5190	1.5200	1.5204	1.5188	-0.09%
Jul 05, 2010	1.5096	1.5190	1.5200	1.5090	-0.62%
Jul 06, 2010	1.5156	1.5096	1.5225	1.5082	0.40%
Jul 07, 2010	1.5188	1.5156	1.5218	1.5082	0.21%
Jul 08, 2010	1.5154	1.5188	1.5241	1.5104	-0.22%
Jul 09, 2010	1.5063	1.5154	1.5205	1.5052	-0.60%
Jul 12, 2010	1.5030	1.5028	1.5085	1.4950	-0.22%
Jul 13, 2010	1.5200	1.5030	1.5200	1.4966	1.13%
Jul 14, 2010	1.5259	1.5200	1.5297	1.5188	0.39%
Jul 15, 2010	1.5425	1.5259	1.5472	1.5237	1.09%
Jul 16, 2010	1.5305	1.5425	1.5447	1.5278	-0.78%
Jul 18, 2010	1.5292	1.5277	1.5321	1.5276	-0.08%
Jul 19, 2010	1.5220	1.5292	1.5352	1.5204	-0.47%
Jul 20, 2010	1.5290	1.5220	1.5310	1.5154	0.46%
Jul 21, 2010	1.5186	1.5290	1.5334	1.5126	-0.68%
Jul 22, 2010	1.5285	1.5186	1.5296	1.5150	0.65%
Jul 23, 2010	1.5429	1.5285	1.5450	1.5258	0.94%
Jul 25, 2010	1.5442	1.5414	1.5442	1.5410	0.08%
Jul 26, 2010	1.5479	1.5442	1.5520	1.5420	0.24%
Jul 27, 2010	1.5590	1.5479	1.5601	1.5443	0.72%
Jul 30, 2010	1.5695	1.5602	1.5722	1.5552	0.67%
Aug 01, 2010	1.5711	1.5716	1.5732	1.5696	0.10%
Aug 02, 2010	1.5888	1.5711	1.5908	1.5700	1.13%
Aug 03, 2010	1.5940	1.5888	1.5967	1.5861	0.33%
Aug 04, 2010	1.5886	1.5940	1.5964	1.5856	-0.34%
Aug 05, 2010	1.5876	1.5886	1.5923	1.5821	-0.06%
Aug 06, 2010	1.5938	1.5876	1.5998	1.5841	0.39%
Aug 08, 2010	1.5963	1.5965	1.5996	1.5962	0.16%
Aug 09, 2010	1.5901	1.5963	1.5994	1.5891	-0.39%
Aug 10, 2010	1.5814	1.5901	1.5909	1.5711	-0.55%
Aug 11, 2010	1.5638	1.5814	1.5834	1.5616	-1.11%
Aug 12, 2010	1.5594	1.5638	1.5714	1.5562	-0.28%
Aug 13, 2010	1.5594	1.5594	1.5678	1.5572	0.00%
Aug 15, 2010	1.5584	1.5591	1.5603	1.5582	-0.06%
Aug 16, 2010	1.5650	1.5584	1.5702	1.5536	0.42%
Aug 17, 2010	1.5572	1.5650	1.5696	1.5552	-0.50%
Aug 18, 2010	1.5561	1.5572	1.5688	1.5498	-0.07%
Aug 19, 2010	1.5574	1.5561	1.5672	1.5510	0.08%
Aug 20, 2010	1.5536	1.5574	1.5595	1.5466	-0.24%
Aug 22, 2010	1.5554	1.5537	1.5556	1.5530	0.12%
Aug 23, 2010	1.5492	1.5554	1.5618	1.5485	-0.40%
Aug 24, 2010	1.5407	1.5492	1.5506	1.5372	-0.55%
Aug 25, 2010	1.5476	1.5407	1.5481	1.5390	0.45%
Aug 26, 2010	1.5520	1.5476	1.5598	1.5469	0.28%
Aug 27, 2010	1.5529	1.5520	1.5539	1.5443	0.06%
Aug 29, 2010	1.5539	1.5538	1.5547	1.5516	0.06%
Aug 30, 2010	1.5474	1.5539	1.5576	1.5456	-0.42%
Aug 31, 2010	1.5341	1.5474	1.5474	1.5328	-0.86%
Sep 01, 2010	1.5446	1.5341	1.5490	1.5337	0.68%
Sep 02, 2010	1.5392	1.5446	1.5452	1.5350	-0.35%
Sep 03, 2010	1.5452	1.5392	1.5470	1.5390	0.39%
Sep 05, 2010	1.5452	1.5432	1.5454	1.5431	0.00%
Sep 06, 2010	1.5361	1.5452	1.5490	1.5348	-0.59%
Sep 07, 2010	1.5352	1.5361	1.5426	1.5296	-0.06%
Sep 08, 2010	1.5474	1.5352	1.5533	1.5351	0.79%
Sep 09, 2010	1.5414	1.5474	1.5476	1.5376	-0.39%
Sep 10, 2010	1.5356	1.5414	1.5467	1.5346	-0.38%
Sep 12, 2010	1.5398	1.5361	1.5399	1.5354	0.27%
Sep 13, 2010	1.5384	1.5398	1.5489	1.5384	-0.09%
Sep 14, 2010	1.5538	1.5384	1.5588	1.5349	1.00%
Sep 15, 2010	1.5636	1.5538	1.5652	1.5450	0.63%
Sep 16, 2010	1.5604	1.5636	1.5649	1.5539	-0.20%
Sep 17, 2010	1.5631	1.5604	1.5729	1.5596	0.17%
Sep 19, 2010	1.5642	1.5656	1.5666	1.5638	0.07%
Sep 20, 2010	1.5550	1.5642	1.5687	1.5538	-0.59%
Sep 21, 2010	1.5632	1.5550	1.5641	1.5505	0.53%
Sep 22, 2010	1.5642	1.5632	1.5716	1.5607	0.06%
Sep 23, 2010	1.5661	1.5642	1.5741	1.5613	0.12%
Sep 24, 2010	1.5825	1.5661	1.5844	1.5642	1.05%
Sep 26, 2010	1.5828	1.5822	1.5845	1.5818	0.02%
Sep 27, 2010	1.5810	1.5828	1.5868	1.5788	-0.11%
Sep 28, 2010	1.5807	1.5810	1.5896	1.5720	-0.02%
Sep 29, 2010	1.5804	1.5807	1.5874	1.5762	-0.02%
Sep 30, 2010	1.5732	1.5804	1.5922	1.5670	-0.46%
Oct 01, 2010	1.5821	1.5732	1.5873	1.5704	0.57%
Oct 03, 2010	1.5820	1.5801	1.5826	1.5800	-0.01%
Oct 04, 2010	1.5808	1.5820	1.5870	1.5750	-0.08%
Oct 05, 2010	1.5912	1.5808	1.5931	1.5754	0.66%
Oct 06, 2010	1.5865	1.5912	1.5940	1.5834	-0.30%
Oct 07, 2010	1.5878	1.5865	1.6018	1.5828	0.08%
Oct 08, 2010	1.5962	1.5878	1.5965	1.5823	0.53%
Oct 10, 2010	1.5958	1.5953	1.5962	1.5930	-0.03%
Oct 11, 2010	1.5876	1.5958	1.5963	1.5869	-0.51%
Oct 12, 2010	1.5803	1.5876	1.5918	1.5756	-0.46%
Oct 13, 2010	1.5933	1.5803	1.5938	1.5775	0.82%
Oct 14, 2010	1.5987	1.5933	1.6066	1.5933	0.34%
Oct 15, 2010	1.5991	1.5987	1.6106	1.5976	0.03%
Oct 17, 2010	1.5994	1.5979	1.6005	1.5973	0.02%
Oct 18, 2010	1.5906	1.5994	1.5996	1.5838	-0.55%
Oct 19, 2010	1.5656	1.5906	1.5942	1.5651	-1.57%
Oct 20, 2010	1.5849	1.5656	1.5878	1.5656	1.23%
Oct 21, 2010	1.5717	1.5849	1.5850	1.5687	-0.83%
Oct 22, 2010	1.5684	1.5717	1.5751	1.5656	-0.21%
Oct 24, 2010	1.5684	1.5681	1.5685	1.5664	0.00%
Oct 25, 2010	1.5710	1.5684	1.5774	1.5678	0.17%
Oct 26, 2010	1.5842	1.5710	1.5896	1.5709	0.84%
Oct 27, 2010	1.5791	1.5842	1.5865	1.5731	-0.32%
Oct 28, 2010	1.5962	1.5791	1.5978	1.5762	1.08%
Oct 29, 2010	1.6042	1.5962	1.6047	1.5878	0.50%
Oct 31, 2010	1.6047	1.6046	1.6059	1.6041	0.03%
Nov 01, 2010	1.6058	1.6047	1.6089	1.5999	0.07%
Nov 02, 2010	1.6030	1.6058	1.6080	1.5963	-0.17%
Nov 03, 2010	1.6106	1.6030	1.6179	1.6007	0.47%
Nov 04, 2010	1.6276	1.6106	1.6299	1.6090	1.06%
Nov 05, 2010	1.6184	1.6276	1.6280	1.6167	-0.57%
Nov 07, 2010	1.6207	1.6200	1.6209	1.6182	0.14%
Nov 08, 2010	1.6115	1.6207	1.6215	1.6105	-0.57%
Nov 09, 2010	1.6000	1.6115	1.6184	1.5954	-0.71%
Nov 10, 2010	1.6121	1.6000	1.6136	1.5963	0.76%
Nov 11, 2010	1.6102	1.6121	1.6179	1.6082	-0.12%
Nov 12, 2010	1.6116	1.6102	1.6184	1.5986	0.09%
Nov 14, 2010	1.6128	1.6150	1.6151	1.6122	0.07%
Nov 15, 2010	1.6041	1.6128	1.6155	1.6040	-0.54%
Nov 16, 2010	1.5886	1.6041	1.6085	1.5840	-0.97%
Nov 17, 2010	1.5919	1.5886	1.5949	1.5856	0.21%
Nov 18, 2010	1.6051	1.5919	1.6056	1.5889	0.83%
Nov 19, 2010	1.5983	1.6051	1.6095	1.5936	-0.42%
Nov 21, 2010	1.6002	1.5981	1.6008	1.5971	0.12%
Nov 22, 2010	1.5942	1.6002	1.6084	1.5899	-0.37%
Nov 23, 2010	1.5800	1.5942	1.5954	1.5760	-0.89%
Nov 24, 2010	1.5790	1.5800	1.5838	1.5741	-0.06%
Nov 25, 2010	1.5758	1.5790	1.5794	1.5726	-0.20%
Nov 26, 2010	1.5592	1.5758	1.5767	1.5578	-1.05%
Nov 28, 2010	1.5590	1.5596	1.5607	1.5586	-0.01%
Nov 29, 2010	1.5549	1.5590	1.5647	1.5528	-0.26%
Nov 30, 2010	1.5571	1.5549	1.5596	1.5486	0.14%
Dec 01, 2010	1.5611	1.5571	1.5649	1.5548	0.26%
Dec 02, 2010	1.5594	1.5611	1.5667	1.5512	-0.11%
Dec 03, 2010	1.5771	1.5594	1.5788	1.5593	1.14%
Dec 05, 2010	1.5767	1.5765	1.5775	1.5758	-0.03%
Dec 06, 2010	1.5710	1.5767	1.5769	1.5656	-0.36%
Dec 07, 2010	1.5753	1.5710	1.5822	1.5705	0.27%
Dec 08, 2010	1.5794	1.5753	1.5823	1.5669	0.26%
Dec 09, 2010	1.5774	1.5794	1.5841	1.5712	-0.13%
Dec 10, 2010	1.5803	1.5774	1.5861	1.5749	0.18%
Dec 12, 2010	1.5794	1.5799	1.5801	1.5793	-0.06%
Dec 13, 2010	1.5860	1.5794	1.5896	1.5720	0.42%
Dec 14, 2010	1.5763	1.5860	1.5911	1.5740	-0.61%
Dec 15, 2010	1.5559	1.5763	1.5769	1.5532	-1.29%
Dec 16, 2010	1.5631	1.5559	1.5637	1.5541	0.46%
Dec 17, 2010	1.5534	1.5631	1.5647	1.5455	-0.62%
Dec 19, 2010	1.5512	1.5516	1.5524	1.5507	-0.14%
Dec 20, 2010	1.5506	1.5512	1.5577	1.5476	-0.04%
Dec 21, 2010	1.5465	1.5506	1.5568	1.5436	-0.26%
Dec 22, 2010	1.5406	1.5465	1.5494	1.5357	-0.38%
Dec 23, 2010	1.5445	1.5406	1.5446	1.5374	0.25%
Dec 24, 2010	1.5440	1.5445	1.5478	1.5419	-0.03%
Dec 26, 2010	1.5408	1.5443	1.5444	1.5408	-0.21%
Dec 27, 2010	1.5442	1.5408	1.5458	1.5370	0.22%
Dec 28, 2010	1.5354	1.5442	1.5512	1.5346	-0.57%
Dec 29, 2010	1.5502	1.5354	1.5518	1.5353	0.96%
Dec 30, 2010	1.5436	1.5502	1.5536	1.5368	-0.43%
Dec 31, 2010	1.5611	1.5436	1.5664	1.5426	1.13%
Jan 02, 2011	1.5572	1.5567	1.5586	1.5533	-0.25%
Jan 03, 2011	1.5488	1.5572	1.5576	1.5434	-0.54%
Jan 04, 2011	1.5597	1.5488	1.5646	1.5455	0.70%
Jan 05, 2011	1.5512	1.5597	1.5628	1.5452	-0.54%
Jan 06, 2011	1.5450	1.5512	1.5564	1.5447	-0.40%
Jan 07, 2011	1.5547	1.5450	1.5579	1.5407	0.63%
Jan 09, 2011	1.5541	1.5524	1.5550	1.5521	-0.04%
Jan 10, 2011	1.5589	1.5541	1.5603	1.5476	0.31%
Jan 11, 2011	1.5607	1.5589	1.5639	1.5514	0.12%
Jan 12, 2011	1.5748	1.5607	1.5780	1.5583	0.90%
Jan 13, 2011	1.5843	1.5748	1.5884	1.5719	0.60%
Jan 14, 2011	1.5870	1.5843	1.5889	1.5810	0.17%
Jan 16, 2011	1.5880	1.5865	1.5883	1.5865	0.06%
Jan 17, 2011	1.5898	1.5880	1.5954	1.5836	0.11%
Jan 18, 2011	1.5958	1.5898	1.6059	1.5897	0.38%
Jan 19, 2011	1.5974	1.5958	1.6038	1.5946	0.10%
Jan 20, 2011	1.5908	1.5974	1.6009	1.5838	-0.41%
Jan 21, 2011	1.6000	1.5908	1.6017	1.5868	0.58%
Jan 23, 2011	1.5993	1.6002	1.6012	1.5986	-0.04%
Jan 24, 2011	1.5982	1.5993	1.6014	1.5921	-0.07%
Jan 25, 2011	1.5816	1.5982	1.6018	1.5752	-1.04%
Jan 26, 2011	1.5932	1.5816	1.5938	1.5770	0.73%
Jan 27, 2011	1.5925	1.5932	1.5991	1.5880	-0.04%
Jan 28, 2011	1.5860	1.5925	1.5966	1.5826	-0.41%
Jan 30, 2011	1.5824	1.5848	1.5855	1.5823	-0.23%
Jan 31, 2011	1.6025	1.5824	1.6049	1.5822	1.27%
Feb 01, 2011	1.6135	1.6025	1.6163	1.6024	0.69%
Feb 02, 2011	1.6202	1.6135	1.6230	1.6128	0.42%
Feb 03, 2011	1.6134	1.6202	1.6278	1.6122	-0.42%
Feb 04, 2011	1.6109	1.6134	1.6173	1.6036	-0.15%
Feb 06, 2011	1.6098	1.6102	1.6105	1.6093	-0.07%
Feb 07, 2011	1.6127	1.6098	1.6185	1.6091	0.18%
Feb 08, 2011	1.6064	1.6127	1.6162	1.6029	-0.39%
Feb 09, 2011	1.6100	1.6064	1.6124	1.6034	0.22%
Feb 10, 2011	1.6096	1.6100	1.6138	1.6013	-0.02%
Feb 11, 2011	1.6007	1.6096	1.6113	1.5964	-0.55%
Feb 13, 2011	1.6002	1.5987	1.6009	1.5981	-0.03%
Feb 14, 2011	1.6025	1.6002	1.6078	1.5982	0.14%
Feb 15, 2011	1.6135	1.6025	1.6170	1.6008	0.69%
Feb 16, 2011	1.6092	1.6135	1.6186	1.5987	-0.27%
Feb 17, 2011	1.6176	1.6092	1.6186	1.6076	0.52%
Feb 18, 2011	1.6253	1.6176	1.6263	1.6149	0.48%
Feb 20, 2011	1.6249	1.6260	1.6260	1.6242	-0.02%
Feb 21, 2011	1.6227	1.6249	1.6253	1.6204	-0.14%
Feb 22, 2011	1.6158	1.6227	1.6228	1.6102	-0.43%
Feb 23, 2011	1.6233	1.6158	1.6274	1.6157	0.46%
Feb 24, 2011	1.6143	1.6233	1.6255	1.6085	-0.55%
Feb 25, 2011	1.6118	1.6143	1.6160	1.6032	-0.15%
Feb 27, 2011	1.6098	1.6111	1.6112	1.6082	-0.12%
Feb 28, 2011	1.6269	1.6098	1.6276	1.6073	1.06%
Mar 01, 2011	1.6256	1.6269	1.6329	1.6252	-0.08%
Mar 02, 2011	1.6329	1.6256	1.6344	1.6216	0.45%
Mar 03, 2011	1.6275	1.6329	1.6334	1.6254	-0.33%
Mar 04, 2011	1.6270	1.6275	1.6305	1.6236	-0.03%
Mar 06, 2011	1.6266	1.6276	1.6283	1.6265	-0.02%
Mar 07, 2011	1.6196	1.6266	1.6341	1.6183	-0.43%
Mar 08, 2011	1.6162	1.6196	1.6209	1.6126	-0.21%
Mar 09, 2011	1.6202	1.6162	1.6243	1.6140	0.25%
Mar 10, 2011	1.6064	1.6202	1.6214	1.6040	-0.85%
Mar 11, 2011	1.6080	1.6064	1.6087	1.5978	0.10%
Mar 13, 2011	1.6070	1.6087	1.6097	1.6063	-0.06%
Mar 14, 2011	1.6171	1.6070	1.6198	1.6027	0.63%
Mar 15, 2011	1.6051	1.6171	1.6185	1.5979	-0.74%
Mar 15, 2011	1.5987	1.6069	1.6131	1.5975	-0.40%
Mar 16, 2011	1.6143	1.5988	1.6170	1.5979	0.98%
Mar 17, 2011	1.6233	1.6143	1.6256	1.6055	0.56%
Mar 20, 2011	1.6222	1.6236	1.6237	1.6213	-0.07%
Mar 21, 2011	1.6308	1.6222	1.6328	1.6204	0.53%
Mar 22, 2011	1.6358	1.6308	1.6402	1.6294	0.31%
Mar 23, 2011	1.6247	1.6358	1.6382	1.6220	-0.68%
Mar 24, 2011	1.6120	1.6247	1.6267	1.6092	-0.78%
Mar 25, 2011	1.6042	1.6120	1.6142	1.6008	-0.48%
Mar 27, 2011	1.6012	1.6004	1.6017	1.6002	-0.19%
Mar 28, 2011	1.5982	1.6012	1.6038	1.5938	-0.19%
Mar 29, 2011	1.6020	1.5982	1.6043	1.5943	0.24%
Mar 30, 2011	1.6082	1.6020	1.6083	1.5980	0.39%
Mar 31, 2011	1.6023	1.6082	1.6151	1.6016	-0.37%
Apr 01, 2011	1.6111	1.6023	1.6132	1.5973	0.55%
Apr 03, 2011	1.6124	1.6111	1.6127	1.6104	0.08%
Apr 04, 2011	1.6114	1.6124	1.6177	1.6108	-0.06%
Apr 05, 2011	1.6304	1.6114	1.6304	1.6093	1.18%
Apr 06, 2011	1.6324	1.6304	1.6363	1.6258	0.12%
Apr 07, 2011	1.6317	1.6324	1.6349	1.6264	-0.04%
Apr 08, 2011	1.6383	1.6317	1.6427	1.6316	0.40%
Apr 10, 2011	1.6393	1.6375	1.6393	1.6368	0.06%
Apr 11, 2011	1.6338	1.6393	1.6426	1.6314	-0.34%
Apr 12, 2011	1.6260	1.6338	1.6344	1.6228	-0.48%
Apr 13, 2011	1.6278	1.6260	1.6309	1.6238	0.11%
Apr 14, 2011	1.6367	1.6278	1.6384	1.6255	0.55%
Apr 15, 2011	1.6328	1.6367	1.6373	1.6293	-0.24%
Apr 17, 2011	1.6316	1.6310	1.6326	1.6303	-0.07%
Apr 18, 2011	1.6265	1.6316	1.6328	1.6166	-0.31%
Apr 19, 2011	1.6334	1.6265	1.6339	1.6231	0.42%
Apr 20, 2011	1.6393	1.6334	1.6426	1.6308	0.36%
Apr 21, 2011	1.6519	1.6393	1.6599	1.6389	0.77%
Apr 22, 2011	1.6509	1.6519	1.6569	1.6504	-0.06%
Apr 24, 2011	1.6548	1.6531	1.6553	1.6516	0.24%
Apr 25, 2011	1.6492	1.6548	1.6548	1.6468	-0.34%
Apr 26, 2011	1.6508	1.6492	1.6533	1.6432	0.10%
Apr 27, 2011	1.6647	1.6508	1.6669	1.6436	0.84%
Apr 28, 2011	1.6646	1.6647	1.6747	1.6626	-0.01%
Apr 29, 2011	1.6711	1.6646	1.6722	1.6624	0.39%
May 01, 2011	1.6696	1.6713	1.6731	1.6671	-0.09%
May 02, 2011	1.6643	1.6696	1.6739	1.6637	-0.32%
May 03, 2011	1.6489	1.6643	1.6647	1.6464	-0.93%
May 04, 2011	1.6487	1.6489	1.6575	1.6453	-0.01%
May 05, 2011	1.6401	1.6487	1.6544	1.6359	-0.52%
May 06, 2011	1.6366	1.6401	1.6464	1.6355	-0.21%
May 08, 2011	1.6372	1.6358	1.6388	1.6344	0.04%
May 09, 2011	1.6406	1.6372	1.6421	1.6271	0.21%
May 10, 2011	1.6362	1.6406	1.6417	1.6316	-0.27%
May 11, 2011	1.6366	1.6362	1.6517	1.6323	0.02%
May 12, 2011	1.6273	1.6366	1.6380	1.6235	-0.57%
May 13, 2011	1.6197	1.6273	1.6309	1.6147	-0.47%
May 15, 2011	1.6172	1.6211	1.6213	1.6167	-0.15%
May 16, 2011	1.6198	1.6172	1.6255	1.6160	0.16%
May 17, 2011	1.6251	1.6198	1.6303	1.6176	0.33%
May 18, 2011	1.6156	1.6251	1.6288	1.6107	-0.58%
May 19, 2011	1.6228	1.6156	1.6243	1.6132	0.45%
May 20, 2011	1.6231	1.6228	1.6304	1.6167	0.02%
May 22, 2011	1.6228	1.6226	1.6230	1.6211	-0.02%
May 23, 2011	1.6074	1.6228	1.6234	1.6060	-0.95%
May 24, 2011	1.6180	1.6074	1.6208	1.6069	0.66%
May 25, 2011	1.6282	1.6180	1.6294	1.6133	0.63%
May 26, 2011	1.6393	1.6282	1.6409	1.6275	0.68%
May 27, 2011	1.6508	1.6393	1.6514	1.6384	0.70%
May 29, 2011	1.6485	1.6504	1.6513	1.6477	-0.14%
May 30, 2011	1.6500	1.6485	1.6508	1.6450	0.09%
May 31, 2011	1.6466	1.6500	1.6547	1.6425	-0.21%
Jun 01, 2011	1.6338	1.6466	1.6497	1.6316	-0.78%
Jun 02, 2011	1.6373	1.6338	1.6418	1.6306	0.21%
Jun 03, 2011	1.6426	1.6373	1.6439	1.6287	0.32%
Jun 05, 2011	1.6454	1.6418	1.6456	1.6412	0.17%
Jun 06, 2011	1.6354	1.6454	1.6461	1.6342	-0.61%
Jun 07, 2011	1.6440	1.6354	1.6473	1.6325	0.53%
Jun 08, 2011	1.6404	1.6440	1.6447	1.6348	-0.22%
Jun 09, 2011	1.6376	1.6404	1.6466	1.6359	-0.17%
Jun 10, 2011	1.6227	1.6376	1.6383	1.6216	-0.91%
Jun 12, 2011	1.6232	1.6230	1.6245	1.6218	0.03%
Jun 13, 2011	1.6367	1.6232	1.6389	1.6222	0.83%
Jun 14, 2011	1.6372	1.6367	1.6442	1.6356	0.03%
Jun 15, 2011	1.6200	1.6372	1.6378	1.6169	-1.05%
Jun 16, 2011	1.6163	1.6200	1.6224	1.6079	-0.23%
Jun 17, 2011	1.6194	1.6163	1.6200	1.6094	0.19%
Jun 19, 2011	1.6154	1.6166	1.6178	1.6151	-0.25%
Jun 20, 2011	1.6236	1.6154	1.6253	1.6110	0.51%
Jun 21, 2011	1.6220	1.6236	1.6249	1.6168	-0.10%
Jun 22, 2011	1.6050	1.6220	1.6262	1.6043	-1.05%
Jun 23, 2011	1.6022	1.6050	1.6066	1.5938	-0.17%
Jun 24, 2011	1.5958	1.6022	1.6046	1.5952	-0.40%
Jun 26, 2011	1.5954	1.5963	1.5967	1.5946	-0.03%
Jun 27, 2011	1.5987	1.5954	1.6012	1.5914	0.21%
Jun 28, 2011	1.5987	1.5987	1.6044	1.5913	0.00%
Jun 29, 2011	1.6066	1.5987	1.6081	1.5971	0.49%
Jun 30, 2011	1.6020	1.6066	1.6118	1.5974	-0.29%
Jul 01, 2011	1.6074	1.6020	1.6096	1.5989	0.34%
Jul 03, 2011	1.6076	1.6070	1.6079	1.6059	0.01%
Jul 04, 2011	1.6085	1.6076	1.6140	1.6060	0.06%
Jul 05, 2011	1.6062	1.6085	1.6128	1.5991	-0.14%
Jul 06, 2011	1.6018	1.6062	1.6091	1.5949	-0.27%
Jul 07, 2011	1.5974	1.6018	1.6018	1.5945	-0.27%
Jul 08, 2011	1.6058	1.5974	1.6078	1.5932	0.53%
Jul 10, 2011	1.6030	1.6026	1.6040	1.6018	-0.17%
Jul 11, 2011	1.5900	1.6030	1.6042	1.5883	-0.81%
Jul 12, 2011	1.5926	1.5900	1.5949	1.5781	0.16%
Jul 13, 2011	1.6184	1.5926	1.6195	1.5912	1.62%
Jul 14, 2011	1.6154	1.6184	1.6186	1.6096	-0.19%
Jul 15, 2011	1.6136	1.6154	1.6170	1.6076	-0.11%
Jul 17, 2011	1.6119	1.6113	1.6134	1.6104	-0.11%
Jul 18, 2011	1.6070	1.6119	1.6128	1.6006	-0.30%
Jul 19, 2011	1.6127	1.6070	1.6178	1.6056	0.35%
Jul 20, 2011	1.6167	1.6127	1.6174	1.6070	0.25%
Jul 21, 2011	1.6320	1.6167	1.6341	1.6122	0.95%
Jul 22, 2011	1.6300	1.6320	1.6327	1.6265	-0.12%
Jul 24, 2011	1.6298	1.6332	1.6345	1.6298	-0.01%
Jul 25, 2011	1.6281	1.6298	1.6328	1.6262	-0.10%
Jul 26, 2011	1.6418	1.6281	1.6429	1.6266	0.84%
Jul 27, 2011	1.6325	1.6418	1.6440	1.6313	-0.57%
Jul 28, 2011	1.6360	1.6325	1.6384	1.6295	0.21%
Jul 29, 2011	1.6426	1.6360	1.6470	1.6263	0.40%
Jul 31, 2011	1.6413	1.6421	1.6426	1.6388	-0.08%
Aug 01, 2011	1.6315	1.6413	1.6476	1.6238	-0.60%
Aug 02, 2011	1.6278	1.6315	1.6329	1.6225	-0.23%
Aug 03, 2011	1.6437	1.6278	1.6440	1.6252	0.98%
Aug 04, 2011	1.6240	1.6437	1.6438	1.6229	-1.20%
Aug 05, 2011	1.6394	1.6240	1.6397	1.6234	0.95%
Aug 07, 2011	1.6424	1.6466	1.6475	1.6412	0.18%
Aug 08, 2011	1.6320	1.6424	1.6471	1.6298	-0.63%
Aug 09, 2011	1.6304	1.6320	1.6406	1.6177	-0.10%
Aug 10, 2011	1.6113	1.6304	1.6315	1.6112	-1.17%
Aug 11, 2011	1.6229	1.6113	1.6244	1.6112	0.72%
Aug 12, 2011	1.6282	1.6229	1.6313	1.6167	0.33%
Aug 14, 2011	1.6283	1.6279	1.6296	1.6279	0.01%
Aug 15, 2011	1.6378	1.6283	1.6409	1.6257	0.58%
Aug 16, 2011	1.6443	1.6378	1.6477	1.6324	0.40%
Aug 17, 2011	1.6534	1.6443	1.6590	1.6354	0.55%
Aug 18, 2011	1.6478	1.6534	1.6555	1.6421	-0.34%
Aug 19, 2011	1.6467	1.6478	1.6618	1.6446	-0.07%
Aug 21, 2011	1.6476	1.6470	1.6485	1.6467	0.05%
Aug 22, 2011	1.6457	1.6476	1.6521	1.6437	-0.12%
Aug 23, 2011	1.6496	1.6457	1.6571	1.6455	0.24%
Aug 24, 2011	1.6366	1.6496	1.6534	1.6353	-0.79%
Aug 25, 2011	1.6291	1.6366	1.6397	1.6262	-0.46%
Aug 26, 2011	1.6368	1.6291	1.6379	1.6209	0.47%
Aug 28, 2011	1.6347	1.6357	1.6358	1.6325	-0.13%
Aug 29, 2011	1.6398	1.6347	1.6454	1.6342	0.31%
Aug 30, 2011	1.6312	1.6398	1.6420	1.6256	-0.52%
Aug 31, 2011	1.6246	1.6312	1.6334	1.6232	-0.40%
Sep 01, 2011	1.6194	1.6246	1.6253	1.6132	-0.32%
Sep 02, 2011	1.6217	1.6194	1.6254	1.6172	0.14%
Sep 04, 2011	1.6164	1.6152	1.6174	1.6138	-0.33%
Sep 05, 2011	1.6089	1.6164	1.6185	1.6062	-0.46%
Sep 06, 2011	1.5952	1.6089	1.6202	1.5922	-0.85%
Sep 07, 2011	1.5970	1.5952	1.6040	1.5919	0.11%
Sep 08, 2011	1.5957	1.5970	1.6083	1.5914	-0.08%
Sep 09, 2011	1.5881	1.5957	1.5991	1.5845	-0.48%
Sep 11, 2011	1.5855	1.5842	1.5861	1.5821	-0.16%
Sep 12, 2011	1.5847	1.5855	1.5885	1.5774	-0.05%
Sep 13, 2011	1.5783	1.5847	1.5870	1.5763	-0.40%
Sep 14, 2011	1.5771	1.5783	1.5815	1.5707	-0.08%
Sep 15, 2011	1.5798	1.5771	1.5869	1.5732	0.17%
Sep 16, 2011	1.5792	1.5798	1.5841	1.5745	-0.04%
Sep 18, 2011	1.5710	1.5741	1.5755	1.5707	-0.52%
Sep 19, 2011	1.5672	1.5710	1.5756	1.5634	-0.24%
Sep 20, 2011	1.5734	1.5672	1.5748	1.5659	0.40%
Sep 21, 2011	1.5499	1.5734	1.5741	1.5484	-1.49%
Sep 22, 2011	1.5388	1.5499	1.5503	1.5329	-0.72%
Sep 23, 2011	1.5446	1.5388	1.5492	1.5375	0.38%
Sep 25, 2011	1.5476	1.5472	1.5494	1.5460	0.19%
Sep 26, 2011	1.5552	1.5476	1.5570	1.5432	0.49%
Sep 27, 2011	1.5633	1.5552	1.5705	1.5528	0.52%
Sep 28, 2011	1.5550	1.5633	1.5678	1.5550	-0.53%
Sep 29, 2011	1.5609	1.5550	1.5716	1.5543	0.38%
Sep 30, 2011	1.5584	1.5609	1.5666	1.5533	-0.16%
Oct 02, 2011	1.5572	1.5556	1.5584	1.5551	-0.08%
Oct 03, 2011	1.5432	1.5572	1.5583	1.5420	-0.90%
Oct 04, 2011	1.5465	1.5432	1.5496	1.5341	0.21%
Oct 05, 2011	1.5467	1.5465	1.5492	1.5395	0.01%
Oct 06, 2011	1.5438	1.5467	1.5500	1.5272	-0.19%
Oct 07, 2011	1.5558	1.5438	1.5646	1.5424	0.78%
Oct 09, 2011	1.5550	1.5559	1.5564	1.5528	-0.05%
Oct 10, 2011	1.5646	1.5550	1.5689	1.5545	0.62%
Oct 11, 2011	1.5580	1.5646	1.5664	1.5574	-0.42%
Oct 12, 2011	1.5734	1.5580	1.5798	1.5543	0.99%
Oct 13, 2011	1.5744	1.5734	1.5784	1.5667	0.06%
Oct 14, 2011	1.5819	1.5744	1.5853	1.5722	0.48%
Oct 16, 2011	1.5816	1.5827	1.5838	1.5810	-0.02%
Oct 17, 2011	1.5747	1.5816	1.5848	1.5731	-0.44%
Oct 18, 2011	1.5703	1.5747	1.5822	1.5632	-0.28%
Oct 19, 2011	1.5772	1.5703	1.5848	1.5700	0.44%
Oct 20, 2011	1.5800	1.5772	1.5803	1.5682	0.18%
Oct 21, 2011	1.5951	1.5800	1.5974	1.5754	0.96%
Oct 23, 2011	1.5942	1.5941	1.5954	1.5931	-0.06%
Oct 24, 2011	1.5997	1.5942	1.6007	1.5901	0.35%
Oct 25, 2011	1.6003	1.5997	1.6039	1.5958	0.04%
Oct 26, 2011	1.5971	1.6003	1.6042	1.5891	-0.20%
Oct 27, 2011	1.6098	1.5971	1.6142	1.5967	0.80%
Oct 28, 2011	1.6127	1.6098	1.6152	1.6072	0.18%
Oct 30, 2011	1.6111	1.6128	1.6142	1.6110	-0.10%
Oct 31, 2011	1.6076	1.6111	1.6166	1.5965	-0.22%
Nov 01, 2011	1.5940	1.6076	1.6094	1.5891	-0.85%
Nov 02, 2011	1.5908	1.5940	1.6047	1.5884	-0.20%
Nov 03, 2011	1.6035	1.5908	1.6062	1.5877	0.80%
Nov 04, 2011	1.6034	1.6035	1.6063	1.5946	-0.01%
Nov 06, 2011	1.6034	1.6065	1.6073	1.6016	0.00%
Nov 07, 2011	1.6063	1.6034	1.6079	1.5980	0.18%
Nov 08, 2011	1.6098	1.6063	1.6130	1.6036	0.22%
Nov 09, 2011	1.5911	1.6098	1.6120	1.5903	-1.16%
Nov 10, 2011	1.5938	1.5911	1.5985	1.5869	0.17%
Nov 11, 2011	1.6065	1.5938	1.6093	1.5896	0.80%
Nov 13, 2011	1.6076	1.6085	1.6087	1.6064	0.07%
Nov 14, 2011	1.5898	1.6076	1.6092	1.5881	-1.11%
Nov 15, 2011	1.5803	1.5898	1.5932	1.5799	-0.60%
Nov 16, 2011	1.5707	1.5803	1.5816	1.5696	-0.61%
Nov 17, 2011	1.5749	1.5707	1.5812	1.5691	0.27%
Nov 18, 2011	1.5806	1.5749	1.5888	1.5738	0.36%
Nov 20, 2011	1.5774	1.5793	1.5801	1.5758	-0.20%
Nov 21, 2011	1.5638	1.5774	1.5776	1.5613	-0.86%
Nov 22, 2011	1.5647	1.5638	1.5692	1.5583	0.06%
Nov 23, 2011	1.5521	1.5647	1.5656	1.5496	-0.81%
Nov 24, 2011	1.5477	1.5521	1.5567	1.5470	-0.28%
Nov 25, 2011	1.5440	1.5477	1.5518	1.5424	-0.24%
Nov 27, 2011	1.5487	1.5484	1.5503	1.5461	0.30%
Nov 28, 2011	1.5498	1.5487	1.5594	1.5459	0.07%
Nov 29, 2011	1.5596	1.5498	1.5656	1.5470	0.63%
Nov 30, 2011	1.5704	1.5596	1.5780	1.5527	0.69%
Dec 01, 2011	1.5683	1.5704	1.5756	1.5638	-0.13%
Dec 02, 2011	1.5597	1.5683	1.5726	1.5577	-0.55%
Dec 04, 2011	1.5606	1.5624	1.5624	1.5583	0.06%
Dec 05, 2011	1.5643	1.5606	1.5716	1.5588	0.24%
Dec 06, 2011	1.5602	1.5643	1.5664	1.5561	-0.26%
Dec 07, 2011	1.5698	1.5602	1.5722	1.5596	0.62%
Dec 08, 2011	1.5634	1.5698	1.5770	1.5611	-0.41%
Dec 09, 2011	1.5671	1.5634	1.5735	1.5586	0.24%
Dec 11, 2011	1.5654	1.5653	1.5658	1.5640	-0.11%
Dec 12, 2011	1.5574	1.5654	1.5658	1.5538	-0.51%
Dec 13, 2011	1.5478	1.5574	1.5626	1.5452	-0.62%
Dec 14, 2011	1.5472	1.5478	1.5531	1.5410	-0.04%
Dec 15, 2011	1.5523	1.5472	1.5530	1.5434	0.33%
Dec 16, 2011	1.5545	1.5523	1.5557	1.5483	0.14%
Dec 18, 2011	1.5521	1.5545	1.5545	1.5515	-0.15%
Dec 19, 2011	1.5508	1.5521	1.5545	1.5466	-0.08%
Dec 20, 2011	1.5668	1.5508	1.5700	1.5502	1.03%
Dec 21, 2011	1.5668	1.5668	1.5774	1.5649	0.00%
Dec 22, 2011	1.5678	1.5668	1.5729	1.5650	0.06%
Dec 23, 2011	1.5587	1.5678	1.5708	1.5583	-0.58%
Dec 25, 2011	1.5588	1.5588	1.5588	1.5588	0.01%
Dec 26, 2011	1.5627	1.5588	1.5631	1.5588	0.25%
Dec 27, 2011	1.5663	1.5627	1.5680	1.5598	0.23%
Dec 28, 2011	1.5438	1.5663	1.5692	1.5438	-1.44%
Dec 29, 2011	1.5416	1.5438	1.5476	1.5362	-0.14%
Dec 30, 2011	1.5550	1.5416	1.5572	1.5402	0.87%
Jan 01, 2012	1.5523	1.5523	1.5523	1.5509	-0.17%
Jan 02, 2012	1.5518	1.5523	1.5543	1.5469	-0.03%
Jan 03, 2012	1.5644	1.5518	1.5670	1.5507	0.81%
Jan 04, 2012	1.5610	1.5644	1.5669	1.5581	-0.22%
Jan 05, 2012	1.5499	1.5610	1.5630	1.5468	-0.71%
Jan 06, 2012	1.5426	1.5499	1.5525	1.5376	-0.47%
Jan 08, 2012	1.5417	1.5425	1.5431	1.5399	-0.06%
Jan 09, 2012	1.5458	1.5417	1.5470	1.5396	0.27%
Jan 10, 2012	1.5472	1.5458	1.5500	1.5447	0.09%
Jan 11, 2012	1.5336	1.5472	1.5488	1.5309	-0.88%
Jan 12, 2012	1.5341	1.5336	1.5368	1.5280	0.03%
Jan 13, 2012	1.5318	1.5341	1.5409	1.5236	-0.15%
Jan 15, 2012	1.5301	1.5281	1.5301	1.5278	-0.11%
Jan 16, 2012	1.5321	1.5301	1.5352	1.5283	0.13%
Jan 17, 2012	1.5339	1.5321	1.5405	1.5317	0.12%
Jan 18, 2012	1.5429	1.5339	1.5442	1.5328	0.59%
Jan 19, 2012	1.5485	1.5429	1.5493	1.5416	0.36%
Jan 20, 2012	1.5576	1.5485	1.5578	1.5451	0.59%
Jan 22, 2012	1.5543	1.5558	1.5567	1.5541	-0.21%
Jan 23, 2012	1.5576	1.5543	1.5602	1.5517	0.21%
Jan 24, 2012	1.5624	1.5578	1.5629	1.5534	0.31%
Jan 25, 2012	1.5658	1.5624	1.5678	1.5534	0.22%
Jan 26, 2012	1.5676	1.5658	1.5734	1.5651	0.11%
Jan 27, 2012	1.5728	1.5676	1.5741	1.5641	0.33%
Jan 29, 2012	1.5722	1.5736	1.5736	1.5718	-0.04%
Jan 30, 2012	1.5706	1.5723	1.5725	1.5654	-0.10%
Jan 31, 2012	1.5760	1.5705	1.5796	1.5701	0.34%
Feb 01, 2012	1.5847	1.5760	1.5883	1.5707	0.55%
Feb 02, 2012	1.5803	1.5846	1.5859	1.5796	-0.28%
Feb 03, 2012	1.5814	1.5803	1.5860	1.5751	0.07%
Feb 05, 2012	1.5800	1.5806	1.5826	1.5791	-0.09%
Feb 06, 2012	1.5812	1.5801	1.5841	1.5731	0.08%
Feb 07, 2012	1.5893	1.5812	1.5905	1.5789	0.51%
Feb 08, 2012	1.5810	1.5892	1.5929	1.5796	-0.52%
Feb 09, 2012	1.5812	1.5810	1.5884	1.5793	0.01%
Feb 10, 2012	1.5756	1.5812	1.5850	1.5730	-0.35%
Feb 12, 2012	1.5777	1.5778	1.5799	1.5762	0.13%
Feb 13, 2012	1.5722	1.5777	1.5828	1.5717	-0.35%
Feb 14, 2012	1.5690	1.5722	1.5771	1.5646	-0.20%
Feb 15, 2012	1.5685	1.5691	1.5736	1.5672	-0.03%
Feb 16, 2012	1.5805	1.5685	1.5817	1.5656	0.77%
Feb 17, 2012	1.5828	1.5805	1.5862	1.5791	0.15%
Feb 19, 2012	1.5865	1.5849	1.5879	1.5836	0.23%
Feb 20, 2012	1.5830	1.5865	1.5880	1.5820	-0.22%
Feb 21, 2012	1.5791	1.5830	1.5865	1.5773	-0.25%
Feb 22, 2012	1.5670	1.5791	1.5814	1.5649	-0.77%
Feb 23, 2012	1.5744	1.5671	1.5751	1.5650	0.47%
Feb 24, 2012	1.5872	1.5744	1.5900	1.5722	0.81%
Feb 26, 2012	1.5885	1.5889	1.5901	1.5883	0.08%
Feb 27, 2012	1.5831	1.5884	1.5887	1.5811	-0.34%
Feb 28, 2012	1.5921	1.5831	1.5923	1.5800	0.57%
Feb 29, 2012	1.5921	1.5920	1.5992	1.5905	0.00%
Mar 01, 2012	1.5960	1.5921	1.5976	1.5897	0.24%
Mar 02, 2012	1.5834	1.5960	1.5966	1.5824	-0.79%
Mar 04, 2012	1.5832	1.5839	1.5845	1.5831	-0.01%
Mar 05, 2012	1.5874	1.5831	1.5877	1.5787	0.27%
Mar 06, 2012	1.5720	1.5874	1.5882	1.5696	-0.97%
Mar 07, 2012	1.5732	1.5720	1.5759	1.5698	0.08%
Mar 08, 2012	1.5822	1.5732	1.5834	1.5725	0.57%
Mar 09, 2012	1.5674	1.5821	1.5830	1.5662	-0.94%
Mar 11, 2012	1.5668	1.5665	1.5677	1.5662	-0.04%
Mar 12, 2012	1.5651	1.5668	1.5696	1.5603	-0.11%
Mar 13, 2012	1.5704	1.5651	1.5748	1.5621	0.34%
Mar 14, 2012	1.5651	1.5704	1.5744	1.5650	-0.34%
Mar 15, 2012	1.5703	1.5652	1.5737	1.5635	0.33%
Mar 16, 2012	1.5844	1.5703	1.5861	1.5694	0.90%
Mar 18, 2012	1.5836	1.5841	1.5857	1.5831	-0.05%
Mar 19, 2012	1.5886	1.5836	1.5914	1.5822	0.32%
Mar 20, 2012	1.5863	1.5886	1.5897	1.5832	-0.14%
Mar 21, 2012	1.5874	1.5864	1.5923	1.5818	0.07%
Mar 22, 2012	1.5823	1.5874	1.5893	1.5771	-0.32%
Mar 23, 2012	1.5870	1.5823	1.5909	1.5807	0.30%
Mar 25, 2012	1.5878	1.5876	1.5883	1.5871	0.05%
Mar 26, 2012	1.5960	1.5878	1.5974	1.5801	0.52%
Mar 27, 2012	1.5953	1.5960	1.6001	1.5942	-0.04%
Mar 28, 2012	1.5892	1.5953	1.5964	1.5843	-0.38%
Mar 29, 2012	1.5958	1.5891	1.5964	1.5860	0.42%
Mar 30, 2012	1.6008	1.5958	1.6037	1.5956	0.31%
Apr 01, 2012	1.6012	1.6025	1.6028	1.6007	0.02%
Apr 02, 2012	1.6036	1.6012	1.6062	1.5980	0.15%
Apr 03, 2012	1.5905	1.6036	1.6046	1.5892	-0.82%
Apr 04, 2012	1.5903	1.5903	1.5911	1.5834	-0.01%
Apr 05, 2012	1.5829	1.5903	1.5909	1.5805	-0.47%
Apr 06, 2012	1.5872	1.5829	1.5892	1.5825	0.27%
Apr 08, 2012	1.5876	1.5893	1.5894	1.5854	0.03%
Apr 09, 2012	1.5906	1.5877	1.5914	1.5836	0.19%
Apr 10, 2012	1.5854	1.5906	1.5931	1.5810	-0.33%
Apr 11, 2012	1.5923	1.5853	1.5938	1.5853	0.44%
Apr 12, 2012	1.5958	1.5924	1.5985	1.5913	0.22%
Apr 13, 2012	1.5848	1.5958	1.5970	1.5841	-0.69%
Apr 15, 2012	1.5838	1.5853	1.5862	1.5835	-0.06%
Apr 16, 2012	1.5894	1.5838	1.5911	1.5819	0.35%
Apr 17, 2012	1.5940	1.5896	1.5971	1.5863	0.29%
Apr 18, 2012	1.6020	1.5940	1.6042	1.5896	0.50%
Apr 19, 2012	1.6059	1.6020	1.6077	1.6010	0.24%
Apr 20, 2012	1.6123	1.6060	1.6150	1.6038	0.40%
Apr 22, 2012	1.6132	1.6124	1.6135	1.6122	0.06%
Apr 23, 2012	1.6118	1.6132	1.6135	1.6077	-0.09%
Apr 24, 2012	1.6143	1.6118	1.6164	1.6110	0.16%
Apr 25, 2012	1.6178	1.6143	1.6183	1.6082	0.22%
Apr 26, 2012	1.6178	1.6178	1.6207	1.6160	0.00%
Apr 27, 2012	1.6265	1.6179	1.6280	1.6154	0.54%
Apr 29, 2012	1.6280	1.6274	1.6280	1.6264	0.09%
Apr 30, 2012	1.6230	1.6280	1.6302	1.6222	-0.31%
May 01, 2012	1.6221	1.6231	1.6247	1.6186	-0.06%
May 02, 2012	1.6194	1.6222	1.6239	1.6161	-0.17%
May 03, 2012	1.6191	1.6193	1.6216	1.6160	-0.02%
May 04, 2012	1.6148	1.6191	1.6202	1.6141	-0.27%
May 06, 2012	1.6120	1.6137	1.6155	1.6118	-0.17%
May 07, 2012	1.6190	1.6118	1.6199	1.6115	0.43%
May 08, 2012	1.6145	1.6189	1.6189	1.6125	-0.28%
May 09, 2012	1.6136	1.6145	1.6156	1.6068	-0.06%
May 10, 2012	1.6134	1.6136	1.6182	1.6093	-0.01%
May 11, 2012	1.6070	1.6134	1.6143	1.6062	-0.40%
May 13, 2012	1.6074	1.6067	1.6080	1.6054	0.02%
May 14, 2012	1.6098	1.6073	1.6123	1.6052	0.15%
May 15, 2012	1.5984	1.6100	1.6114	1.5984	-0.71%
May 16, 2012	1.5921	1.5984	1.5990	1.5889	-0.39%
May 17, 2012	1.5784	1.5921	1.5933	1.5781	-0.86%
May 18, 2012	1.5816	1.5784	1.5838	1.5733	0.20%
May 20, 2012	1.5812	1.5801	1.5818	1.5794	-0.03%
May 21, 2012	1.5829	1.5812	1.5841	1.5780	0.11%
May 22, 2012	1.5758	1.5829	1.5848	1.5741	-0.45%
May 23, 2012	1.5680	1.5758	1.5768	1.5676	-0.49%
May 24, 2012	1.5658	1.5680	1.5727	1.5639	-0.14%
May 25, 2012	1.5667	1.5658	1.5700	1.5631	0.06%
May 27, 2012	1.5679	1.5692	1.5693	1.5676	0.08%
May 28, 2012	1.5667	1.5679	1.5717	1.5664	-0.08%
May 29, 2012	1.5632	1.5666	1.5716	1.5609	-0.22%
May 30, 2012	1.5481	1.5632	1.5638	1.5472	-0.97%
May 31, 2012	1.5397	1.5482	1.5526	1.5362	-0.54%
Jun 01, 2012	1.5363	1.5396	1.5436	1.5268	-0.22%
Jun 03, 2012	1.5348	1.5362	1.5376	1.5344	-0.10%
Jun 04, 2012	1.5396	1.5349	1.5416	1.5342	0.31%
Jun 05, 2012	1.5384	1.5396	1.5409	1.5322	-0.08%
Jun 06, 2012	1.5481	1.5384	1.5516	1.5376	0.63%
Jun 07, 2012	1.5522	1.5481	1.5600	1.5430	0.26%
Jun 08, 2012	1.5472	1.5522	1.5525	1.5404	-0.32%
Jun 10, 2012	1.5536	1.5513	1.5549	1.5504	0.41%
Jun 11, 2012	1.5483	1.5534	1.5582	1.5462	-0.34%
Jun 12, 2012	1.5565	1.5483	1.5591	1.5455	0.53%
Jun 13, 2012	1.5520	1.5565	1.5598	1.5505	-0.29%
Jun 14, 2012	1.5552	1.5520	1.5564	1.5473	0.21%
Jun 15, 2012	1.5715	1.5552	1.5729	1.5477	1.05%
Jun 17, 2012	1.5714	1.5710	1.5742	1.5696	-0.01%
Jun 18, 2012	1.5685	1.5714	1.5731	1.5638	-0.18%
Jun 19, 2012	1.5718	1.5685	1.5757	1.5616	0.21%
Jun 20, 2012	1.5705	1.5721	1.5778	1.5652	-0.08%
Jun 21, 2012	1.5598	1.5705	1.5734	1.5578	-0.68%
Jun 22, 2012	1.5585	1.5598	1.5635	1.5557	-0.08%
Jun 24, 2012	1.5582	1.5571	1.5595	1.5570	-0.02%
Jun 25, 2012	1.5565	1.5581	1.5591	1.5539	-0.11%
Jun 26, 2012	1.5634	1.5565	1.5651	1.5564	0.44%
Jun 27, 2012	1.5570	1.5634	1.5641	1.5546	-0.41%
Jun 28, 2012	1.5518	1.5569	1.5624	1.5486	-0.33%
Jun 29, 2012	1.5703	1.5518	1.5715	1.5514	1.19%
Jul 01, 2012	1.5680	1.5698	1.5699	1.5674	-0.15%
Jul 02, 2012	1.5690	1.5680	1.5722	1.5642	0.06%
Jul 03, 2012	1.5689	1.5690	1.5713	1.5659	-0.01%
Jul 04, 2012	1.5582	1.5689	1.5690	1.5575	-0.68%
Jul 05, 2012	1.5529	1.5582	1.5623	1.5500	-0.34%
Jul 06, 2012	1.5488	1.5530	1.5551	1.5461	-0.26%
Jul 08, 2012	1.5479	1.5479	1.5488	1.5472	-0.06%
Jul 09, 2012	1.5528	1.5479	1.5534	1.5470	0.32%
Jul 10, 2012	1.5516	1.5528	1.5549	1.5478	-0.08%
Jul 11, 2012	1.5509	1.5516	1.5578	1.5487	-0.05%
Jul 12, 2012	1.5424	1.5509	1.5516	1.5394	-0.55%
Jul 13, 2012	1.5576	1.5425	1.5580	1.5415	0.99%
Jul 15, 2012	1.5580	1.5578	1.5593	1.5574	0.03%
Jul 16, 2012	1.5626	1.5580	1.5654	1.5518	0.30%
Jul 17, 2012	1.5664	1.5625	1.5678	1.5554	0.24%
Jul 18, 2012	1.5647	1.5664	1.5668	1.5582	-0.11%
Jul 19, 2012	1.5716	1.5647	1.5736	1.5636	0.44%
Jul 20, 2012	1.5621	1.5716	1.5718	1.5612	-0.60%
Jul 22, 2012	1.5609	1.5625	1.5626	1.5601	-0.08%
Jul 23, 2012	1.5516	1.5609	1.5611	1.5486	-0.60%
Jul 24, 2012	1.5498	1.5516	1.5552	1.5487	-0.12%
Jul 25, 2012	1.5485	1.5498	1.5551	1.5459	-0.08%
Jul 26, 2012	1.5682	1.5486	1.5724	1.5471	1.27%
Jul 27, 2012	1.5746	1.5682	1.5768	1.5667	0.41%
Jul 29, 2012	1.5727	1.5738	1.5750	1.5725	-0.12%
Jul 30, 2012	1.5712	1.5727	1.5732	1.5674	-0.10%
Jul 31, 2012	1.5668	1.5712	1.5731	1.5626	-0.28%
Aug 01, 2012	1.5542	1.5666	1.5691	1.5532	-0.80%
Aug 02, 2012	1.5514	1.5543	1.5678	1.5491	-0.18%
Aug 03, 2012	1.5643	1.5514	1.5657	1.5506	0.83%
Aug 05, 2012	1.5653	1.5614	1.5666	1.5614	0.06%
Aug 06, 2012	1.5588	1.5653	1.5653	1.5547	-0.42%
Aug 07, 2012	1.5612	1.5587	1.5684	1.5565	0.15%
Aug 08, 2012	1.5668	1.5612	1.5676	1.5574	0.36%
Aug 09, 2012	1.5630	1.5667	1.5686	1.5606	-0.24%
Aug 10, 2012	1.5688	1.5630	1.5701	1.5578	0.37%
Aug 12, 2012	1.5667	1.5677	1.5683	1.5667	-0.13%
Aug 13, 2012	1.5676	1.5666	1.5717	1.5657	0.06%
Aug 14, 2012	1.5675	1.5676	1.5727	1.5670	-0.01%
Aug 15, 2012	1.5679	1.5674	1.5701	1.5661	0.03%
Aug 16, 2012	1.5735	1.5679	1.5744	1.5637	0.36%
Aug 17, 2012	1.5696	1.5735	1.5739	1.5675	-0.25%
Aug 19, 2012	1.5688	1.5707	1.5708	1.5684	-0.05%
Aug 20, 2012	1.5710	1.5688	1.5718	1.5678	0.14%
Aug 21, 2012	1.5776	1.5710	1.5805	1.5707	0.42%
Aug 22, 2012	1.5883	1.5776	1.5887	1.5769	0.68%
Aug 23, 2012	1.5858	1.5883	1.5913	1.5853	-0.16%
Aug 24, 2012	1.5811	1.5858	1.5869	1.5802	-0.30%
Aug 26, 2012	1.5801	1.5820	1.5821	1.5801	-0.06%
Aug 27, 2012	1.5791	1.5800	1.5829	1.5788	-0.06%
Aug 28, 2012	1.5825	1.5791	1.5836	1.5754	0.22%
Aug 29, 2012	1.5826	1.5825	1.5855	1.5803	0.01%
Aug 30, 2012	1.5787	1.5826	1.5875	1.5772	-0.25%
Aug 31, 2012	1.5866	1.5788	1.5896	1.5778	0.50%
Sep 02, 2012	1.5865	1.5880	1.5883	1.5865	-0.01%
Sep 03, 2012	1.5880	1.5866	1.5898	1.5851	0.09%
Sep 04, 2012	1.5864	1.5880	1.5910	1.5856	-0.10%
Sep 05, 2012	1.5903	1.5864	1.5934	1.5826	0.25%
Sep 06, 2012	1.5932	1.5903	1.5943	1.5882	0.18%
Sep 07, 2012	1.6009	1.5932	1.6034	1.5923	0.48%
Sep 09, 2012	1.6007	1.6018	1.6021	1.6005	-0.01%
Sep 10, 2012	1.5992	1.6007	1.6018	1.5960	-0.09%
Sep 11, 2012	1.6072	1.5992	1.6083	1.5992	0.50%
Sep 12, 2012	1.6106	1.6072	1.6131	1.6064	0.21%
Sep 13, 2012	1.6152	1.6106	1.6175	1.6077	0.29%
Sep 14, 2012	1.6214	1.6152	1.6255	1.6151	0.38%
Sep 16, 2012	1.6223	1.6223	1.6238	1.6218	0.06%
Sep 17, 2012	1.6241	1.6223	1.6274	1.6212	0.11%
Sep 18, 2012	1.6244	1.6241	1.6267	1.6222	0.02%
Sep 19, 2012	1.6232	1.6244	1.6271	1.6185	-0.07%
Sep 20, 2012	1.6222	1.6232	1.6236	1.6164	-0.06%
Sep 21, 2012	1.6228	1.6222	1.6310	1.6213	0.04%
Sep 23, 2012	1.6231	1.6238	1.6251	1.6231	0.02%
Sep 24, 2012	1.6225	1.6231	1.6244	1.6182	-0.04%
Sep 25, 2012	1.6192	1.6225	1.6267	1.6183	-0.20%
Sep 26, 2012	1.6174	1.6192	1.6209	1.6138	-0.11%
Sep 27, 2012	1.6231	1.6174	1.6244	1.6166	0.35%
Sep 28, 2012	1.6167	1.6231	1.6272	1.6114	-0.39%
Sep 30, 2012	1.6122	1.6146	1.6158	1.6118	-0.28%
Oct 01, 2012	1.6131	1.6122	1.6175	1.6110	0.06%
Oct 02, 2012	1.6130	1.6131	1.6187	1.6125	-0.01%
Oct 03, 2012	1.6100	1.6129	1.6141	1.6067	-0.19%
Oct 04, 2012	1.6184	1.6100	1.6202	1.6082	0.52%
Oct 05, 2012	1.6132	1.6184	1.6217	1.6123	-0.32%
Oct 07, 2012	1.6136	1.6135	1.6143	1.6130	0.02%
Oct 08, 2012	1.6032	1.6136	1.6136	1.6021	-0.64%
Oct 09, 2012	1.5995	1.6031	1.6046	1.5977	-0.23%
Oct 10, 2012	1.6005	1.5995	1.6034	1.5978	0.06%
Oct 11, 2012	1.6045	1.6006	1.6054	1.5984	0.25%
Oct 12, 2012	1.6075	1.6045	1.6097	1.6019	0.19%
Oct 14, 2012	1.6057	1.6071	1.6084	1.6056	-0.11%
Oct 15, 2012	1.6080	1.6057	1.6081	1.6022	0.14%
Oct 16, 2012	1.6126	1.6080	1.6135	1.6062	0.29%
Oct 17, 2012	1.6135	1.6126	1.6178	1.6116	0.06%
Oct 18, 2012	1.6056	1.6135	1.6171	1.6042	-0.49%
Oct 19, 2012	1.6006	1.6054	1.6067	1.5998	-0.31%
Oct 21, 2012	1.5997	1.6012	1.6014	1.5991	-0.06%
Oct 22, 2012	1.6021	1.5998	1.6052	1.5998	0.15%
Oct 23, 2012	1.5949	1.6021	1.6022	1.5914	-0.45%
Oct 24, 2012	1.6030	1.5948	1.6048	1.5936	0.51%
Oct 25, 2012	1.6118	1.6030	1.6144	1.6029	0.55%
Oct 26, 2012	1.6105	1.6118	1.6140	1.6082	-0.08%
Oct 28, 2012	1.6086	1.6105	1.6105	1.6078	-0.12%
Oct 29, 2012	1.6030	1.6087	1.6093	1.6007	-0.35%
Oct 30, 2012	1.6074	1.6030	1.6086	1.6022	0.27%
Oct 31, 2012	1.6133	1.6074	1.6139	1.6068	0.37%
Nov 01, 2012	1.6134	1.6132	1.6175	1.6120	0.01%
Nov 02, 2012	1.6024	1.6134	1.6134	1.6009	-0.68%
Nov 04, 2012	1.6018	1.6012	1.6022	1.6012	-0.04%
Nov 05, 2012	1.5984	1.6018	1.6039	1.5958	-0.21%
Nov 06, 2012	1.5991	1.5985	1.6007	1.5965	0.04%
Nov 07, 2012	1.5976	1.5990	1.6042	1.5955	-0.09%
Nov 08, 2012	1.5976	1.5976	1.6004	1.5929	0.00%
Nov 09, 2012	1.5897	1.5976	1.6020	1.5889	-0.49%
Nov 11, 2012	1.5893	1.5904	1.5907	1.5892	-0.03%
Nov 12, 2012	1.5874	1.5893	1.5915	1.5864	-0.12%
Nov 13, 2012	1.5875	1.5875	1.5916	1.5858	0.01%
Nov 14, 2012	1.5840	1.5875	1.5901	1.5839	-0.22%
Nov 15, 2012	1.5864	1.5840	1.5879	1.5829	0.15%
Nov 16, 2012	1.5883	1.5865	1.5901	1.5836	0.12%
Nov 18, 2012	1.5898	1.5887	1.5907	1.5883	0.09%
Nov 19, 2012	1.5893	1.5898	1.5923	1.5888	-0.03%
Nov 20, 2012	1.5923	1.5893	1.5936	1.5893	0.19%
Nov 21, 2012	1.5969	1.5923	1.5970	1.5884	0.29%
Nov 22, 2012	1.5937	1.5969	1.5978	1.5920	-0.20%
Nov 23, 2012	1.6030	1.5937	1.6051	1.5928	0.58%
Nov 25, 2012	1.6030	1.6034	1.6039	1.6022	0.00%
Nov 26, 2012	1.6033	1.6030	1.6035	1.5997	0.02%
Nov 27, 2012	1.6019	1.6033	1.6056	1.6010	-0.09%
Nov 28, 2012	1.6014	1.6020	1.6022	1.5962	-0.03%
Nov 29, 2012	1.6038	1.6014	1.6049	1.6002	0.15%
Nov 30, 2012	1.6010	1.6037	1.6062	1.5990	-0.17%
Dec 02, 2012	1.6022	1.6010	1.6025	1.6010	0.07%
Dec 03, 2012	1.6098	1.6023	1.6116	1.6021	0.47%
Dec 04, 2012	1.6099	1.6098	1.6131	1.6087	0.01%
Dec 05, 2012	1.6092	1.6100	1.6118	1.6082	-0.04%
Dec 06, 2012	1.6049	1.6092	1.6128	1.6037	-0.27%
Dec 07, 2012	1.6043	1.6049	1.6061	1.6003	-0.04%
Dec 09, 2012	1.6035	1.6038	1.6040	1.6025	-0.05%
Dec 10, 2012	1.6072	1.6035	1.6097	1.6014	0.23%
Dec 11, 2012	1.6118	1.6072	1.6122	1.6069	0.29%
Dec 12, 2012	1.6135	1.6118	1.6172	1.6095	0.11%
Dec 13, 2012	1.6114	1.6136	1.6152	1.6086	-0.13%
Dec 14, 2012	1.6171	1.6113	1.6178	1.6104	0.35%
Dec 16, 2012	1.6174	1.6169	1.6199	1.6168	0.02%
Dec 17, 2012	1.6204	1.6174	1.6216	1.6158	0.19%
Dec 18, 2012	1.6251	1.6204	1.6269	1.6196	0.29%
Dec 19, 2012	1.6251	1.6251	1.6306	1.6240	0.00%
Dec 20, 2012	1.6272	1.6251	1.6296	1.6245	0.13%
Dec 21, 2012	1.6169	1.6272	1.6274	1.6153	-0.63%
Dec 23, 2012	1.6151	1.6153	1.6164	1.6151	-0.11%
Dec 24, 2012	1.6120	1.6151	1.6206	1.6102	-0.19%
Dec 25, 2012	1.6136	1.6120	1.6138	1.6120	0.10%
Dec 26, 2012	1.6125	1.6136	1.6172	1.6108	-0.07%
Dec 27, 2012	1.6115	1.6125	1.6202	1.6067	-0.06%
Dec 28, 2012	1.6162	1.6115	1.6171	1.6079	0.29%
Dec 30, 2012	1.6162	1.6176	1.6176	1.6160	0.00%
Dec 31, 2012	1.6244	1.6162	1.6274	1.6134	0.51%
Jan 01, 2013	1.6245	1.6258	1.6264	1.6236	0.01%
Jan 02, 2013	1.6251	1.6245	1.6381	1.6226	0.04%
Jan 03, 2013	1.6076	1.6251	1.6253	1.6061	-1.08%
Jan 04, 2013	1.6070	1.6076	1.6089	1.6010	-0.04%
Jan 06, 2013	1.6067	1.6074	1.6080	1.6064	-0.02%
Jan 07, 2013	1.6121	1.6067	1.6128	1.6022	0.34%
Jan 08, 2013	1.6060	1.6122	1.6122	1.6030	-0.38%
Jan 09, 2013	1.6014	1.6060	1.6075	1.5993	-0.29%
Jan 10, 2013	1.6163	1.6014	1.6177	1.6004	0.93%
Jan 11, 2013	1.6131	1.6164	1.6169	1.6099	-0.20%
Jan 13, 2013	1.6122	1.6131	1.6140	1.6119	-0.06%
Jan 14, 2013	1.6076	1.6122	1.6188	1.6032	-0.29%
Jan 15, 2013	1.6074	1.6076	1.6101	1.6034	-0.01%
Jan 16, 2013	1.5994	1.6074	1.6081	1.5976	-0.50%
Jan 17, 2013	1.5978	1.5994	1.6039	1.5956	-0.10%
Jan 18, 2013	1.5876	1.5978	1.5996	1.5854	-0.64%
Jan 20, 2013	1.5856	1.5876	1.5876	1.5844	-0.13%
Jan 21, 2013	1.5835	1.5856	1.5894	1.5806	-0.13%
Jan 22, 2013	1.5836	1.5835	1.5883	1.5810	0.01%
Jan 23, 2013	1.5830	1.5836	1.5892	1.5802	-0.04%
Jan 24, 2013	1.5781	1.5830	1.5852	1.5757	-0.31%
Jan 25, 2013	1.5796	1.5781	1.5828	1.5747	0.10%
Jan 27, 2013	1.5774	1.5796	1.5796	1.5762	-0.14%
Jan 28, 2013	1.5696	1.5774	1.5780	1.5675	-0.49%
Jan 29, 2013	1.5745	1.5697	1.5774	1.5693	0.31%
Jan 30, 2013	1.5796	1.5744	1.5816	1.5725	0.32%
Jan 31, 2013	1.5870	1.5796	1.5875	1.5776	0.47%
Feb 01, 2013	1.5698	1.5870	1.5879	1.5690	-1.08%
Feb 03, 2013	1.5702	1.5698	1.5711	1.5689	0.03%
Feb 04, 2013	1.5757	1.5702	1.5772	1.5694	0.35%
Feb 05, 2013	1.5664	1.5757	1.5804	1.5632	-0.59%
Feb 06, 2013	1.5663	1.5664	1.5678	1.5632	-0.01%
Feb 07, 2013	1.5705	1.5663	1.5769	1.5646	0.27%
Feb 08, 2013	1.5798	1.5705	1.5844	1.5705	0.59%
Feb 10, 2013	1.5800	1.5798	1.5803	1.5786	0.01%
Feb 11, 2013	1.5656	1.5800	1.5810	1.5647	-0.91%
Feb 12, 2013	1.5676	1.5656	1.5683	1.5573	0.13%
Feb 13, 2013	1.5532	1.5676	1.5689	1.5523	-0.92%
Feb 14, 2013	1.5486	1.5532	1.5542	1.5476	-0.30%
Feb 15, 2013	1.5516	1.5485	1.5550	1.5461	0.19%
Feb 17, 2013	1.5477	1.5505	1.5509	1.5474	-0.25%
Feb 18, 2013	1.5478	1.5477	1.5508	1.5438	0.01%
Feb 19, 2013	1.5428	1.5478	1.5505	1.5416	-0.32%
Feb 20, 2013	1.5227	1.5428	1.5451	1.5194	-1.30%
Feb 21, 2013	1.5260	1.5227	1.5274	1.5133	0.22%
Feb 22, 2013	1.5174	1.5260	1.5320	1.5164	-0.56%
Feb 24, 2013	1.5095	1.5174	1.5174	1.5074	-0.52%
Feb 25, 2013	1.5165	1.5095	1.5199	1.5087	0.46%
Feb 26, 2013	1.5130	1.5165	1.5219	1.5114	-0.23%
Feb 27, 2013	1.5166	1.5130	1.5188	1.5081	0.24%
Feb 28, 2013	1.5163	1.5166	1.5222	1.5149	-0.02%
Mar 01, 2013	1.5035	1.5163	1.5186	1.4986	-0.84%
Mar 03, 2013	1.5032	1.5035	1.5045	1.5027	-0.02%
Mar 04, 2013	1.5129	1.5032	1.5140	1.5000	0.65%
Mar 05, 2013	1.5136	1.5129	1.5199	1.5094	0.05%
Mar 06, 2013	1.4995	1.5136	1.5154	1.4966	-0.93%
Mar 07, 2013	1.5026	1.4995	1.5082	1.4968	0.21%
Mar 08, 2013	1.4912	1.5026	1.5047	1.4887	-0.76%
Mar 10, 2013	1.4908	1.4912	1.4925	1.4902	-0.03%
Mar 11, 2013	1.4905	1.4908	1.4944	1.4866	-0.02%
Mar 12, 2013	1.4905	1.4905	1.4916	1.4832	0.00%
Mar 13, 2013	1.4925	1.4905	1.4982	1.4897	0.13%
Mar 14, 2013	1.5090	1.4925	1.5118	1.4915	1.11%
Mar 15, 2013	1.5111	1.5090	1.5176	1.5069	0.14%
Mar 17, 2013	1.5103	1.5111	1.5139	1.5102	-0.05%
Mar 18, 2013	1.5096	1.5103	1.5144	1.5073	-0.05%
Mar 19, 2013	1.5095	1.5096	1.5145	1.5074	-0.01%
Mar 20, 2013	1.5094	1.5095	1.5186	1.5028	-0.01%
Mar 21, 2013	1.5180	1.5094	1.5210	1.5093	0.57%
Mar 22, 2013	1.5230	1.5180	1.5248	1.5176	0.33%
Mar 24, 2013	1.5242	1.5230	1.5260	1.5225	0.08%
Mar 25, 2013	1.5177	1.5242	1.5258	1.5144	-0.43%
Mar 26, 2013	1.5161	1.5177	1.5207	1.5135	-0.11%
Mar 27, 2013	1.5127	1.5161	1.5181	1.5094	-0.22%
Mar 28, 2013	1.5200	1.5127	1.5200	1.5112	0.48%
Mar 29, 2013	1.5190	1.5198	1.5219	1.5178	-0.07%
Mar 31, 2013	1.5196	1.5194	1.5203	1.5190	0.04%
Apr 01, 2013	1.5222	1.5196	1.5241	1.5178	0.17%
Apr 02, 2013	1.5108	1.5223	1.5258	1.5099	-0.75%
Apr 03, 2013	1.5138	1.5108	1.5158	1.5076	0.20%
Apr 04, 2013	1.5224	1.5138	1.5246	1.5034	0.57%
Apr 05, 2013	1.5344	1.5225	1.5364	1.5199	0.79%
Apr 07, 2013	1.5349	1.5344	1.5349	1.5317	0.03%
Apr 08, 2013	1.5264	1.5350	1.5351	1.5239	-0.55%
Apr 09, 2013	1.5321	1.5264	1.5341	1.5250	0.37%
Apr 10, 2013	1.5324	1.5321	1.5343	1.5293	0.02%
Apr 11, 2013	1.5394	1.5324	1.5412	1.5319	0.46%
Apr 12, 2013	1.5342	1.5394	1.5410	1.5341	-0.34%
Apr 14, 2013	1.5353	1.5342	1.5354	1.5337	0.07%
Apr 15, 2013	1.5296	1.5353	1.5385	1.5270	-0.37%
Apr 16, 2013	1.5358	1.5296	1.5379	1.5274	0.41%
Apr 17, 2013	1.5245	1.5358	1.5370	1.5217	-0.74%
Apr 18, 2013	1.5283	1.5245	1.5312	1.5218	0.25%
Apr 19, 2013	1.5230	1.5283	1.5368	1.5225	-0.35%
Apr 21, 2013	1.5225	1.5230	1.5236	1.5220	-0.03%
Apr 22, 2013	1.5297	1.5225	1.5297	1.5205	0.47%
Apr 23, 2013	1.5228	1.5297	1.5297	1.5197	-0.45%
Apr 24, 2013	1.5277	1.5228	1.5288	1.5228	0.32%
Apr 25, 2013	1.5433	1.5277	1.5480	1.5274	1.02%
Apr 26, 2013	1.5476	1.5434	1.5498	1.5419	0.28%
Apr 28, 2013	1.5490	1.5476	1.5492	1.5476	0.09%
Apr 29, 2013	1.5490	1.5490	1.5546	1.5479	0.00%
Apr 30, 2013	1.5536	1.5490	1.5566	1.5470	0.30%
May 01, 2013	1.5570	1.5536	1.5606	1.5527	0.22%
May 02, 2013	1.5534	1.5570	1.5591	1.5496	-0.23%
May 03, 2013	1.5572	1.5534	1.5602	1.5481	0.24%
May 05, 2013	1.5574	1.5572	1.5578	1.5558	0.01%
May 06, 2013	1.5538	1.5574	1.5598	1.5520	-0.23%
May 07, 2013	1.5476	1.5538	1.5552	1.5448	-0.40%
May 08, 2013	1.5540	1.5477	1.5592	1.5471	0.41%
May 09, 2013	1.5443	1.5540	1.5588	1.5427	-0.62%
May 10, 2013	1.5365	1.5443	1.5458	1.5314	-0.51%
May 12, 2013	1.5345	1.5365	1.5365	1.5336	-0.13%
May 13, 2013	1.5307	1.5345	1.5385	1.5278	-0.25%
May 14, 2013	1.5227	1.5307	1.5331	1.5208	-0.52%
May 15, 2013	1.5238	1.5226	1.5272	1.5174	0.07%
May 16, 2013	1.5276	1.5238	1.5322	1.5197	0.25%
May 17, 2013	1.5168	1.5276	1.5280	1.5158	-0.71%
May 19, 2013	1.5175	1.5168	1.5203	1.5167	0.05%
May 20, 2013	1.5261	1.5175	1.5281	1.5168	0.57%
May 21, 2013	1.5160	1.5261	1.5263	1.5112	-0.66%
May 22, 2013	1.5034	1.5160	1.5174	1.5019	-0.83%
May 23, 2013	1.5092	1.5034	1.5128	1.5014	0.39%
May 24, 2013	1.5124	1.5092	1.5143	1.5065	0.21%
May 26, 2013	1.5130	1.5124	1.5137	1.5124	0.04%
May 27, 2013	1.5108	1.5130	1.5156	1.5087	-0.15%
May 28, 2013	1.5025	1.5108	1.5134	1.5019	-0.55%
May 29, 2013	1.5130	1.5025	1.5146	1.5008	0.70%
May 30, 2013	1.5228	1.5130	1.5239	1.5110	0.65%
May 31, 2013	1.5196	1.5228	1.5239	1.5140	-0.21%
Jun 02, 2013	1.5207	1.5201	1.5210	1.5193	0.07%
Jun 03, 2013	1.5321	1.5207	1.5376	1.5196	0.75%
Jun 04, 2013	1.5301	1.5321	1.5342	1.5274	-0.13%
Jun 05, 2013	1.5398	1.5301	1.5414	1.5292	0.63%
Jun 06, 2013	1.5600	1.5397	1.5684	1.5381	1.31%
Jun 07, 2013	1.5551	1.5600	1.5618	1.5489	-0.31%
Jun 09, 2013	1.5526	1.5551	1.5551	1.5521	-0.16%
Jun 10, 2013	1.5567	1.5526	1.5587	1.5496	0.26%
Jun 11, 2013	1.5643	1.5567	1.5653	1.5521	0.49%
Jun 12, 2013	1.5683	1.5643	1.5701	1.5634	0.26%
Jun 13, 2013	1.5705	1.5683	1.5737	1.5644	0.14%
Jun 14, 2013	1.5704	1.5705	1.5718	1.5616	-0.01%
Jun 16, 2013	1.5732	1.5704	1.5733	1.5704	0.18%
Jun 17, 2013	1.5716	1.5732	1.5752	1.5681	-0.10%
Jun 18, 2013	1.5631	1.5716	1.5720	1.5566	-0.54%
Jun 19, 2013	1.5474	1.5631	1.5677	1.5450	-1.00%
Jun 20, 2013	1.5512	1.5474	1.5522	1.5415	0.25%
Jun 21, 2013	1.5422	1.5512	1.5530	1.5369	-0.58%
Jun 23, 2013	1.5387	1.5422	1.5422	1.5377	-0.23%
Jun 24, 2013	1.5454	1.5388	1.5466	1.5344	0.44%
Jun 25, 2013	1.5409	1.5454	1.5478	1.5397	-0.29%
Jun 26, 2013	1.5317	1.5410	1.5440	1.5298	-0.60%
Jun 27, 2013	1.5256	1.5317	1.5347	1.5201	-0.40%
Jun 28, 2013	1.5208	1.5256	1.5279	1.5166	-0.31%
Jun 30, 2013	1.5209	1.5208	1.5214	1.5201	0.01%
Jul 01, 2013	1.5216	1.5209	1.5248	1.5184	0.05%
Jul 02, 2013	1.5151	1.5216	1.5238	1.5137	-0.43%
Jul 03, 2013	1.5281	1.5151	1.5304	1.5130	0.86%
Jul 04, 2013	1.5039	1.5281	1.5283	1.5028	-1.58%
Jul 05, 2013	1.4894	1.5039	1.5055	1.4859	-0.96%
Jul 07, 2013	1.4860	1.4882	1.4882	1.4860	-0.23%
Jul 08, 2013	1.4934	1.4859	1.4966	1.4858	0.50%
Jul 09, 2013	1.4846	1.4934	1.4981	1.4813	-0.59%
Jul 10, 2013	1.5128	1.4848	1.5194	1.4846	1.90%
Jul 11, 2013	1.5172	1.5128	1.5222	1.5062	0.29%
Jul 12, 2013	1.5107	1.5172	1.5189	1.5076	-0.43%
Jul 14, 2013	1.5110	1.5107	1.5130	1.5100	0.02%
Jul 15, 2013	1.5095	1.5110	1.5127	1.5028	-0.10%
Jul 16, 2013	1.5128	1.5095	1.5168	1.5046	0.22%
Jul 17, 2013	1.5210	1.5128	1.5268	1.5079	0.54%
Jul 18, 2013	1.5221	1.5210	1.5242	1.5158	0.07%
Jul 19, 2013	1.5268	1.5221	1.5281	1.5196	0.31%
Jul 21, 2013	1.5286	1.5270	1.5286	1.5258	0.12%
Jul 22, 2013	1.5365	1.5286	1.5385	1.5265	0.52%
Jul 23, 2013	1.5372	1.5365	1.5392	1.5327	0.05%
Jul 24, 2013	1.5307	1.5372	1.5390	1.5290	-0.42%
Jul 25, 2013	1.5380	1.5308	1.5434	1.5265	0.48%
Jul 26, 2013	1.5386	1.5379	1.5417	1.5356	0.04%
Jul 28, 2013	1.5391	1.5386	1.5399	1.5377	0.03%
Jul 29, 2013	1.5340	1.5391	1.5413	1.5329	-0.33%
Jul 30, 2013	1.5242	1.5340	1.5354	1.5224	-0.64%
Jul 31, 2013	1.5174	1.5242	1.5254	1.5127	-0.45%
Aug 01, 2013	1.5117	1.5174	1.5243	1.5110	-0.38%
Aug 02, 2013	1.5292	1.5117	1.5308	1.5103	1.16%
Aug 04, 2013	1.5287	1.5292	1.5298	1.5280	-0.03%
Aug 05, 2013	1.5356	1.5287	1.5378	1.5260	0.45%
Aug 06, 2013	1.5343	1.5354	1.5391	1.5332	-0.08%
Aug 07, 2013	1.5498	1.5343	1.5531	1.5207	1.01%
Aug 08, 2013	1.5534	1.5497	1.5574	1.5485	0.23%
Aug 09, 2013	1.5507	1.5534	1.5558	1.5498	-0.17%
Aug 11, 2013	1.5514	1.5507	1.5521	1.5494	0.05%
Aug 12, 2013	1.5456	1.5514	1.5519	1.5452	-0.37%
Aug 13, 2013	1.5449	1.5456	1.5512	1.5428	-0.05%
Aug 14, 2013	1.5516	1.5449	1.5546	1.5423	0.43%
Aug 15, 2013	1.5639	1.5516	1.5652	1.5510	0.79%
Aug 16, 2013	1.5624	1.5639	1.5658	1.5609	-0.10%
Aug 18, 2013	1.5624	1.5624	1.5633	1.5618	0.00%
Aug 19, 2013	1.5647	1.5624	1.5672	1.5610	0.15%
Aug 20, 2013	1.5663	1.5647	1.5696	1.5629	0.10%
Aug 21, 2013	1.5616	1.5663	1.5718	1.5616	-0.30%
Aug 22, 2013	1.5595	1.5616	1.5626	1.5562	-0.13%
Aug 23, 2013	1.5568	1.5595	1.5638	1.5539	-0.17%
Aug 25, 2013	1.5580	1.5568	1.5584	1.5562	0.08%
Aug 26, 2013	1.5582	1.5580	1.5612	1.5557	0.01%
Aug 27, 2013	1.5545	1.5582	1.5592	1.5482	-0.24%
Aug 28, 2013	1.5527	1.5545	1.5552	1.5429	-0.12%
Aug 29, 2013	1.5506	1.5527	1.5549	1.5483	-0.14%
Aug 30, 2013	1.5506	1.5506	1.5528	1.5462	0.00%
Sep 01, 2013	1.5518	1.5506	1.5534	1.5506	0.08%
Sep 02, 2013	1.5546	1.5518	1.5593	1.5506	0.18%
Sep 03, 2013	1.5562	1.5546	1.5602	1.5522	0.10%
Sep 04, 2013	1.5620	1.5561	1.5647	1.5556	0.37%
Sep 05, 2013	1.5590	1.5620	1.5667	1.5574	-0.19%
Sep 06, 2013	1.5631	1.5590	1.5681	1.5565	0.26%
Sep 08, 2013	1.5632	1.5631	1.5638	1.5618	0.01%
Sep 09, 2013	1.5698	1.5632	1.5732	1.5629	0.42%
Sep 10, 2013	1.5731	1.5698	1.5744	1.5686	0.21%
Sep 11, 2013	1.5824	1.5731	1.5829	1.5719	0.59%
Sep 12, 2013	1.5803	1.5824	1.5840	1.5777	-0.13%
Sep 13, 2013	1.5878	1.5803	1.5885	1.5776	0.47%
Sep 15, 2013	1.5936	1.5878	1.5951	1.5878	0.37%
Sep 16, 2013	1.5902	1.5936	1.5963	1.5894	-0.21%
Sep 17, 2013	1.5903	1.5902	1.5936	1.5885	0.01%
Sep 18, 2013	1.6133	1.5903	1.6163	1.5893	1.45%
Sep 19, 2013	1.6036	1.6133	1.6146	1.6023	-0.60%
Sep 20, 2013	1.6005	1.6036	1.6066	1.5987	-0.19%
Sep 22, 2013	1.6016	1.6005	1.6017	1.5994	0.07%
Sep 23, 2013	1.6040	1.6016	1.6072	1.6013	0.15%
Sep 24, 2013	1.5994	1.6040	1.6042	1.5956	-0.29%
Sep 25, 2013	1.6074	1.5994	1.6088	1.5980	0.50%
Sep 26, 2013	1.6038	1.6074	1.6096	1.6000	-0.22%
Sep 27, 2013	1.6140	1.6038	1.6147	1.6030	0.64%
Sep 29, 2013	1.6167	1.6140	1.6171	1.6140	0.17%
Sep 30, 2013	1.6187	1.6167	1.6202	1.6128	0.12%
Oct 01, 2013	1.6192	1.6187	1.6260	1.6182	0.03%
Oct 02, 2013	1.6236	1.6192	1.6251	1.6163	0.27%
Oct 03, 2013	1.6157	1.6236	1.6241	1.6154	-0.49%
Oct 04, 2013	1.6009	1.6157	1.6178	1.6006	-0.92%
Oct 06, 2013	1.6040	1.6021	1.6043	1.6017	0.19%
Oct 07, 2013	1.6098	1.6040	1.6100	1.6026	0.36%
Oct 08, 2013	1.6119	1.6098	1.6124	1.6021	0.13%
Oct 09, 2013	1.5955	1.6120	1.6120	1.5917	-1.02%
Oct 10, 2013	1.5975	1.5955	1.5979	1.5914	0.13%
Oct 11, 2013	1.5946	1.5975	1.6002	1.5924	-0.18%
Oct 13, 2013	1.5966	1.5946	1.5976	1.5946	0.13%
Oct 14, 2013	1.5972	1.5966	1.6018	1.5955	0.04%
Oct 15, 2013	1.5983	1.5972	1.6007	1.5916	0.07%
Oct 16, 2013	1.5946	1.5983	1.6058	1.5894	-0.23%
Oct 17, 2013	1.6150	1.5946	1.6172	1.5941	1.28%
Oct 18, 2013	1.6167	1.6150	1.6224	1.6142	0.11%
