Jan 02, 2007	635.20	635.20	635.20	635.20	0.00%
Jan 03, 2007	627.10	640.40	640.40	628.50	-1.28%
Jan 04, 2007	623.90	624.50	624.50	624.50	-0.51%
Jan 05, 2007	604.90	623.70	623.70	617.30	-3.05%
Jan 08, 2007	607.50	607.50	607.50	607.50	0.43%
Jan 09, 2007	613.10	607.00	607.00	607.00	0.92%
Jan 10, 2007	611.60	611.60	611.60	611.60	-0.24%
Jan 11, 2007	612.40	612.40	612.40	612.40	0.13%
Jan 12, 2007	625.50	616.20	616.20	616.20	2.14%
Jan 16, 2007	624.60	624.60	624.60	624.60	-0.14%
Jan 17, 2007	632.10	630.50	632.60	630.50	1.20%
Jan 18, 2007	627.10	627.10	627.10	627.10	-0.79%
Jan 19, 2007	635.50	633.50	633.50	633.50	1.34%
Jan 22, 2007	633.30	633.30	633.30	633.30	-0.35%
Jan 23, 2007	645.20	642.20	642.20	642.20	1.88%
Jan 24, 2007	647.60	640.30	640.30	640.30	0.37%
Jan 25, 2007	647.80	647.80	647.80	647.80	0.03%
Jan 26, 2007	644.50	644.50	644.50	644.50	-0.51%
Jan 29, 2007	643.10	643.10	643.10	643.10	-0.22%
Jan 30, 2007	644.20	643.00	647.50	640.80	0.17%
Jan 31, 2007	652.00	646.50	655.50	641.80	1.21%
Feb 01, 2007	657.40	652.90	661.50	652.60	0.83%
Feb 02, 2007	646.20	655.70	659.30	642.00	-1.70%
Feb 05, 2007	650.90	649.00	651.00	647.00	0.73%
Feb 06, 2007	653.60	648.20	659.00	648.10	0.41%
Feb 07, 2007	652.30	654.80	655.50	650.40	-0.20%
Feb 08, 2007	658.00	650.00	659.30	649.10	0.87%
Feb 09, 2007	667.50	659.10	669.50	658.00	1.44%
Feb 12, 2007	662.60	664.30	665.90	661.00	-0.73%
Feb 13, 2007	663.90	664.30	669.00	663.80	0.20%
Feb 14, 2007	667.40	666.70	672.00	666.70	0.53%
Feb 15, 2007	667.30	668.50	668.50	663.00	-0.01%
Feb 16, 2007	668.80	664.50	668.40	664.50	0.22%
Feb 20, 2007	657.10	671.00	671.00	658.30	-1.75%
Feb 21, 2007	680.20	660.40	682.30	657.50	3.52%
Feb 22, 2007	679.40	676.50	679.30	676.50	-0.12%
Feb 23, 2007	683.10	678.30	685.30	674.00	0.54%
Feb 26, 2007	686.50	684.60	687.60	683.80	0.50%
Feb 27, 2007	683.90	684.00	687.70	668.50	-0.38%
Feb 28, 2007	669.40	665.60	674.50	662.00	-2.12%
Mar 01, 2007	662.30	673.00	673.00	673.00	-1.06%
Mar 02, 2007	641.50	641.50	641.50	641.50	-3.14%
Mar 05, 2007	636.70	640.20	640.20	640.00	-0.75%
Mar 06, 2007	643.80	644.50	644.50	641.30	1.12%
Mar 07, 2007	650.60	650.60	650.60	650.60	1.06%
Mar 08, 2007	653.40	653.40	653.40	653.40	0.43%
Mar 09, 2007	650.00	648.50	649.20	648.50	-0.52%
Mar 12, 2007	648.40	648.00	648.00	648.00	-0.25%
Mar 13, 2007	647.60	647.60	647.60	647.60	-0.12%
Mar 14, 2007	640.90	640.90	640.90	640.90	-1.03%
Mar 15, 2007	645.70	645.70	645.70	645.70	0.75%
Mar 16, 2007	652.60	652.90	652.90	652.70	1.07%
Mar 19, 2007	653.10	653.10	653.10	653.10	0.08%
Mar 20, 2007	657.90	657.90	657.90	657.90	0.73%
Mar 21, 2007	659.00	659.00	659.00	659.00	0.17%
Mar 22, 2007	663.40	663.40	663.40	663.40	0.67%
Mar 23, 2007	656.70	656.70	656.70	656.70	-1.01%
Mar 26, 2007	663.40	663.40	663.40	663.40	1.02%
Mar 27, 2007	662.10	662.10	662.10	662.10	-0.20%
Mar 28, 2007	666.50	666.50	666.50	666.50	0.66%
Mar 29, 2007	661.50	665.90	666.20	654.60	-0.75%
Mar 30, 2007	663.00	661.20	667.70	659.10	0.23%
Apr 02, 2007	665.70	665.50	665.50	656.10	0.41%
Apr 03, 2007	664.00	663.10	667.30	662.20	-0.26%
Apr 04, 2007	672.10	664.00	675.00	664.00	1.22%
Apr 05, 2007	674.20	674.20	676.00	671.50	0.31%
Apr 09, 2007	671.90	671.10	677.50	671.10	-0.34%
Apr 10, 2007	676.50	673.90	681.50	673.90	0.68%
Apr 11, 2007	676.80	678.30	680.30	674.80	0.04%
Apr 12, 2007	675.10	677.00	677.50	673.10	-0.25%
Apr 13, 2007	685.40	680.20	683.60	680.20	1.53%
Apr 16, 2007	690.10	685.10	690.10	685.10	0.69%
Apr 17, 2007	688.20	689.00	689.40	687.20	-0.28%
Apr 18, 2007	689.10	689.10	690.60	687.00	0.13%
Apr 19, 2007	684.30	681.90	685.70	681.90	-0.70%
Apr 20, 2007	692.00	690.10	692.50	690.10	1.13%
Apr 23, 2007	690.60	689.00	689.00	688.00	-0.20%
Apr 24, 2007	684.20	689.40	691.30	683.00	-0.93%
Apr 25, 2007	684.10	686.50	686.50	683.80	-0.01%
Apr 26, 2007	674.90	684.50	686.80	673.50	-1.34%
Apr 27, 2007	678.70	673.00	678.30	673.00	0.56%
Apr 30, 2007	680.50	680.00	680.00	677.30	0.27%
May 01, 2007	674.40	673.70	673.70	673.00	-0.90%
May 02, 2007	672.30	672.30	672.30	672.30	-0.31%
May 03, 2007	681.80	681.80	681.80	681.80	1.41%
May 04, 2007	687.20	687.20	687.20	687.20	0.79%
May 07, 2007	688.00	688.00	688.00	688.00	0.12%
May 08, 2007	685.10	685.10	685.10	685.10	-0.42%
May 09, 2007	680.30	680.30	680.30	680.30	-0.70%
May 10, 2007	665.10	665.10	665.10	665.10	-2.23%
May 11, 2007	670.60	670.60	670.60	670.60	0.83%
May 14, 2007	668.50	668.50	668.50	668.50	-0.31%
May 15, 2007	673.00	673.00	673.00	673.00	0.67%
May 16, 2007	660.20	660.20	660.20	660.20	-1.90%
May 17, 2007	656.20	656.20	656.20	656.20	-0.61%
May 18, 2007	661.00	661.00	661.00	661.00	0.73%
May 21, 2007	662.90	660.70	661.40	660.00	0.29%
May 22, 2007	659.10	659.10	659.10	659.10	-0.57%
May 23, 2007	661.90	661.90	661.90	661.90	0.42%
May 24, 2007	653.00	654.00	656.00	654.00	-1.34%
May 25, 2007	655.10	655.90	655.90	655.70	0.32%
May 29, 2007	657.10	657.10	657.10	657.10	0.31%
May 30, 2007	653.10	655.70	658.40	651.50	-0.61%
May 31, 2007	661.00	652.50	662.00	652.50	1.21%
Jun 01, 2007	671.20	661.50	672.00	660.80	1.54%
Jun 04, 2007	670.70	671.20	673.70	668.90	-0.07%
Jun 05, 2007	669.60	672.10	674.00	669.30	-0.16%
Jun 06, 2007	669.30	670.40	670.90	665.40	-0.04%
Jun 07, 2007	660.10	671.40	671.40	658.30	-1.37%
Jun 08, 2007	645.50	658.50	659.60	645.20	-2.21%
Jun 11, 2007	654.30	649.20	654.40	649.20	1.36%
Jun 12, 2007	648.50	653.80	653.80	646.90	-0.89%
Jun 13, 2007	648.20	646.60	651.50	644.30	-0.05%
Jun 14, 2007	651.60	652.60	652.80	650.00	0.52%
Jun 15, 2007	654.50	651.00	655.20	650.70	0.45%
Jun 18, 2007	655.80	657.90	658.20	655.70	0.20%
Jun 19, 2007	660.70	656.20	660.20	653.00	0.75%
Jun 20, 2007	656.10	660.80	660.80	658.00	-0.70%
Jun 21, 2007	650.60	648.60	648.60	648.60	-0.84%
Jun 22, 2007	653.50	649.90	649.90	649.90	0.45%
Jun 25, 2007	651.30	650.00	650.50	650.00	-0.34%
Jun 26, 2007	642.10	647.60	647.60	640.00	-1.41%
Jun 27, 2007	641.70	640.40	643.50	640.40	-0.06%
Jun 28, 2007	647.50	643.90	648.40	643.90	0.90%
Jun 29, 2007	648.10	647.50	649.20	647.50	0.09%
Jul 02, 2007	656.50	656.80	656.80	656.80	1.30%
Jul 03, 2007	652.90	655.70	655.70	655.70	-0.55%
Jul 05, 2007	648.40	648.40	648.40	648.40	-0.69%
Jul 06, 2007	652.70	652.70	652.70	652.70	0.66%
Jul 09, 2007	660.50	660.50	660.50	660.50	1.20%
Jul 10, 2007	662.50	662.50	662.50	662.50	0.30%
Jul 11, 2007	660.30	660.30	660.30	660.30	-0.33%
Jul 12, 2007	666.70	665.00	665.00	665.00	0.97%
Jul 13, 2007	665.80	666.70	666.70	666.70	-0.13%
Jul 16, 2007	665.00	667.10	667.10	667.10	-0.12%
Jul 17, 2007	664.70	664.70	664.70	664.70	-0.05%
Jul 18, 2007	672.60	672.60	672.60	672.60	1.19%
Jul 19, 2007	677.20	677.20	677.20	677.20	0.68%
Jul 20, 2007	683.90	683.90	683.90	683.90	0.99%
Jul 23, 2007	680.80	680.80	680.80	680.80	-0.45%
Jul 24, 2007	684.20	684.20	684.20	684.20	0.50%
Jul 25, 2007	673.30	673.30	673.30	673.30	-1.59%
Jul 26, 2007	662.50	662.50	662.50	662.50	-1.60%
Jul 27, 2007	660.00	660.00	660.00	660.00	-0.38%
Jul 30, 2007	664.10	659.90	665.20	659.30	0.62%
Jul 31, 2007	666.90	665.00	668.30	662.60	0.42%
Aug 01, 2007	663.60	663.20	666.30	658.50	-0.49%
Aug 02, 2007	664.60	666.70	666.70	662.80	0.15%
Aug 03, 2007	672.50	665.80	674.40	665.70	1.19%
Aug 06, 2007	671.50	672.10	672.10	668.80	-0.15%
Aug 07, 2007	670.60	670.00	670.00	666.50	-0.13%
Aug 08, 2007	674.50	674.70	676.20	674.00	0.58%
Aug 09, 2007	661.40	667.80	667.80	661.40	-1.94%
Aug 10, 2007	670.30	659.50	673.40	659.50	1.35%
Aug 13, 2007	669.70	669.90	671.00	668.60	-0.09%
Aug 14, 2007	668.60	665.00	670.50	665.00	-0.16%
Aug 15, 2007	668.90	665.00	669.70	662.50	0.04%
Aug 16, 2007	648.30	665.20	665.20	642.90	-3.08%
Aug 17, 2007	656.90	648.40	657.70	648.40	1.33%
Aug 20, 2007	656.70	658.60	660.00	658.60	-0.03%
Aug 21, 2007	656.70	657.90	658.40	657.50	0.00%
Aug 22, 2007	659.10	658.90	661.10	658.90	0.37%
Aug 23, 2007	658.90	663.60	663.70	663.20	-0.03%
Aug 24, 2007	668.00	662.10	668.80	662.10	1.38%
Aug 27, 2007	666.80	667.90	668.00	666.00	-0.18%
Aug 28, 2007	664.40	665.50	665.90	664.20	-0.36%
Aug 29, 2007	666.30	667.00	667.70	667.00	0.29%
Aug 30, 2007	665.00	665.50	666.50	665.50	-0.20%
Aug 31, 2007	673.00	672.50	672.80	672.50	1.20%
Sep 04, 2007	682.50	682.50	682.50	682.50	1.41%
Sep 05, 2007	681.70	678.60	679.10	678.60	-0.12%
Sep 06, 2007	695.60	692.20	692.40	692.20	2.04%
Sep 07, 2007	700.80	700.80	700.80	700.80	0.75%
Sep 10, 2007	703.30	704.50	705.00	702.00	0.36%
Sep 11, 2007	712.20	703.50	703.50	702.80	1.27%
Sep 12, 2007	711.90	713.90	713.90	712.50	-0.04%
Sep 13, 2007	709.50	706.90	707.40	706.90	-0.34%
Sep 14, 2007	709.60	717.20	717.20	714.90	0.01%
Sep 17, 2007	715.80	719.10	719.10	719.10	0.87%
Sep 18, 2007	715.80	715.80	715.80	715.80	0.00%
Sep 19, 2007	722.00	724.60	724.60	724.60	0.87%
Sep 20, 2007	732.40	732.40	732.40	732.40	1.44%
Sep 21, 2007	731.40	731.40	731.40	731.40	-0.14%
Sep 24, 2007	732.10	732.10	732.10	732.10	0.10%
Sep 25, 2007	731.60	731.60	731.60	731.60	-0.07%
Sep 26, 2007	728.30	728.30	728.30	728.30	-0.45%
Sep 27, 2007	732.70	728.20	735.50	727.40	0.60%
Sep 28, 2007	742.80	733.70	745.70	733.70	1.38%
Oct 01, 2007	747.20	745.10	747.40	741.80	0.59%
Oct 02, 2007	729.80	746.50	746.50	726.50	-2.33%
Oct 03, 2007	729.30	727.60	732.50	726.70	-0.07%
Oct 04, 2007	737.80	725.10	736.80	724.30	1.17%
Oct 05, 2007	741.30	731.00	741.70	731.00	0.47%
Oct 08, 2007	732.80	735.20	737.00	732.40	-1.15%
Oct 09, 2007	737.40	736.10	736.50	735.50	0.63%
Oct 10, 2007	740.40	740.90	741.00	740.70	0.41%
Oct 11, 2007	751.30	747.40	749.70	746.00	1.47%
Oct 12, 2007	748.70	750.40	750.40	748.70	-0.35%
Oct 15, 2007	757.10	758.00	759.60	757.90	1.12%
Oct 16, 2007	757.00	762.40	762.40	756.10	-0.01%
Oct 17, 2007	757.50	760.00	760.00	757.00	0.07%
Oct 18, 2007	764.10	765.80	765.80	765.80	0.87%
Oct 19, 2007	764.00	765.20	765.20	762.70	-0.01%
Oct 22, 2007	755.80	766.70	766.70	751.90	-1.07%
Oct 23, 2007	759.00	756.00	756.00	756.00	0.42%
Oct 24, 2007	761.60	758.20	758.20	753.50	0.34%
Oct 25, 2007	767.30	767.90	767.90	767.90	0.75%
Oct 26, 2007	783.90	771.40	783.40	771.40	2.16%
Oct 29, 2007	789.10	793.80	793.80	787.30	0.66%
Oct 30, 2007	784.30	785.50	785.50	780.70	-0.61%
Oct 31, 2007	792.00	789.30	795.40	789.30	0.98%
Nov 01, 2007	790.70	785.30	791.30	785.30	-0.16%
Nov 02, 2007	805.70	794.10	806.50	794.10	1.90%
Nov 05, 2007	808.10	804.60	804.60	804.20	0.30%
Nov 06, 2007	820.80	821.90	825.30	821.90	1.57%
Nov 07, 2007	831.00	830.00	831.20	830.00	1.24%
Nov 08, 2007	835.20	829.80	841.30	829.80	0.51%
Nov 09, 2007	832.50	835.70	835.80	831.70	-0.32%
Nov 12, 2007	805.80	803.90	803.90	798.70	-3.21%
Nov 13, 2007	797.20	804.30	804.30	800.00	-1.07%
Nov 14, 2007	813.00	816.70	817.00	816.70	1.98%
Nov 15, 2007	785.90	794.50	794.50	793.70	-3.33%
Nov 16, 2007	785.70	785.70	785.70	785.70	-0.03%
Nov 19, 2007	776.80	777.60	777.60	777.60	-1.13%
Nov 20, 2007	790.30	792.90	802.50	792.90	1.74%
Nov 21, 2007	797.60	797.60	797.60	797.60	0.92%
Nov 23, 2007	824.00	824.00	824.00	824.00	3.31%
Nov 26, 2007	826.00	826.00	826.00	826.00	0.24%
Nov 27, 2007	813.70	823.20	824.80	812.50	-1.49%
Nov 28, 2007	800.10	800.10	800.10	800.10	-1.67%
Nov 29, 2007	795.30	804.00	807.80	791.90	-0.60%
Nov 30, 2007	782.20	795.00	798.60	778.40	-1.65%
Dec 03, 2007	788.30	783.90	794.60	777.00	0.78%
Dec 04, 2007	801.30	794.00	805.00	787.20	1.65%
Dec 05, 2007	797.50	802.20	803.90	791.70	-0.47%
Dec 06, 2007	801.20	794.40	804.80	786.50	0.46%
Dec 07, 2007	794.40	800.70	801.20	792.00	-0.85%
Dec 10, 2007	807.70	799.30	809.70	799.30	1.67%
Dec 11, 2007	811.40	808.10	812.00	796.00	0.46%
Dec 12, 2007	813.50	809.70	815.90	809.60	0.26%
Dec 13, 2007	799.00	810.30	810.30	792.70	-1.78%
Dec 14, 2007	793.30	800.30	803.50	789.60	-0.71%
Dec 17, 2007	794.80	793.50	794.50	788.40	0.19%
Dec 18, 2007	803.00	793.00	804.80	793.00	1.03%
Dec 19, 2007	801.10	799.20	804.00	799.10	-0.24%
Dec 20, 2007	799.20	799.50	800.00	794.20	-0.24%
Dec 21, 2007	811.60	800.00	812.50	800.00	1.55%
Dec 24, 2007	812.80	811.50	814.10	809.80	0.15%
Dec 26, 2007	826.00	815.70	826.90	815.70	1.62%
Dec 27, 2007	828.60	824.80	832.50	824.80	0.31%
Dec 28, 2007	839.60	826.60	840.20	826.60	1.33%
Dec 31, 2007	834.90	843.20	843.20	843.20	-0.56%
Jan 02, 2008	857.00	848.70	857.80	846.40	2.65%
Jan 03, 2008	866.40	863.00	865.50	856.30	1.10%
Jan 04, 2008	863.10	861.40	865.50	860.20	-0.38%
Jan 07, 2008	859.60	860.90	860.90	857.40	-0.41%
Jan 08, 2008	878.00	861.60	879.40	861.60	2.14%
Jan 09, 2008	879.50	885.00	885.00	876.00	0.17%
Jan 10, 2008	891.70	882.00	891.40	881.20	1.39%
Jan 11, 2008	896.10	889.80	899.70	889.70	0.49%
Jan 14, 2008	901.60	907.30	907.30	905.00	0.61%
Jan 15, 2008	901.00	887.60	887.60	887.60	-0.07%
Jan 16, 2008	880.60	880.50	885.80	880.50	-2.26%
Jan 17, 2008	879.50	888.20	888.20	876.80	-0.12%
Jan 18, 2008	880.80	871.80	886.80	871.00	0.15%
Jan 22, 2008	889.60	878.70	891.00	863.20	1.00%
Jan 23, 2008	882.50	885.00	895.70	880.00	-0.80%
Jan 24, 2008	905.50	890.90	906.60	890.90	2.61%
Jan 25, 2008	910.50	910.50	910.50	910.50	0.55%
Jan 28, 2008	927.10	916.60	922.00	914.50	1.82%
Jan 29, 2008	925.10	925.00	925.00	925.00	-0.22%
Jan 30, 2008	920.60	924.40	936.30	915.30	-0.49%
Jan 31, 2008	922.70	928.20	928.30	918.30	0.23%
Feb 01, 2008	908.70	924.80	936.20	903.70	-1.52%
Feb 04, 2008	904.90	903.70	912.00	892.50	-0.42%
Feb 05, 2008	885.90	905.10	905.20	884.70	-2.10%
Feb 06, 2008	900.70	887.90	910.00	887.50	1.67%
Feb 07, 2008	906.10	900.60	909.30	896.40	0.60%
Feb 08, 2008	918.40	915.30	920.00	911.50	1.36%
Feb 11, 2008	922.90	920.70	926.90	917.50	0.49%
Feb 12, 2008	907.40	921.00	924.80	904.20	-1.68%
Feb 13, 2008	906.50	903.00	909.40	897.20	-0.10%
Feb 14, 2008	907.40	904.00	911.00	904.00	0.10%
Feb 15, 2008	902.80	910.10	913.60	898.70	-0.51%
Feb 19, 2008	926.60	904.30	928.80	900.50	2.64%
Feb 20, 2008	934.60	926.50	945.00	919.60	0.86%
Feb 21, 2008	946.10	940.10	953.40	940.10	1.23%
Feb 22, 2008	944.70	944.90	948.50	942.50	-0.15%
Feb 25, 2008	937.60	946.50	948.90	933.00	-0.75%
Feb 26, 2008	946.10	931.30	949.00	931.30	0.91%
Feb 27, 2008	958.20	960.00	960.00	955.00	1.28%
Feb 28, 2008	964.50	957.40	972.10	954.40	0.66%
Feb 29, 2008	972.10	971.40	973.10	963.50	0.79%
Mar 03, 2008	981.50	984.20	986.90	979.70	0.97%
Mar 04, 2008	963.90	982.40	984.50	963.80	-1.79%
Mar 05, 2008	986.20	965.00	992.70	963.90	2.31%
Mar 06, 2008	975.00	984.30	987.70	973.40	-1.14%
Mar 07, 2008	972.20	982.80	984.90	972.40	-0.29%
Mar 10, 2008	969.90	975.50	976.80	964.70	-0.24%
Mar 11, 2008	974.20	975.70	976.70	971.50	0.44%
Mar 12, 2008	978.80	973.60	979.30	973.50	0.47%
Mar 13, 2008	992.30	983.70	998.50	983.70	1.38%
Mar 14, 2008	998.20	993.90	1004.60	993.00	0.59%
Mar 17, 2008	1001.40	1005.00	1014.60	996.40	0.32%
Mar 18, 2008	1003.20	1003.60	1010.00	978.20	0.18%
Mar 19, 2008	944.70	979.30	979.30	938.40	-5.83%
Mar 20, 2008	919.60	939.90	943.20	917.70	-2.66%
Mar 24, 2008	918.30	915.50	922.00	915.20	-0.14%
Mar 25, 2008	934.60	931.50	933.50	927.20	1.78%
Mar 26, 2008	949.00	949.60	949.60	949.60	1.54%
Mar 27, 2008	948.80	947.40	947.40	945.70	-0.02%
Mar 28, 2008	930.60	947.50	951.10	921.80	-1.92%
Mar 31, 2008	916.20	931.00	940.10	912.00	-1.55%
Apr 01, 2008	882.90	915.00	919.80	871.80	-3.63%
Apr 02, 2008	895.20	884.00	906.50	881.20	1.39%
Apr 03, 2008	905.00	901.20	907.50	889.60	1.09%
Apr 04, 2008	909.00	904.70	914.90	898.80	0.44%
Apr 07, 2008	922.70	915.30	927.20	912.30	1.51%
Apr 08, 2008	914.00	924.20	925.30	909.30	-0.94%
Apr 09, 2008	933.60	916.00	935.50	904.10	2.14%
Apr 10, 2008	928.30	931.30	939.20	922.40	-0.57%
Apr 11, 2008	923.60	919.60	931.20	919.60	-0.51%
Apr 14, 2008	925.40	917.00	929.40	915.60	0.19%
Apr 15, 2008	928.70	924.30	936.00	924.30	0.36%
Apr 16, 2008	945.10	927.20	948.70	927.20	1.77%
Apr 17, 2008	939.80	944.30	947.90	938.70	-0.56%
Apr 18, 2008	912.20	936.00	936.00	907.20	-2.94%
Apr 21, 2008	914.70	922.50	924.60	914.10	0.27%
Apr 22, 2008	922.30	921.80	922.80	916.20	0.83%
Apr 23, 2008	906.20	916.80	921.50	898.80	-1.75%
Apr 24, 2008	886.80	902.40	904.80	885.10	-2.14%
Apr 25, 2008	887.20	878.20	893.60	878.10	0.05%
Apr 28, 2008	892.90	887.00	893.80	887.00	0.64%
Apr 29, 2008	874.20	890.60	890.60	869.60	-2.09%
Apr 30, 2008	862.80	868.70	875.20	863.00	-1.30%
May 01, 2008	848.90	855.00	856.00	849.60	-1.61%
May 02, 2008	856.10	853.30	857.70	853.30	0.85%
May 05, 2008	872.30	861.20	872.80	861.20	1.89%
May 06, 2008	876.00	872.30	881.40	872.30	0.42%
May 07, 2008	869.60	868.00	869.40	864.80	-0.73%
May 08, 2008	880.60	871.00	883.30	871.00	1.26%
May 09, 2008	884.50	883.90	884.70	883.90	0.44%
May 12, 2008	883.70	879.20	886.50	879.20	-0.09%
May 13, 2008	868.50	862.90	870.40	862.90	-1.72%
May 14, 2008	865.40	862.80	868.60	862.80	-0.36%
May 15, 2008	879.00	865.80	886.30	865.80	1.57%
May 16, 2008	899.00	892.00	904.20	892.00	2.28%
May 19, 2008	905.00	905.00	905.00	905.00	0.67%
May 20, 2008	919.50	919.50	919.50	919.50	1.60%
May 21, 2008	928.00	923.50	924.00	923.20	0.92%
May 22, 2008	917.90	917.60	917.60	917.60	-1.09%
May 23, 2008	925.60	916.90	924.70	916.00	0.84%
May 27, 2008	907.70	912.00	912.00	906.50	-1.93%
May 28, 2008	900.50	900.50	900.50	900.50	-0.79%
May 29, 2008	877.20	903.00	903.20	872.10	-2.59%
May 30, 2008	887.30	880.20	888.50	868.60	1.15%
Jun 02, 2008	892.90	887.30	898.00	881.80	0.63%
Jun 03, 2008	881.60	889.80	896.10	874.60	-1.27%
Jun 04, 2008	879.90	879.50	886.10	876.00	-0.19%
Jun 05, 2008	871.80	876.10	878.80	865.40	-0.92%
Jun 06, 2008	895.40	878.50	901.00	877.70	2.71%
Jun 09, 2008	894.70	900.70	908.90	890.50	-0.08%
Jun 10, 2008	867.90	886.60	886.60	866.00	-3.00%
Jun 11, 2008	879.70	869.50	882.00	869.50	1.36%
Jun 12, 2008	869.20	873.60	873.60	858.20	-1.19%
Jun 13, 2008	870.30	870.30	870.30	860.50	0.13%
Jun 16, 2008	883.60	872.50	893.00	871.30	1.53%
Jun 17, 2008	884.30	883.40	887.00	876.30	0.08%
Jun 18, 2008	890.90	888.00	891.90	885.10	0.75%
Jun 19, 2008	901.70	888.60	906.50	888.60	1.21%
Jun 20, 2008	901.30	903.80	907.30	901.00	-0.04%
Jun 23, 2008	884.80	903.40	903.40	879.20	-1.83%
Jun 24, 2008	889.20	889.60	891.20	885.50	0.50%
Jun 25, 2008	880.00	883.60	883.80	876.40	-1.03%
Jun 26, 2008	913.10	909.60	912.60	909.60	3.76%
Jun 27, 2008	929.30	913.10	927.60	910.70	1.77%
Jun 30, 2008	926.20	927.70	933.70	922.30	-0.33%
Jul 01, 2008	942.50	943.60	945.80	938.00	1.76%
Jul 02, 2008	944.80	938.80	944.80	933.10	0.24%
Jul 03, 2008	931.90	944.80	944.80	928.00	-1.37%
Jul 07, 2008	927.30	931.40	931.40	915.40	-0.49%
Jul 08, 2008	921.90	922.80	922.80	919.20	-0.58%
Jul 09, 2008	927.30	919.80	928.20	919.80	0.59%
Jul 10, 2008	940.90	928.10	942.10	928.10	1.47%
Jul 11, 2008	959.50	948.20	965.70	948.20	1.98%
Jul 14, 2008	972.70	964.70	974.60	955.00	1.38%
Jul 15, 2008	977.70	983.50	986.20	976.00	0.51%
Jul 16, 2008	961.80	960.00	960.00	960.00	-1.63%
Jul 17, 2008	970.00	957.30	976.20	957.30	0.85%
Jul 18, 2008	957.30	956.80	957.00	956.80	-1.31%
Jul 21, 2008	963.10	964.50	964.50	963.50	0.61%
Jul 22, 2008	948.00	973.00	974.90	973.00	-1.57%
Jul 23, 2008	922.40	935.00	935.00	924.20	-2.70%
Jul 24, 2008	922.00	920.90	926.40	920.90	-0.04%
Jul 25, 2008	926.60	928.40	929.20	921.20	0.50%
Jul 28, 2008	927.60	928.80	931.10	927.00	0.11%
Jul 29, 2008	916.40	916.20	917.70	916.20	-1.21%
Jul 30, 2008	902.90	917.90	919.10	893.30	-1.47%
Jul 31, 2008	913.90	906.90	925.60	906.10	1.22%
Aug 01, 2008	909.00	904.90	916.10	902.10	-0.54%
Aug 04, 2008	900.10	912.70	915.30	894.40	-0.98%
Aug 05, 2008	878.60	895.40	895.40	873.30	-2.39%
Aug 06, 2008	875.60	880.70	885.60	875.00	-0.34%
Aug 07, 2008	870.70	882.20	883.80	870.30	-0.56%
Aug 08, 2008	857.80	868.80	869.50	851.10	-1.48%
Aug 11, 2008	821.50	858.30	863.40	818.00	-4.23%
Aug 12, 2008	808.20	826.40	826.40	803.60	-1.62%
Aug 13, 2008	825.00	810.90	829.10	810.90	2.08%
Aug 14, 2008	808.20	831.40	831.90	805.00	-2.04%
Aug 15, 2008	786.00	796.90	799.20	780.90	-2.75%
Aug 18, 2008	799.70	792.00	801.70	792.00	1.74%
Aug 19, 2008	811.10	789.60	814.50	789.60	1.43%
Aug 20, 2008	810.30	814.90	814.90	804.70	-0.10%
Aug 21, 2008	833.00	825.80	835.60	825.80	2.80%
Aug 22, 2008	827.40	832.30	836.60	823.10	-0.67%
Aug 25, 2008	819.80	819.80	819.80	819.80	-0.92%
Aug 26, 2008	822.20	826.00	826.00	826.00	0.29%
Aug 27, 2008	828.10	830.30	830.30	825.30	0.72%
Aug 28, 2008	830.90	828.00	842.60	824.50	0.34%
Aug 29, 2008	829.30	831.70	833.00	831.70	-0.19%
Sep 02, 2008	805.00	829.90	840.70	790.80	-2.93%
Sep 03, 2008	802.70	805.60	805.60	791.60	-0.29%
Sep 04, 2008	797.90	801.40	809.10	794.90	-0.60%
Sep 05, 2008	797.60	794.70	809.00	794.00	-0.04%
Sep 08, 2008	797.50	811.00	813.20	796.40	-0.01%
Sep 09, 2008	787.10	802.00	802.00	780.00	-1.30%
Sep 10, 2008	757.90	776.60	781.00	752.80	-3.71%
Sep 11, 2008	741.30	756.60	756.60	739.00	-2.19%
Sep 12, 2008	760.30	750.50	756.00	750.50	2.56%
Sep 15, 2008	783.10	778.10	778.60	764.00	3.00%
Sep 16, 2008	776.50	777.70	777.70	777.00	-0.84%
Sep 17, 2008	846.60	782.90	808.00	782.90	9.03%
Sep 18, 2008	892.70	869.90	910.90	836.00	5.45%
Sep 19, 2008	860.60	860.60	860.60	860.60	-3.60%
Sep 22, 2008	903.90	888.80	908.10	888.80	5.03%
Sep 23, 2008	885.50	892.40	898.90	886.00	-2.04%
Sep 24, 2008	889.00	879.50	891.30	879.50	0.40%
Sep 25, 2008	877.70	891.50	891.50	884.50	-1.27%
Sep 26, 2008	882.90	884.20	890.20	884.20	0.59%
Sep 29, 2008	888.20	871.30	919.00	866.40	0.60%
Sep 30, 2008	874.20	904.80	912.50	855.00	-1.58%
Oct 01, 2008	880.70	878.00	889.10	869.20	0.74%
Oct 02, 2008	839.00	870.40	870.40	829.30	-4.73%
Oct 03, 2008	828.90	832.50	844.30	823.00	-1.20%
Oct 06, 2008	862.70	828.80	868.80	826.00	4.08%
Oct 07, 2008	878.40	862.10	883.00	858.20	1.82%
Oct 08, 2008	903.10	879.70	915.50	877.70	2.81%
Oct 09, 2008	883.10	902.70	919.70	883.00	-2.21%
Oct 10, 2008	855.40	925.70	925.70	843.00	-3.14%
Oct 13, 2008	838.90	861.10	861.10	830.30	-1.93%
Oct 14, 2008	836.30	848.10	848.10	833.50	-0.31%
Oct 15, 2008	835.50	839.50	848.70	831.60	-0.10%
Oct 16, 2008	801.50	846.00	846.00	790.00	-4.07%
Oct 17, 2008	785.10	798.00	807.00	773.80	-2.05%
Oct 20, 2008	787.60	803.80	803.80	787.50	0.32%
Oct 21, 2008	766.10	793.70	793.70	767.70	-2.73%
Oct 22, 2008	733.30	771.70	771.70	721.00	-4.28%
Oct 23, 2008	713.30	705.00	719.80	705.00	-2.73%
Oct 24, 2008	729.10	715.30	734.20	681.00	2.22%
Oct 27, 2008	741.70	742.80	744.50	712.00	1.73%
Oct 28, 2008	739.30	731.00	748.80	730.60	-0.32%
Oct 29, 2008	752.80	750.80	750.80	750.80	1.83%
Oct 30, 2008	737.20	760.50	774.00	739.10	-2.07%
Oct 31, 2008	716.80	731.40	736.00	718.40	-2.77%
Nov 03, 2008	725.40	728.80	731.50	728.70	1.20%
Nov 04, 2008	756.00	726.00	760.00	726.00	4.22%
Nov 05, 2008	741.30	757.40	757.40	739.00	-1.94%
Nov 06, 2008	731.20	743.40	759.00	731.90	-1.36%
Nov 07, 2008	733.20	731.50	743.00	727.20	0.27%
Nov 10, 2008	745.60	749.00	753.60	747.90	1.69%
Nov 11, 2008	732.00	734.20	735.60	729.80	-1.82%
Nov 12, 2008	717.70	730.40	734.70	722.50	-1.95%
Nov 13, 2008	704.90	714.30	715.50	707.00	-1.78%
Nov 14, 2008	742.40	726.50	747.10	726.50	5.32%
Nov 17, 2008	741.90	741.90	741.90	741.90	-0.07%
Nov 18, 2008	732.60	738.00	744.90	734.00	-1.25%
Nov 19, 2008	735.90	736.00	758.80	735.00	0.45%
Nov 20, 2008	748.60	740.50	750.00	739.50	1.73%
Nov 21, 2008	791.70	771.30	784.10	771.20	5.76%
Nov 24, 2008	819.40	819.90	824.00	819.90	3.50%
Nov 25, 2008	818.40	818.40	818.40	818.40	-0.12%
Nov 26, 2008	808.50	819.10	822.00	806.80	-1.21%
Nov 28, 2008	816.20	811.10	819.00	808.20	0.95%
Dec 01, 2008	774.60	817.20	817.30	766.00	-5.10%
Dec 02, 2008	781.30	765.30	786.00	759.70	0.86%
Dec 03, 2008	768.80	780.00	781.90	762.90	-1.60%
Dec 04, 2008	763.80	770.00	780.40	761.70	-0.65%
Dec 05, 2008	750.50	764.50	769.60	740.00	-1.74%
Dec 08, 2008	767.40	755.00	780.20	754.20	2.25%
Dec 09, 2008	772.40	775.00	776.50	762.30	0.65%
Dec 10, 2008	807.10	784.10	811.00	783.10	4.49%
Dec 11, 2008	824.90	803.40	832.10	801.00	2.21%
Dec 12, 2008	818.90	821.50	827.00	813.80	-0.73%
Dec 15, 2008	835.40	828.00	842.00	824.00	2.01%
Dec 16, 2008	841.70	839.00	859.00	831.60	0.75%
Dec 17, 2008	867.50	854.40	880.80	853.50	3.07%
Dec 18, 2008	859.60	862.40	873.00	852.00	-0.91%
Dec 19, 2008	836.40	846.60	852.10	833.30	-2.70%
Dec 22, 2008	846.20	848.50	851.00	844.00	1.17%
Dec 23, 2008	837.20	848.00	848.00	835.00	-1.06%
Dec 24, 2008	847.10	838.90	848.90	838.50	1.18%
Dec 26, 2008	870.40	847.00	872.40	845.80	2.75%
Dec 29, 2008	874.60	882.90	882.90	875.00	0.48%
Dec 30, 2008	869.30	878.10	878.10	866.50	-0.61%
Dec 31, 2008	883.60	860.00	882.50	858.40	1.65%
Jan 02, 2009	878.80	881.50	881.50	868.90	-0.54%
Jan 05, 2009	857.20	882.00	883.50	847.00	-2.46%
Jan 06, 2009	865.40	855.10	867.60	840.00	0.96%
Jan 07, 2009	841.10	862.00	867.00	837.70	-2.81%
Jan 08, 2009	853.90	837.90	861.00	837.90	1.52%
Jan 09, 2009	854.30	855.90	862.10	855.90	0.05%
Jan 12, 2009	820.30	844.40	844.40	815.40	-3.98%
Jan 13, 2009	820.10	825.60	825.60	815.70	-0.02%
Jan 14, 2009	808.20	825.90	827.10	814.00	-1.45%
Jan 15, 2009	806.70	805.60	808.80	805.60	-0.19%
Jan 16, 2009	839.30	834.00	842.50	834.00	4.04%
Jan 20, 2009	854.60	838.70	862.70	824.00	1.82%
Jan 21, 2009	849.60	850.50	851.00	844.50	-0.59%
Jan 22, 2009	858.20	856.80	860.90	846.20	1.01%
Jan 23, 2009	895.30	875.00	899.10	875.00	4.32%
Jan 26, 2009	908.50	907.30	911.60	901.20	1.47%
Jan 27, 2009	899.20	902.80	903.00	895.20	-1.02%
Jan 28, 2009	888.10	886.10	894.60	883.70	-1.23%
Jan 29, 2009	905.10	888.10	909.70	874.20	1.91%
Jan 30, 2009	927.30	909.80	930.30	902.00	2.45%
Feb 02, 2009	906.70	929.00	929.00	902.20	-2.22%
Feb 03, 2009	892.00	903.20	913.30	889.80	-1.62%
Feb 04, 2009	901.60	900.10	909.20	897.00	1.08%
Feb 05, 2009	913.60	906.30	924.40	904.40	1.33%
Feb 06, 2009	913.90	914.50	918.50	909.50	0.03%
Feb 09, 2009	892.40	910.00	911.00	891.80	-2.35%
Feb 10, 2009	913.70	898.00	917.50	892.00	2.39%
Feb 11, 2009	943.80	913.70	947.20	912.20	3.29%
Feb 12, 2009	948.50	938.80	952.80	936.40	0.50%
Feb 13, 2009	941.50	947.30	947.30	934.20	-0.74%
Feb 17, 2009	967.00	939.50	973.80	937.30	2.71%
Feb 18, 2009	977.70	968.40	988.00	962.20	1.11%
Feb 19, 2009	976.10	982.70	986.20	972.00	-0.16%
Feb 20, 2009	1001.80	974.00	1004.90	971.60	2.63%
Feb 23, 2009	994.60	995.60	996.50	980.00	-0.72%
Feb 24, 2009	969.10	988.00	991.60	963.20	-2.56%
Feb 25, 2009	965.70	963.30	977.50	953.10	-0.35%
Feb 26, 2009	941.80	953.00	956.00	933.00	-2.47%
Feb 27, 2009	941.50	943.40	963.20	929.00	-0.03%
Mar 02, 2009	939.00	945.00	955.80	924.50	-0.27%
Mar 03, 2009	912.90	927.00	931.80	906.40	-2.78%
Mar 04, 2009	906.00	914.90	923.20	900.10	-0.76%
Mar 05, 2009	927.00	912.00	932.60	908.90	2.32%
Mar 06, 2009	942.10	933.50	944.50	931.80	1.63%
Mar 09, 2009	917.70	940.50	940.50	914.50	-2.59%
Mar 10, 2009	895.60	921.60	921.80	892.10	-2.41%
Mar 11, 2009	910.40	894.70	912.40	894.10	1.65%
Mar 12, 2009	923.70	909.20	927.50	908.00	1.46%
Mar 13, 2009	929.80	924.40	937.00	924.40	0.66%
Mar 16, 2009	921.60	926.40	929.60	916.70	-0.88%
Mar 17, 2009	916.40	923.20	924.40	912.40	-0.56%
Mar 18, 2009	888.70	915.40	944.00	885.00	-3.02%
Mar 19, 2009	958.30	938.00	960.80	933.90	7.83%
Mar 20, 2009	955.80	960.60	960.60	954.10	-0.26%
Mar 23, 2009	952.10	950.70	952.60	937.90	-0.39%
Mar 24, 2009	923.30	923.30	923.30	923.30	-3.02%
Mar 25, 2009	935.40	921.20	936.50	920.80	1.31%
Mar 26, 2009	939.60	939.60	943.00	937.60	0.45%
Mar 27, 2009	923.00	923.00	923.00	923.00	-1.77%
Mar 30, 2009	915.50	924.60	932.50	908.60	-0.81%
Mar 31, 2009	922.60	918.00	924.50	911.60	0.78%
Apr 01, 2009	926.10	918.60	932.50	916.90	0.38%
Apr 02, 2009	907.40	926.90	930.30	894.90	-2.02%
Apr 03, 2009	895.60	904.60	910.30	891.30	-1.30%
Apr 06, 2009	871.50	895.00	895.00	865.10	-2.69%
Apr 07, 2009	882.20	872.20	884.70	872.20	1.23%
Apr 08, 2009	884.80	884.00	889.10	879.00	0.29%
Apr 09, 2009	882.20	882.40	886.10	874.70	-0.29%
Apr 13, 2009	894.70	882.50	899.40	882.50	1.42%
Apr 14, 2009	890.90	896.10	897.80	887.40	-0.42%
Apr 15, 2009	892.80	890.00	895.30	888.90	0.21%
Apr 16, 2009	879.30	890.90	893.40	872.80	-1.51%
Apr 17, 2009	867.40	874.00	875.70	865.00	-1.35%
Apr 20, 2009	887.00	868.80	889.00	866.10	2.26%
Apr 21, 2009	882.10	886.90	895.10	880.70	-0.55%
Apr 22, 2009	891.80	883.10	893.00	883.00	1.10%
Apr 23, 2009	905.90	893.60	909.00	892.60	1.58%
Apr 24, 2009	913.60	911.20	913.40	906.70	0.85%
Apr 27, 2009	907.40	918.00	918.00	906.30	-0.68%
Apr 28, 2009	892.80	899.70	899.70	890.10	-1.61%
Apr 29, 2009	899.80	890.10	902.50	887.80	0.78%
Apr 30, 2009	890.70	898.20	898.90	881.30	-1.01%
May 01, 2009	887.60	884.00	888.50	881.50	-0.35%
May 04, 2009	901.60	885.80	907.50	885.80	1.58%
May 05, 2009	903.70	903.50	912.30	902.00	0.23%
May 06, 2009	910.50	901.30	911.10	901.30	0.75%
May 07, 2009	915.00	922.40	924.00	910.40	0.49%
May 08, 2009	914.40	910.10	915.30	910.10	-0.07%
May 11, 2009	913.00	913.10	914.40	913.10	-0.15%
May 12, 2009	923.50	918.50	923.30	916.10	1.15%
May 13, 2009	925.50	922.00	929.70	921.20	0.22%
May 14, 2009	928.00	922.60	922.60	922.60	0.27%
May 15, 2009	930.90	925.20	931.60	925.20	0.31%
May 18, 2009	921.30	929.60	932.90	918.70	-1.03%
May 19, 2009	926.30	926.30	926.30	926.30	0.54%
May 20, 2009	937.00	933.00	940.50	932.00	1.16%
May 21, 2009	950.80	939.10	943.90	937.40	1.47%
May 22, 2009	958.50	956.90	958.70	956.90	0.81%
May 26, 2009	953.10	953.00	953.50	944.00	-0.56%
May 27, 2009	953.20	947.20	956.00	947.20	0.01%
May 28, 2009	961.50	948.60	964.90	944.00	0.87%
May 29, 2009	978.80	959.20	980.40	959.00	1.80%
Jun 01, 2009	978.60	978.80	988.10	973.00	-0.02%
Jun 02, 2009	983.20	974.70	986.50	969.80	0.47%
Jun 03, 2009	964.50	981.70	990.30	961.00	-1.90%
Jun 04, 2009	981.20	963.60	982.00	960.90	1.73%
Jun 05, 2009	961.70	981.40	983.00	954.00	-1.99%
Jun 08, 2009	951.70	958.00	960.10	944.40	-1.04%
Jun 09, 2009	954.00	953.50	963.70	948.40	0.24%
Jun 10, 2009	954.00	956.00	966.00	949.20	0.00%
Jun 11, 2009	961.30	954.30	961.90	943.10	0.77%
Jun 12, 2009	940.10	955.90	956.50	935.80	-2.21%
Jun 15, 2009	926.90	938.50	938.50	927.40	-1.40%
Jun 16, 2009	931.60	930.90	938.60	930.90	0.51%
Jun 17, 2009	935.40	931.50	937.80	930.40	0.41%
Jun 18, 2009	934.00	942.00	942.00	931.00	-0.15%
Jun 19, 2009	935.60	932.00	936.50	932.00	0.17%
Jun 22, 2009	920.60	925.00	926.20	919.00	-1.60%
Jun 23, 2009	923.90	921.90	926.50	917.30	0.36%
Jun 24, 2009	934.10	925.40	942.70	922.90	1.10%
Jun 25, 2009	939.10	932.30	938.00	932.30	0.54%
Jun 26, 2009	940.70	945.30	946.00	939.60	0.17%
Jun 29, 2009	940.40	940.20	942.50	934.80	-0.03%
Jun 30, 2009	927.10	941.40	943.90	925.30	-1.41%
Jul 01, 2009	941.00	929.30	944.20	928.00	1.50%
Jul 02, 2009	930.70	941.40	941.50	926.60	-1.09%
Jul 06, 2009	924.00	928.70	933.70	920.20	-0.72%
Jul 07, 2009	928.80	924.20	931.70	921.20	0.52%
Jul 08, 2009	909.00	919.60	919.60	905.60	-2.13%
Jul 09, 2009	915.90	907.20	917.40	907.20	0.76%
Jul 10, 2009	912.20	910.70	913.50	908.50	-0.40%
Jul 13, 2009	922.20	911.50	920.50	908.40	1.10%
Jul 14, 2009	922.50	920.20	926.20	920.20	0.03%
Jul 15, 2009	939.10	928.90	941.00	928.30	1.80%
Jul 16, 2009	935.10	938.40	938.40	934.80	-0.43%
Jul 17, 2009	937.20	936.90	937.80	931.80	0.22%
Jul 20, 2009	948.50	954.10	954.50	950.90	1.21%
Jul 21, 2009	946.60	948.60	948.60	945.80	-0.20%
Jul 22, 2009	953.00	949.20	952.20	946.40	0.68%
Jul 23, 2009	954.50	954.20	954.20	949.80	0.16%
Jul 24, 2009	952.80	950.30	952.80	950.30	-0.18%
Jul 27, 2009	953.30	955.10	957.10	953.90	0.05%
Jul 28, 2009	939.00	949.50	949.50	937.50	-1.50%
Jul 29, 2009	927.20	927.20	927.20	927.20	-1.26%
Jul 30, 2009	934.90	929.20	937.00	928.40	0.83%
Jul 31, 2009	953.70	934.40	958.10	932.00	2.01%
Aug 03, 2009	956.60	952.60	964.00	952.40	0.30%
Aug 04, 2009	967.50	956.60	969.50	950.80	1.14%
Aug 05, 2009	964.20	967.60	968.10	959.80	-0.34%
Aug 06, 2009	960.70	964.10	971.10	956.50	-0.36%
Aug 07, 2009	957.30	964.30	964.30	954.60	-0.35%
Aug 10, 2009	945.00	955.00	956.10	943.50	-1.28%
Aug 11, 2009	945.80	947.20	949.70	943.10	0.08%
Aug 12, 2009	950.70	947.50	951.50	943.00	0.52%
Aug 13, 2009	954.70	952.60	960.10	952.30	0.42%
Aug 14, 2009	947.00	957.40	957.40	942.10	-0.81%
Aug 17, 2009	934.30	947.40	947.40	931.50	-1.34%
Aug 18, 2009	937.70	938.60	938.60	935.50	0.36%
Aug 19, 2009	943.30	941.80	944.90	933.40	0.60%
Aug 20, 2009	940.30	942.90	945.70	940.10	-0.32%
Aug 21, 2009	953.20	957.00	957.60	952.60	1.37%
Aug 24, 2009	942.30	953.50	956.90	941.30	-1.14%
Aug 25, 2009	944.50	946.30	954.50	943.50	0.23%
Aug 26, 2009	944.30	947.50	947.90	940.30	-0.02%
Aug 27, 2009	945.50	944.20	949.40	942.90	0.13%
Aug 28, 2009	957.00	949.30	962.20	948.10	1.22%
Aug 31, 2009	951.70	959.50	959.50	944.80	-0.55%
Sep 01, 2009	954.70	954.20	956.50	948.70	0.32%
Sep 02, 2009	976.60	954.00	978.80	954.00	2.29%
Sep 03, 2009	995.80	978.10	993.80	978.10	1.97%
Sep 04, 2009	994.90	992.60	995.00	985.50	-0.09%
Sep 08, 2009	997.90	997.70	1006.90	993.20	0.30%
Sep 09, 2009	995.30	1002.00	1002.80	988.80	-0.26%
Sep 10, 2009	995.40	996.20	997.20	987.30	0.01%
Sep 11, 2009	1004.90	999.70	1011.90	999.70	0.95%
Sep 14, 2009	999.90	1002.90	1003.80	998.50	-0.50%
Sep 15, 2009	1005.00	998.00	1008.00	994.90	0.51%
Sep 16, 2009	1018.90	1014.70	1019.80	1014.70	1.38%
Sep 17, 2009	1012.30	1017.20	1019.50	1011.60	-0.65%
Sep 18, 2009	1009.20	1013.90	1017.60	1009.50	-0.31%
Sep 21, 2009	1003.70	1003.70	1003.70	998.00	-0.54%
Sep 22, 2009	1014.20	1011.50	1019.40	1011.50	1.05%
Sep 23, 2009	1013.00	1014.40	1015.20	1008.20	-0.12%
Sep 24, 2009	997.50	1015.00	1015.00	993.90	-1.53%
Sep 25, 2009	990.20	997.30	997.40	986.70	-0.73%
Sep 28, 2009	992.50	993.20	993.20	991.40	0.23%
Sep 29, 2009	993.10	990.50	995.70	984.70	0.06%
Sep 30, 2009	1008.00	992.50	1009.00	992.50	1.50%
Oct 01, 2009	999.50	1007.40	1008.80	998.00	-0.84%
Oct 02, 2009	1003.20	998.80	1007.30	986.80	0.37%
Oct 05, 2009	1016.70	1004.10	1017.60	1003.00	1.35%
Oct 06, 2009	1038.60	1019.50	1043.80	1018.30	2.15%
Oct 07, 2009	1043.30	1038.30	1048.20	1038.30	0.45%
Oct 08, 2009	1055.40	1045.80	1060.40	1045.10	1.16%
Oct 09, 2009	1047.80	1049.30	1051.50	1044.00	-0.72%
Oct 12, 2009	1056.70	1049.00	1058.40	1049.00	0.85%
Oct 13, 2009	1064.20	1064.00	1068.40	1056.50	0.71%
Oct 14, 2009	1063.90	1064.00	1070.20	1057.60	-0.03%
Oct 15, 2009	1049.80	1062.20	1062.20	1048.00	-1.33%
Oct 16, 2009	1050.70	1051.50	1056.20	1043.70	0.09%
Oct 19, 2009	1057.30	1053.60	1061.20	1049.20	0.63%
Oct 20, 2009	1057.80	1065.50	1066.20	1054.00	0.05%
Oct 21, 2009	1063.70	1053.70	1064.00	1047.50	0.56%
Oct 22, 2009	1057.80	1061.20	1061.20	1051.50	-0.55%
Oct 23, 2009	1055.60	1063.80	1065.90	1050.20	-0.21%
Oct 26, 2009	1042.10	1055.60	1055.60	1039.90	-1.28%
Oct 27, 2009	1034.70	1039.50	1042.10	1035.50	-0.71%
Oct 28, 2009	1029.90	1042.10	1042.10	1028.00	-0.46%
Oct 29, 2009	1046.40	1035.20	1047.30	1032.40	1.60%
Oct 30, 2009	1039.70	1045.50	1045.80	1035.60	-0.64%
Nov 02, 2009	1053.40	1043.50	1061.80	1043.50	1.32%
Nov 03, 2009	1084.30	1063.60	1087.00	1056.80	2.93%
Nov 04, 2009	1086.70	1082.20	1097.40	1082.20	0.22%
Nov 05, 2009	1088.70	1086.00	1092.30	1086.00	0.18%
Nov 06, 2009	1095.10	1092.50	1100.00	1090.20	0.59%
Nov 09, 2009	1100.80	1098.60	1109.30	1098.60	0.52%
Nov 10, 2009	1101.90	1100.90	1108.60	1098.20	0.10%
Nov 11, 2009	1114.00	1106.30	1117.60	1106.30	1.10%
Nov 12, 2009	1106.00	1121.30	1121.30	1104.30	-0.72%
Nov 13, 2009	1116.10	1105.00	1118.20	1105.00	0.91%
Nov 16, 2009	1138.60	1136.50	1149.40	1136.50	2.02%
Nov 17, 2009	1138.80	1131.30	1140.40	1131.30	0.02%
Nov 18, 2009	1140.70	1136.50	1149.40	1136.50	0.17%
Nov 19, 2009	1141.40	1143.00	1144.80	1135.50	0.06%
Nov 20, 2009	1146.40	1144.90	1144.90	1137.30	0.44%
Nov 23, 2009	1164.30	1164.30	1164.30	1164.30	1.56%
Nov 24, 2009	1165.50	1168.70	1169.80	1167.50	0.10%
Nov 25, 2009	1186.90	1186.90	1186.90	1186.90	1.84%
Nov 27, 2009	1174.20	1192.80	1195.00	1130.10	-1.07%
Nov 30, 2009	1181.10	1179.90	1183.70	1163.70	0.59%
Dec 01, 2009	1199.10	1181.00	1202.70	1176.00	1.52%
Dec 02, 2009	1212.00	1196.40	1217.30	1196.40	1.08%
Dec 03, 2009	1217.40	1218.00	1226.40	1204.60	0.45%
Dec 04, 2009	1168.80	1207.80	1211.20	1147.00	-3.99%
Dec 07, 2009	1163.40	1157.60	1165.50	1136.30	-0.46%
Dec 08, 2009	1142.80	1159.50	1169.30	1125.30	-1.77%
Dec 09, 2009	1120.40	1130.30	1147.00	1116.50	-1.96%
Dec 10, 2009	1125.70	1131.50	1134.80	1122.20	0.47%
Dec 11, 2009	1119.40	1132.70	1141.40	1110.80	-0.56%
Dec 14, 2009	1123.30	1114.50	1127.50	1114.50	0.35%
Dec 15, 2009	1122.40	1127.90	1128.60	1111.90	-0.08%
Dec 16, 2009	1135.50	1125.70	1140.00	1122.40	1.17%
Dec 17, 2009	1106.80	1141.50	1141.50	1095.70	-2.53%
Dec 18, 2009	1110.80	1098.00	1115.20	1097.80	0.36%
Dec 21, 2009	1095.40	1115.50	1119.20	1090.80	-1.39%
Dec 22, 2009	1086.00	1094.40	1097.40	1075.00	-0.86%
Dec 23, 2009	1093.30	1086.20	1094.60	1080.00	0.67%
Dec 24, 2009	1104.10	1092.00	1105.30	1092.00	0.99%
Dec 28, 2009	1107.20	1111.80	1111.90	1102.80	0.28%
Dec 29, 2009	1097.00	1105.00	1105.20	1097.60	-0.92%
Dec 30, 2009	1091.50	1096.50	1097.10	1086.00	-0.50%
Dec 31, 2009	1095.20	1094.00	1106.10	1094.00	0.34%
Jan 04, 2010	1117.70	1097.10	1122.30	1097.10	2.05%
Jan 05, 2010	1118.10	1122.00	1126.50	1115.00	0.04%
Jan 06, 2010	1135.90	1120.70	1139.20	1120.70	1.59%
Jan 07, 2010	1133.10	1132.10	1133.00	1129.20	-0.25%
Jan 08, 2010	1138.20	1124.90	1136.90	1122.70	0.45%
Jan 11, 2010	1150.70	1143.00	1161.20	1143.00	1.10%
Jan 12, 2010	1128.90	1155.00	1157.20	1127.20	-1.89%
Jan 13, 2010	1136.40	1128.10	1136.40	1121.00	0.66%
Jan 14, 2010	1142.60	1137.00	1145.90	1132.80	0.55%
Jan 15, 2010	1130.10	1132.80	1133.40	1127.20	-1.09%
Jan 19, 2010	1139.70	1131.10	1138.40	1130.50	0.85%
Jan 20, 2010	1112.30	1133.00	1133.00	1109.80	-2.40%
Jan 21, 2010	1102.70	1104.80	1107.50	1089.80	-0.86%
Jan 22, 2010	1089.20	1091.40	1095.40	1083.00	-1.22%
Jan 25, 2010	1095.20	1100.40	1100.40	1095.40	0.55%
Jan 26, 2010	1097.90	1094.70	1094.70	1093.00	0.25%
Jan 27, 2010	1084.40	1094.40	1094.40	1091.00	-1.23%
Jan 28, 2010	1083.60	1087.80	1095.70	1073.20	-0.07%
Jan 29, 2010	1083.00	1085.00	1090.80	1074.50	-0.06%
Feb 01, 2010	1104.30	1081.00	1107.30	1076.80	1.97%
Feb 02, 2010	1117.40	1106.80	1118.50	1100.20	1.19%
Feb 03, 2010	1111.40	1115.80	1124.90	1108.60	-0.54%
Feb 04, 2010	1062.40	1110.00	1110.70	1059.00	-4.41%
Feb 05, 2010	1052.20	1068.30	1068.50	1045.20	-0.96%
Feb 08, 2010	1065.70	1067.50	1073.40	1061.60	1.28%
Feb 09, 2010	1076.70	1063.40	1082.00	1063.10	1.03%
Feb 10, 2010	1075.80	1078.00	1081.10	1063.30	-0.08%
Feb 11, 2010	1094.20	1076.80	1097.10	1075.60	1.71%
Feb 12, 2010	1089.50	1089.60	1092.00	1079.80	-0.43%
Feb 16, 2010	1119.30	1094.80	1120.40	1092.40	2.74%
Feb 17, 2010	1119.50	1116.40	1127.00	1108.50	0.02%
Feb 18, 2010	1118.00	1104.50	1123.70	1100.80	-0.13%
Feb 19, 2010	1121.30	1107.30	1126.20	1099.70	0.30%
Feb 22, 2010	1112.60	1123.40	1127.40	1110.00	-0.78%
Feb 23, 2010	1102.70	1116.40	1118.30	1102.60	-0.89%
Feb 24, 2010	1096.50	1106.20	1106.30	1091.90	-0.56%
Feb 25, 2010	1107.80	1100.60	1108.20	1088.70	1.03%
Feb 26, 2010	1118.30	1106.80	1118.20	1106.80	0.95%
Mar 01, 2010	1117.80	1119.30	1121.90	1113.60	-0.04%
Mar 02, 2010	1136.90	1117.70	1137.40	1115.70	1.71%
Mar 03, 2010	1142.70	1133.70	1145.00	1133.70	0.51%
Mar 04, 2010	1132.60	1134.70	1139.00	1128.60	-0.88%
Mar 05, 2010	1134.80	1131.30	1139.70	1128.00	0.19%
Mar 08, 2010	1123.60	1134.60	1136.30	1119.30	-0.99%
Mar 09, 2010	1122.00	1123.20	1124.00	1113.10	-0.14%
Mar 10, 2010	1107.80	1127.10	1127.10	1106.90	-1.27%
Mar 11, 2010	1108.00	1107.50	1109.00	1101.20	0.02%
Mar 12, 2010	1101.50	1117.40	1117.40	1099.90	-0.59%
Mar 15, 2010	1105.10	1104.20	1107.10	1101.40	0.33%
Mar 16, 2010	1122.20	1114.50	1127.00	1114.50	1.55%
Mar 17, 2010	1124.00	1127.80	1131.40	1118.00	0.16%
Mar 18, 2010	1127.40	1121.10	1127.80	1121.10	0.30%
Mar 19, 2010	1107.40	1124.20	1124.20	1104.20	-1.77%
Mar 22, 2010	1099.30	1102.10	1102.40	1094.80	-0.73%
Mar 23, 2010	1103.50	1094.80	1104.70	1094.80	0.38%
Mar 24, 2010	1088.60	1092.40	1092.40	1085.50	-1.35%
Mar 25, 2010	1092.70	1092.40	1092.40	1085.50	0.38%
Mar 26, 2010	1104.20	1098.40	1098.40	1092.30	1.05%
Mar 29, 2010	1110.30	1110.70	1110.70	1109.40	0.55%
Mar 30, 2010	1104.50	1109.70	1112.90	1101.10	-0.52%
Mar 31, 2010	1113.30	1103.10	1118.70	1102.00	0.80%
Apr 01, 2010	1125.10	1112.90	1127.70	1111.30	1.06%
Apr 05, 2010	1132.90	1122.30	1133.30	1119.90	0.69%
Apr 06, 2010	1135.10	1130.80	1138.50	1122.70	0.19%
Apr 07, 2010	1152.30	1135.80	1153.00	1132.60	1.52%
Apr 08, 2010	1152.20	1146.40	1152.30	1144.00	-0.01%
Apr 09, 2010	1161.10	1150.70	1164.80	1150.50	0.77%
Apr 12, 2010	1161.60	1168.50	1169.00	1154.60	0.04%
Apr 13, 2010	1152.80	1155.50	1157.00	1145.00	-0.76%
Apr 14, 2010	1159.00	1151.20	1160.60	1151.20	0.54%
Apr 15, 2010	1159.70	1157.50	1159.80	1151.00	0.06%
Apr 16, 2010	1136.30	1159.60	1160.00	1130.40	-2.02%
Apr 19, 2010	1135.20	1133.90	1137.10	1124.00	-0.10%
Apr 20, 2010	1138.60	1136.40	1145.80	1136.00	0.30%
Apr 21, 2010	1148.20	1142.60	1150.00	1138.40	0.84%
Apr 22, 2010	1142.30	1144.00	1144.00	1133.60	-0.51%
Apr 23, 2010	1153.10	1139.50	1154.60	1139.10	0.95%
Apr 26, 2010	1153.50	1160.10	1160.10	1151.40	0.03%
Apr 27, 2010	1161.70	1152.80	1170.70	1148.60	0.71%
Apr 28, 2010	1171.30	1166.20	1173.90	1161.10	0.83%
Apr 29, 2010	1168.40	1166.80	1171.20	1164.00	-0.25%
Apr 30, 2010	1180.10	1170.00	1181.30	1170.00	1.00%
May 03, 2010	1182.70	1178.60	1187.50	1177.30	0.22%
May 04, 2010	1168.60	1181.00	1191.80	1168.30	-1.19%
May 05, 2010	1174.60	1167.50	1177.20	1159.20	0.51%
May 06, 2010	1196.90	1175.90	1210.60	1175.90	1.90%
May 07, 2010	1210.00	1205.00	1210.80	1194.60	1.09%
May 10, 2010	1200.40	1202.00	1203.80	1189.20	-0.79%
May 11, 2010	1219.90	1204.20	1233.50	1201.50	1.62%
May 12, 2010	1242.70	1230.60	1246.50	1227.10	1.87%
May 13, 2010	1228.80	1235.30	1240.00	1228.70	-1.12%
May 14, 2010	1227.40	1236.20	1246.20	1217.50	-0.11%
May 17, 2010	1227.70	1233.30	1235.90	1225.20	0.02%
May 18, 2010	1214.30	1214.10	1216.80	1208.20	-1.09%
May 19, 2010	1192.60	1224.10	1226.80	1191.20	-1.79%
May 20, 2010	1187.80	1179.50	1191.80	1179.40	-0.40%
May 21, 2010	1175.70	1182.40	1182.40	1177.00	-1.02%
May 24, 2010	1193.80	1184.00	1191.80	1184.00	1.54%
May 25, 2010	1197.80	1195.60	1200.00	1192.10	0.34%
May 26, 2010	1213.30	1213.30	1213.30	1213.30	1.29%
May 27, 2010	1211.90	1211.70	1218.50	1205.40	-0.12%
May 28, 2010	1212.20	1210.40	1214.80	1201.10	0.02%
Jun 01, 2010	1224.80	1217.00	1228.20	1209.30	1.04%
Jun 02, 2010	1220.60	1224.90	1226.20	1213.00	-0.34%
Jun 03, 2010	1208.30	1223.70	1224.20	1201.00	-1.01%
Jun 04, 2010	1216.20	1207.60	1220.40	1196.90	0.65%
Jun 07, 2010	1239.30	1220.40	1244.70	1211.00	1.90%
Jun 08, 2010	1244.00	1241.50	1252.10	1234.10	0.38%
Jun 09, 2010	1228.50	1237.00	1238.20	1222.00	-1.25%
Jun 10, 2010	1220.80	1232.80	1233.50	1215.10	-0.63%
Jun 11, 2010	1228.90	1219.50	1229.60	1218.00	0.66%
Jun 14, 2010	1223.30	1230.20	1232.70	1217.70	-0.46%
Jun 15, 2010	1233.20	1222.60	1236.00	1222.40	0.81%
Jun 16, 2010	1229.30	1232.00	1237.60	1228.50	-0.32%
Jun 17, 2010	1247.50	1233.90	1251.10	1233.90	1.48%
Jun 18, 2010	1257.20	1247.70	1261.50	1242.90	0.78%
Jun 21, 2010	1239.70	1257.40	1264.80	1232.00	-1.39%
Jun 22, 2010	1239.90	1239.50	1242.80	1232.10	0.02%
Jun 23, 2010	1234.10	1240.20	1245.10	1226.90	-0.47%
Jun 24, 2010	1245.50	1236.40	1248.10	1230.70	0.92%
Jun 25, 2010	1255.80	1246.70	1256.90	1243.70	0.83%
Jun 28, 2010	1238.20	1254.50	1262.00	1238.00	-1.40%
Jun 29, 2010	1242.00	1239.40	1245.00	1228.50	0.31%
Jun 30, 2010	1245.50	1244.20	1246.20	1236.70	0.28%
Jul 01, 2010	1206.30	1241.70	1242.40	1204.20	-3.15%
Jul 02, 2010	1207.40	1201.40	1211.60	1200.80	0.09%
Jul 06, 2010	1194.80	1207.30	1211.80	1190.50	-1.04%
Jul 07, 2010	1198.60	1185.80	1198.70	1185.30	0.32%
Jul 08, 2010	1195.80	1203.30	1203.30	1189.30	-0.23%
Jul 09, 2010	1209.60	1199.20	1213.00	1195.00	1.15%
Jul 12, 2010	1198.50	1206.20	1206.20	1204.00	-0.92%
Jul 13, 2010	1213.30	1205.20	1217.40	1205.20	1.23%
Jul 14, 2010	1206.80	1212.00	1213.80	1202.40	-0.54%
Jul 15, 2010	1208.10	1213.20	1213.20	1208.40	0.11%
Jul 16, 2010	1188.00	1200.90	1201.00	1186.70	-1.66%
Jul 19, 2010	1181.70	1182.20	1182.20	1180.00	-0.53%
Jul 20, 2010	1191.50	1183.20	1191.60	1181.50	0.83%
Jul 21, 2010	1191.60	1190.70	1194.50	1184.10	0.01%
Jul 22, 2010	1195.50	1194.40	1196.00	1194.40	0.33%
Jul 23, 2010	1187.70	1193.70	1198.60	1188.00	-0.65%
Jul 26, 2010	1183.00	1192.60	1192.60	1182.20	-0.40%
Jul 27, 2010	1158.00	1174.00	1174.20	1162.70	-2.11%
Jul 28, 2010	1160.40	1159.80	1159.80	1159.80	0.21%
Jul 29, 2010	1168.40	1163.80	1169.20	1158.70	0.69%
Jul 30, 2010	1181.70	1168.20	1183.10	1165.80	1.14%
Aug 02, 2010	1183.40	1181.80	1191.80	1174.70	0.14%
Aug 03, 2010	1185.20	1183.80	1190.50	1180.00	0.15%
Aug 04, 2010	1193.70	1186.30	1203.00	1186.30	0.72%
Aug 05, 2010	1197.20	1194.30	1199.50	1190.00	0.29%
Aug 06, 2010	1203.40	1195.40	1211.00	1195.30	0.52%
Aug 09, 2010	1200.70	1205.80	1209.60	1199.80	-0.22%
Aug 10, 2010	1196.20	1200.50	1206.50	1191.00	-0.37%
Aug 11, 2010	1197.50	1202.80	1208.00	1193.00	0.11%
Aug 12, 2010	1214.80	1200.50	1215.50	1199.00	1.44%
Aug 13, 2010	1214.90	1212.80	1216.00	1212.50	0.01%
Aug 16, 2010	1224.50	1218.00	1225.40	1218.00	0.79%
Aug 17, 2010	1226.60	1227.40	1227.40	1224.00	0.17%
Aug 18, 2010	1229.70	1226.00	1231.60	1218.00	0.25%
Aug 19, 2010	1233.80	1229.60	1237.60	1228.80	0.33%
Aug 20, 2010	1227.20	1232.50	1232.80	1223.00	-0.53%
Aug 23, 2010	1226.90	1228.90	1228.90	1222.90	-0.02%
Aug 24, 2010	1231.80	1223.00	1234.00	1211.50	0.40%
Aug 25, 2010	1239.50	1230.70	1240.70	1230.70	0.63%
Aug 26, 2010	1235.40	1240.90	1243.30	1235.00	-0.33%
Aug 27, 2010	1236.00	1235.70	1241.90	1234.80	0.05%
Aug 30, 2010	1237.10	1237.10	1237.90	1234.00	0.09%
Aug 31, 2010	1248.30	1237.10	1249.40	1233.00	0.91%
Sep 01, 2010	1246.30	1252.30	1254.30	1243.60	-0.16%
Sep 02, 2010	1251.50	1247.10	1252.50	1246.90	0.42%
Sep 03, 2010	1249.20	1240.00	1247.40	1240.00	-0.18%
Sep 07, 2010	1257.30	1256.10	1258.00	1248.90	0.65%
Sep 08, 2010	1255.60	1260.20	1260.20	1254.70	-0.14%
Sep 09, 2010	1248.90	1253.90	1256.40	1244.10	-0.53%
Sep 10, 2010	1244.50	1239.00	1249.60	1239.00	-0.35%
Sep 13, 2010	1245.10	1242.60	1247.00	1242.60	0.05%
Sep 14, 2010	1269.70	1253.80	1272.40	1253.40	1.98%
Sep 15, 2010	1266.70	1268.40	1269.80	1263.50	-0.24%
Sep 16, 2010	1271.90	1268.70	1275.20	1266.60	0.41%
Sep 17, 2010	1275.60	1275.80	1279.60	1273.80	0.29%
Sep 20, 2010	1279.00	1281.70	1282.00	1279.30	0.27%
Sep 21, 2010	1272.40	1278.20	1289.80	1271.80	-0.52%
Sep 22, 2010	1290.20	1293.50	1294.50	1288.50	1.40%
Sep 23, 2010	1294.30	1289.40	1294.20	1289.40	0.32%
Sep 24, 2010	1296.00	1296.80	1297.40	1294.20	0.13%
Sep 27, 2010	1296.70	1297.80	1297.90	1296.30	0.05%
Sep 28, 2010	1306.60	1287.50	1308.60	1287.50	0.76%
Sep 29, 2010	1308.50	1309.40	1312.50	1305.00	0.15%
Sep 30, 2010	1307.80	1307.20	1315.20	1295.70	-0.05%
Oct 01, 2010	1316.10	1309.00	1320.00	1309.00	0.63%
Oct 04, 2010	1315.40	1318.30	1319.10	1312.00	-0.05%
Oct 05, 2010	1338.90	1312.90	1341.10	1312.90	1.79%
Oct 06, 2010	1346.40	1339.10	1349.00	1339.00	0.56%
Oct 07, 2010	1333.90	1347.90	1363.20	1325.70	-0.93%
Oct 08, 2010	1344.20	1333.50	1348.40	1325.00	0.77%
Oct 11, 2010	1353.30	1346.70	1353.70	1344.00	0.68%
Oct 12, 2010	1345.70	1346.90	1352.20	1343.60	-0.56%
Oct 13, 2010	1369.50	1356.40	1374.00	1355.10	1.77%
Oct 14, 2010	1376.70	1372.80	1383.90	1371.30	0.53%
Oct 15, 2010	1371.10	1379.20	1382.40	1364.70	-0.41%
Oct 18, 2010	1371.20	1358.00	1372.60	1358.00	0.01%
Oct 19, 2010	1335.10	1366.80	1370.50	1328.50	-2.63%
Oct 20, 2010	1343.30	1336.00	1345.80	1334.20	0.61%
Oct 21, 2010	1324.70	1344.20	1346.20	1317.50	-1.38%
Oct 22, 2010	1324.40	1326.70	1328.10	1319.00	-0.02%
Oct 25, 2010	1338.30	1333.60	1349.10	1333.10	1.05%
Oct 26, 2010	1338.00	1341.20	1341.20	1328.30	-0.02%
Oct 27, 2010	1322.20	1341.00	1341.80	1321.10	-1.18%
Oct 28, 2010	1342.10	1327.90	1343.60	1325.90	1.51%
Oct 29, 2010	1357.10	1340.20	1358.70	1336.80	1.12%
Nov 01, 2010	1350.20	1360.30	1360.30	1350.70	-0.51%
Nov 02, 2010	1356.40	1356.80	1356.80	1355.50	0.46%
Nov 03, 2010	1337.10	1351.40	1359.20	1327.50	-1.42%
Nov 04, 2010	1382.70	1368.60	1392.50	1368.60	3.41%
Nov 05, 2010	1397.30	1390.70	1398.00	1378.20	1.06%
Nov 08, 2010	1402.80	1390.50	1409.20	1387.10	0.39%
Nov 09, 2010	1409.80	1405.20	1423.20	1382.90	0.50%
Nov 10, 2010	1399.10	1395.20	1408.10	1384.00	-0.76%
Nov 11, 2010	1403.10	1400.70	1413.50	1397.30	0.29%
Nov 12, 2010	1365.40	1407.90	1407.90	1360.10	-2.69%
Nov 15, 2010	1368.40	1363.70	1372.60	1355.30	0.22%
Nov 16, 2010	1338.30	1356.50	1358.20	1329.50	-2.20%
Nov 17, 2010	1336.80	1336.90	1341.80	1331.30	-0.11%
Nov 18, 2010	1352.90	1349.50	1353.20	1347.70	1.20%
Nov 19, 2010	1352.20	1350.70	1352.00	1344.50	-0.05%
Nov 22, 2010	1357.70	1357.70	1357.70	1357.70	0.41%
Nov 23, 2010	1377.50	1369.40	1376.40	1364.50	1.46%
Nov 24, 2010	1372.90	1377.80	1377.80	1377.80	-0.33%
Nov 26, 2010	1362.30	1372.10	1372.10	1372.10	-0.77%
Nov 29, 2010	1366.00	1364.00	1369.30	1352.60	0.27%
Nov 30, 2010	1385.00	1366.70	1390.10	1362.80	1.39%
Dec 01, 2010	1387.30	1386.80	1396.60	1382.30	0.17%
Dec 02, 2010	1388.50	1387.60	1398.60	1383.30	0.09%
Dec 03, 2010	1405.40	1385.10	1415.10	1385.10	1.22%
Dec 06, 2010	1415.30	1414.00	1428.40	1410.00	0.70%
Dec 07, 2010	1408.30	1424.50	1431.10	1398.00	-0.49%
Dec 08, 2010	1382.50	1402.50	1403.80	1372.00	-1.83%
Dec 09, 2010	1392.10	1380.60	1394.20	1380.50	0.69%
Dec 10, 2010	1384.30	1388.90	1392.00	1373.10	-0.56%
Dec 13, 2010	1397.30	1384.50	1399.20	1383.60	0.94%
Dec 14, 2010	1403.60	1401.90	1407.60	1391.80	0.45%
Dec 15, 2010	1385.50	1394.00	1394.00	1379.50	-1.29%
Dec 16, 2010	1370.40	1380.90	1385.00	1362.50	-1.09%
Dec 17, 2010	1378.60	1376.40	1377.50	1365.90	0.60%
Dec 20, 2010	1385.50	1379.50	1386.70	1376.50	0.50%
Dec 21, 2010	1388.20	1385.80	1390.00	1381.50	0.19%
Dec 22, 2010	1386.80	1388.00	1389.50	1385.00	-0.10%
Dec 23, 2010	1380.00	1388.40	1388.40	1373.70	-0.49%
Dec 27, 2010	1382.40	1373.50	1384.20	1373.50	0.17%
Dec 28, 2010	1405.20	1389.80	1406.70	1389.80	1.65%
Dec 29, 2010	1413.10	1403.40	1412.20	1402.90	0.56%
Dec 30, 2010	1405.60	1413.80	1413.80	1403.10	-0.53%
Dec 31, 2010	1421.10	1405.70	1420.70	1405.70	1.10%
Jan 03, 2011	1422.60	1415.60	1423.90	1413.70	0.11%
Jan 04, 2011	1378.50	1409.60	1410.90	1375.80	-3.10%
Jan 05, 2011	1373.40	1383.40	1384.00	1364.20	-0.37%
Jan 06, 2011	1371.40	1374.80	1376.50	1368.90	-0.15%
Jan 07, 2011	1368.50	1372.70	1377.20	1355.50	-0.21%
Jan 10, 2011	1373.70	1369.00	1374.00	1365.70	0.38%
Jan 11, 2011	1384.00	1375.40	1384.50	1373.90	0.75%
Jan 12, 2011	1385.70	1382.60	1385.50	1378.00	0.12%
Jan 13, 2011	1386.90	1386.10	1392.50	1371.40	0.09%
Jan 14, 2011	1360.40	1375.00	1376.00	1356.70	-1.91%
Jan 18, 2011	1368.10	1365.10	1371.00	1359.20	0.57%
Jan 19, 2011	1370.20	1371.90	1376.20	1367.00	0.15%
Jan 20, 2011	1346.50	1367.70	1367.70	1345.00	-1.73%
Jan 21, 2011	1341.00	1341.70	1345.60	1338.60	-0.41%
Jan 24, 2011	1344.50	1352.30	1352.30	1341.80	0.26%
Jan 25, 2011	1332.30	1330.40	1331.50	1323.60	-0.91%
Jan 26, 2011	1333.00	1339.80	1341.70	1339.80	0.05%
Jan 27, 2011	1318.40	1342.00	1342.00	1318.40	-1.10%
Jan 28, 2011	1340.70	1314.00	1346.60	1307.70	1.69%
Jan 31, 2011	1333.80	1339.00	1345.90	1323.30	-0.51%
Feb 01, 2011	1339.60	1333.10	1342.90	1325.30	0.43%
Feb 02, 2011	1331.50	1344.00	1344.00	1327.00	-0.60%
Feb 03, 2011	1352.30	1335.60	1355.80	1324.90	1.56%
Feb 04, 2011	1348.30	1354.80	1360.00	1345.00	-0.30%
Feb 07, 2011	1347.60	1345.80	1353.80	1343.80	-0.05%
Feb 08, 2011	1363.40	1351.20	1367.00	1350.00	1.17%
Feb 09, 2011	1364.80	1362.80	1366.50	1359.60	0.10%
Feb 10, 2011	1361.90	1364.30	1364.50	1351.70	-0.21%
Feb 11, 2011	1359.90	1364.00	1368.80	1355.20	-0.15%
Feb 14, 2011	1364.60	1357.80	1365.60	1356.60	0.35%
Feb 15, 2011	1373.60	1361.60	1376.00	1361.60	0.66%
Feb 16, 2011	1374.70	1373.60	1382.00	1370.50	0.08%
Feb 17, 2011	1384.70	1377.70	1384.70	1377.00	0.73%
Feb 18, 2011	1388.20	1384.10	1391.80	1381.80	0.25%
Feb 22, 2011	1400.50	1395.10	1408.70	1395.10	0.89%
Feb 23, 2011	1413.40	1397.80	1413.80	1397.80	0.92%
Feb 24, 2011	1415.30	1415.10	1415.30	1408.30	0.13%
Feb 25, 2011	1408.70	1401.70	1411.00	1401.00	-0.47%
Feb 28, 2011	1409.30	1410.70	1415.70	1407.70	0.04%
Mar 01, 2011	1430.70	1415.30	1434.40	1415.30	1.52%
Mar 02, 2011	1437.20	1432.50	1440.50	1428.80	0.45%
Mar 03, 2011	1416.00	1432.30	1432.30	1415.90	-1.48%
Mar 04, 2011	1428.20	1418.90	1429.80	1416.80	0.86%
Mar 07, 2011	1434.10	1434.50	1445.00	1429.50	0.41%
Mar 08, 2011	1426.90	1431.60	1432.60	1424.30	-0.50%
Mar 09, 2011	1429.30	1430.00	1435.70	1426.10	0.17%
Mar 10, 2011	1412.20	1429.50	1429.80	1403.80	-1.20%
Mar 11, 2011	1421.50	1413.70	1422.60	1404.90	0.66%
Mar 14, 2011	1424.60	1420.00	1427.70	1420.00	0.22%
Mar 15, 2011	1392.60	1413.30	1413.30	1385.50	-2.25%
Mar 16, 2011	1396.00	1398.00	1404.20	1394.30	0.24%
Mar 17, 2011	1404.00	1387.70	1393.60	1387.70	0.57%
Mar 18, 2011	1415.90	1406.40	1419.30	1406.40	0.85%
Mar 21, 2011	1426.20	1433.50	1433.50	1430.80	0.73%
Mar 22, 2011	1427.50	1430.40	1430.40	1430.40	0.09%
Mar 23, 2011	1437.90	1432.20	1439.70	1432.20	0.73%
Mar 24, 2011	1434.80	1437.70	1446.90	1437.50	-0.22%
Mar 25, 2011	1426.10	1436.00	1436.00	1436.00	-0.61%
Mar 28, 2011	1419.80	1413.20	1415.60	1413.20	-0.44%
Mar 29, 2011	1416.00	1416.00	1416.00	1416.00	-0.27%
Mar 30, 2011	1423.80	1418.70	1430.30	1412.00	0.55%
Mar 31, 2011	1438.90	1423.30	1440.00	1420.70	1.06%
Apr 01, 2011	1428.10	1433.40	1436.50	1413.00	-0.75%
Apr 04, 2011	1432.20	1429.10	1439.10	1428.80	0.29%
Apr 05, 2011	1451.80	1437.90	1457.60	1430.30	1.37%
Apr 06, 2011	1457.70	1456.90	1462.30	1452.00	0.41%
Apr 07, 2011	1458.50	1459.70	1462.70	1453.90	0.05%
Apr 08, 2011	1473.40	1457.60	1475.50	1457.50	1.02%
Apr 11, 2011	1467.40	1476.00	1476.00	1459.70	-0.41%
Apr 12, 2011	1452.90	1461.80	1467.20	1444.40	-0.99%
Apr 13, 2011	1454.90	1455.00	1462.00	1454.00	0.14%
Apr 14, 2011	1471.70	1456.80	1476.00	1452.70	1.15%
Apr 15, 2011	1485.30	1477.60	1487.50	1473.20	0.92%
Apr 18, 2011	1492.30	1486.30	1497.30	1477.50	0.47%
Apr 19, 2011	1494.50	1493.30	1499.50	1489.00	0.15%
Apr 20, 2011	1498.30	1494.00	1505.30	1494.00	0.25%
Apr 21, 2011	1503.20	1503.70	1508.30	1501.70	0.33%
Apr 25, 2011	1508.60	1513.30	1518.00	1502.80	0.36%
Apr 26, 2011	1503.00	1501.50	1506.30	1495.00	-0.37%
Apr 27, 2011	1516.70	1507.10	1512.80	1505.20	0.91%
Apr 28, 2011	1530.80	1528.60	1536.00	1526.60	0.93%
Apr 29, 2011	1556.00	1538.70	1568.70	1537.30	1.65%
May 02, 2011	1556.70	1572.90	1576.60	1543.10	0.04%
May 03, 2011	1540.10	1542.50	1547.00	1527.50	-1.07%
May 04, 2011	1514.90	1535.00	1539.00	1506.20	-1.64%
May 05, 2011	1480.90	1514.70	1520.70	1471.00	-2.24%
May 06, 2011	1491.20	1473.20	1494.80	1472.30	0.70%
May 09, 2011	1502.90	1501.50	1512.80	1501.30	0.78%
May 10, 2011	1516.60	1508.40	1516.90	1508.40	0.91%
May 11, 2011	1501.10	1524.00	1524.10	1495.20	-1.02%
May 12, 2011	1506.60	1492.10	1502.70	1484.80	0.37%
May 13, 2011	1493.40	1503.50	1511.30	1490.20	-0.88%
May 16, 2011	1490.40	1489.30	1494.90	1489.30	-0.20%
May 17, 2011	1479.80	1489.80	1491.80	1473.00	-0.71%
May 18, 2011	1495.60	1496.40	1497.00	1496.30	1.07%
May 19, 2011	1492.20	1491.50	1491.50	1491.50	-0.23%
May 20, 2011	1508.80	1499.00	1513.30	1488.70	1.11%
May 23, 2011	1515.30	1510.50	1513.00	1507.00	0.43%
May 24, 2011	1523.20	1527.10	1527.10	1521.90	0.52%
May 25, 2011	1526.60	1526.40	1527.50	1526.10	0.22%
May 26, 2011	1522.80	1521.20	1521.20	1519.50	-0.25%
May 27, 2011	1536.30	1519.40	1538.50	1518.40	0.89%
May 31, 2011	1535.90	1536.70	1541.10	1532.40	-0.03%
Jun 01, 2011	1542.40	1535.70	1550.60	1529.70	0.42%
Jun 02, 2011	1532.00	1541.30	1544.50	1520.00	-0.67%
Jun 03, 2011	1541.70	1534.70	1546.30	1525.00	0.63%
Jun 06, 2011	1546.50	1542.90	1553.90	1542.00	0.31%
Jun 07, 2011	1543.30	1545.00	1549.90	1537.20	-0.21%
Jun 08, 2011	1538.10	1544.20	1544.20	1531.30	-0.34%
Jun 09, 2011	1542.10	1536.10	1548.80	1534.40	0.26%
Jun 10, 2011	1528.60	1543.70	1543.90	1526.40	-0.88%
Jun 13, 2011	1515.00	1528.10	1533.00	1511.30	-0.89%
Jun 14, 2011	1523.80	1517.20	1526.20	1513.10	0.58%
Jun 15, 2011	1525.60	1525.00	1533.40	1515.00	0.12%
Jun 16, 2011	1529.30	1526.00	1531.20	1522.00	0.24%
Jun 17, 2011	1538.60	1523.00	1541.60	1523.00	0.61%
Jun 20, 2011	1541.50	1536.00	1545.70	1535.20	0.19%
Jun 21, 2011	1546.00	1540.10	1547.50	1540.00	0.29%
Jun 22, 2011	1552.90	1547.20	1558.50	1544.40	0.45%
Jun 23, 2011	1520.10	1547.20	1547.20	1514.70	-2.11%
Jun 24, 2011	1500.50	1524.70	1525.00	1498.50	-1.29%
Jun 27, 2011	1496.00	1503.50	1503.50	1490.70	-0.30%
Jun 28, 2011	1499.70	1499.90	1505.00	1496.10	0.25%
Jun 29, 2011	1509.90	1504.10	1512.20	1504.10	0.68%
Jun 30, 2011	1502.30	1511.50	1514.00	1498.80	-0.50%
Jul 01, 2011	1482.30	1502.20	1502.20	1480.00	-1.33%
Jul 05, 2011	1512.30	1490.40	1515.00	1490.30	2.02%
Jul 06, 2011	1528.70	1513.70	1532.80	1510.30	1.08%
Jul 07, 2011	1530.20	1529.10	1533.10	1522.70	0.10%
Jul 08, 2011	1541.20	1527.00	1542.60	1526.60	0.72%
Jul 11, 2011	1548.80	1550.00	1555.20	1543.10	0.49%
Jul 12, 2011	1561.90	1548.20	1565.00	1542.00	0.85%
Jul 13, 2011	1585.20	1574.00	1585.60	1570.80	1.49%
Jul 14, 2011	1589.00	1586.30	1592.80	1583.60	0.24%
Jul 15, 2011	1589.80	1582.30	1592.20	1582.30	0.05%
Jul 18, 2011	1602.10	1592.80	1605.00	1592.80	0.77%
Jul 19, 2011	1600.90	1608.10	1608.80	1583.30	-0.07%
Jul 20, 2011	1596.70	1584.30	1596.50	1582.40	-0.26%
Jul 21, 2011	1586.80	1598.00	1601.60	1586.60	-0.62%
Jul 22, 2011	1601.30	1588.50	1606.50	1588.50	0.91%
Jul 25, 2011	1612.00	1610.00	1619.40	1610.00	0.67%
Jul 26, 2011	1616.60	1609.80	1618.50	1609.80	0.29%
Jul 27, 2011	1615.00	1619.70	1622.50	1617.00	-0.10%
Jul 28, 2011	1613.40	1614.20	1620.60	1602.80	-0.10%
Jul 29, 2011	1628.30	1617.10	1634.90	1610.60	0.92%
Aug 01, 2011	1619.00	1623.00	1631.80	1607.00	-0.57%
Aug 02, 2011	1641.90	1619.30	1660.60	1616.80	1.41%
Aug 03, 2011	1663.40	1659.90	1672.30	1651.60	1.31%
Aug 04, 2011	1656.20	1660.50	1681.80	1640.00	-0.43%
Aug 05, 2011	1648.80	1647.50	1666.10	1642.60	-0.45%
Aug 08, 2011	1710.20	1679.10	1720.00	1678.10	3.72%
Aug 09, 2011	1740.00	1722.50	1779.00	1720.10	1.74%
Aug 10, 2011	1781.30	1744.00	1795.60	1741.30	2.37%
Aug 11, 2011	1748.80	1795.10	1813.50	1733.00	-1.82%
Aug 12, 2011	1740.20	1760.60	1764.20	1723.80	-0.49%
Aug 15, 2011	1755.50	1734.90	1765.20	1730.50	0.88%
Aug 16, 2011	1782.40	1769.00	1787.30	1761.60	1.53%
Aug 17, 2011	1791.20	1784.80	1794.30	1782.00	0.49%
Aug 18, 2011	1818.90	1786.50	1828.50	1785.50	1.55%
Aug 19, 2011	1848.90	1823.70	1874.40	1823.70	1.65%
Aug 22, 2011	1888.70	1868.60	1895.00	1858.40	2.15%
Aug 23, 2011	1858.30	1909.00	1909.30	1824.60	-1.61%
Aug 24, 2011	1754.10	1833.00	1853.10	1753.10	-5.61%
Aug 25, 2011	1759.80	1748.40	1772.50	1707.30	0.32%
Aug 26, 2011	1794.10	1768.50	1829.30	1768.50	1.95%
Aug 29, 2011	1788.40	1817.90	1817.90	1786.70	-0.32%
Aug 30, 2011	1826.70	1787.20	1839.60	1783.10	2.14%
Aug 31, 2011	1828.50	1830.60	1837.90	1811.40	0.10%
Sep 01, 2011	1826.00	1825.80	1829.50	1814.10	-0.14%
Sep 02, 2011	1873.70	1828.60	1884.20	1828.60	2.61%
Sep 06, 2011	1869.90	1886.30	1911.60	1864.00	-0.20%
Sep 07, 2011	1814.20	1868.90	1873.70	1792.80	-2.98%
Sep 08, 2011	1854.40	1839.30	1870.00	1835.00	2.22%
Sep 09, 2011	1856.40	1858.10	1881.30	1830.00	0.11%
Sep 12, 2011	1809.90	1852.40	1852.40	1806.00	-2.50%
Sep 13, 2011	1826.80	1817.80	1835.30	1808.10	0.93%
Sep 14, 2011	1823.50	1843.00	1843.00	1809.00	-0.18%
Sep 15, 2011	1778.50	1816.30	1816.30	1775.80	-2.47%
Sep 16, 2011	1812.10	1768.50	1819.10	1768.50	1.89%
Sep 19, 2011	1776.40	1814.70	1818.90	1781.80	-1.97%
Sep 20, 2011	1806.60	1778.80	1807.80	1776.00	1.70%
Sep 21, 2011	1805.50	1808.00	1812.00	1782.80	-0.06%
Sep 22, 2011	1739.20	1773.20	1773.20	1730.90	-3.67%
Sep 23, 2011	1637.50	1737.30	1737.30	1636.30	-5.85%
Sep 26, 2011	1592.50	1646.40	1661.80	1562.40	-2.75%
Sep 27, 2011	1650.60	1653.80	1665.40	1653.70	3.65%
Sep 28, 2011	1616.30	1650.00	1650.00	1650.00	-2.08%
Sep 29, 2011	1615.50	1604.00	1633.80	1585.00	-0.05%
Sep 30, 2011	1620.40	1620.80	1639.40	1609.40	0.30%
Oct 03, 2011	1656.00	1627.80	1660.80	1627.60	2.20%
Oct 04, 2011	1614.70	1661.00	1678.10	1596.60	-2.49%
Oct 05, 2011	1640.30	1629.30	1644.70	1599.60	1.59%
Oct 06, 2011	1651.90	1642.60	1654.70	1637.60	0.71%
Oct 07, 2011	1634.50	1657.00	1665.00	1626.20	-1.05%
Oct 10, 2011	1669.60	1645.60	1676.80	1645.60	2.15%
Oct 11, 2011	1659.70	1669.60	1685.00	1657.60	-0.59%
Oct 12, 2011	1681.30	1665.90	1691.00	1665.90	1.30%
Oct 13, 2011	1667.30	1676.10	1678.80	1656.20	-0.83%
Oct 14, 2011	1681.80	1665.80	1683.30	1665.80	0.87%
Oct 17, 2011	1675.50	1683.60	1693.50	1667.30	-0.37%
Oct 18, 2011	1651.70	1666.00	1666.00	1627.50	-1.42%
Oct 19, 2011	1646.00	1659.30	1659.30	1641.00	-0.35%
Oct 20, 2011	1611.90	1643.20	1643.80	1608.70	-2.07%
Oct 21, 2011	1635.10	1626.10	1647.40	1626.10	1.44%
Oct 24, 2011	1651.50	1646.20	1657.80	1638.80	1.00%
Oct 25, 2011	1699.60	1645.00	1706.80	1645.00	2.91%
Oct 26, 2011	1722.70	1717.00	1723.60	1708.90	1.36%
Oct 27, 2011	1746.70	1717.80	1735.50	1717.80	1.39%
Oct 28, 2011	1746.20	1752.00	1752.00	1733.00	-0.03%
Oct 31, 2011	1724.20	1741.90	1741.90	1716.00	-1.26%
Nov 01, 2011	1711.00	1706.70	1720.10	1682.50	-0.77%
Nov 02, 2011	1728.70	1724.30	1741.40	1723.20	1.03%
Nov 03, 2011	1764.20	1740.50	1766.00	1726.60	2.05%
Nov 04, 2011	1755.30	1757.00	1761.20	1754.90	-0.50%
Nov 07, 2011	1790.30	1771.50	1797.00	1768.70	1.99%
Nov 08, 2011	1798.40	1785.70	1785.70	1785.70	0.45%
Nov 09, 2011	1790.90	1793.00	1793.00	1774.20	-0.42%
Nov 10, 2011	1758.90	1766.80	1766.80	1754.80	-1.79%
Nov 11, 2011	1787.50	1777.00	1789.50	1777.00	1.63%
Nov 14, 2011	1777.80	1779.00	1779.00	1779.00	-0.54%
Nov 15, 2011	1781.70	1779.20	1783.10	1761.30	0.22%
Nov 16, 2011	1773.80	1777.50	1777.50	1757.70	-0.44%
Nov 17, 2011	1719.80	1755.30	1755.30	1714.00	-3.04%
Nov 18, 2011	1724.70	1725.00	1736.00	1719.00	0.28%
Nov 21, 2011	1678.30	1704.60	1704.60	1674.40	-2.69%
Nov 22, 2011	1702.20	1675.40	1679.80	1675.40	1.42%
Nov 23, 2011	1695.70	1691.20	1700.00	1681.60	-0.38%
Nov 25, 2011	1685.50	1690.10	1693.50	1675.30	-0.60%
Nov 28, 2011	1710.80	1710.80	1710.80	1710.80	1.50%
Nov 29, 2011	1713.40	1711.30	1718.40	1704.00	0.15%
Nov 30, 2011	1745.50	1714.00	1749.20	1699.90	1.87%
Dec 01, 2011	1735.30	1747.00	1753.30	1734.50	-0.58%
Dec 02, 2011	1747.00	1744.80	1762.90	1741.60	0.67%
Dec 05, 2011	1730.70	1748.90	1752.60	1718.70	-0.93%
Dec 06, 2011	1727.90	1722.10	1731.80	1703.00	-0.16%
Dec 07, 2011	1740.90	1730.60	1741.90	1720.00	0.75%
Dec 08, 2011	1709.80	1742.00	1752.30	1705.40	-1.79%
Dec 09, 2011	1712.80	1713.30	1720.70	1705.70	0.18%
Dec 12, 2011	1664.20	1707.50	1708.20	1658.50	-2.84%
Dec 13, 2011	1659.90	1654.70	1671.80	1628.00	-0.26%
Dec 14, 2011	1584.30	1636.50	1639.50	1565.80	-4.55%
Dec 15, 2011	1574.60	1571.40	1592.80	1565.60	-0.61%
Dec 16, 2011	1595.60	1587.40	1595.90	1586.00	1.33%
Dec 19, 2011	1594.40	1596.40	1603.40	1589.70	-0.08%
Dec 20, 2011	1615.60	1596.40	1617.00	1596.40	1.33%
Dec 21, 2011	1611.90	1615.60	1635.00	1608.30	-0.23%
Dec 22, 2011	1608.90	1608.80	1610.00	1601.90	-0.19%
Dec 23, 2011	1604.70	1612.00	1612.80	1605.80	-0.26%
Dec 27, 2011	1594.20	1599.00	1599.00	1592.60	-0.65%
Dec 28, 2011	1562.90	1584.90	1588.60	1561.30	-1.96%
Dec 29, 2011	1539.90	1559.30	1559.30	1525.00	-1.47%
Dec 30, 2011	1565.80	1549.40	1579.50	1547.90	1.68%
Jan 03, 2012	1599.70	1568.90	1604.30	1566.00	2.17%
Jan 04, 2012	1611.90	1596.60	1618.60	1594.50	0.76%
Jan 05, 2012	1619.40	1610.80	1624.10	1597.80	0.47%
Jan 06, 2012	1616.10	1622.50	1627.80	1618.60	-0.20%
Jan 09, 2012	1607.50	1614.30	1620.10	1607.80	-0.53%
Jan 10, 2012	1631.00	1619.90	1639.00	1619.90	1.46%
Jan 11, 2012	1639.20	1634.80	1645.40	1633.80	0.50%
Jan 12, 2012	1647.30	1645.20	1656.10	1645.20	0.49%
Jan 13, 2012	1630.40	1638.90	1643.40	1632.40	-1.03%
Jan 17, 2012	1655.20	1643.70	1657.80	1642.10	1.52%
Jan 18, 2012	1659.50	1654.00	1660.30	1654.00	0.26%
Jan 19, 2012	1654.10	1663.00	1664.40	1653.50	-0.33%
Jan 20, 2012	1663.70	1652.80	1664.30	1652.80	0.58%
Jan 23, 2012	1678.00	1676.90	1680.00	1669.90	0.86%
Jan 24, 2012	1664.20	1666.90	1668.20	1664.40	-0.82%
Jan 25, 2012	1699.80	1673.00	1706.20	1658.30	2.14%
Jan 26, 2012	1726.30	1729.00	1729.00	1721.00	1.56%
Jan 27, 2012	1731.80	1727.00	1734.10	1724.40	0.32%
Jan 30, 2012	1731.00	1737.20	1739.90	1715.70	-0.05%
Jan 31, 2012	1737.80	1731.70	1747.70	1725.00	0.39%
Feb 01, 2012	1747.10	1738.20	1751.10	1734.00	0.54%
Feb 02, 2012	1756.80	1745.10	1761.10	1742.90	0.56%
Feb 03, 2012	1737.90	1758.70	1761.30	1724.50	-1.08%
Feb 06, 2012	1722.80	1728.00	1738.30	1713.30	-0.87%
Feb 07, 2012	1746.40	1722.00	1748.00	1713.20	1.37%
Feb 08, 2012	1729.30	1744.00	1751.50	1728.20	-0.98%
Feb 09, 2012	1739.00	1731.40	1749.70	1726.10	0.56%
Feb 10, 2012	1723.30	1732.70	1734.40	1706.40	-0.90%
Feb 13, 2012	1723.00	1725.00	1733.00	1718.40	-0.02%
Feb 14, 2012	1715.90	1720.00	1724.90	1715.00	-0.41%
Feb 15, 2012	1726.30	1723.60	1737.00	1723.60	0.61%
Feb 16, 2012	1726.80	1718.40	1728.40	1707.00	0.03%
Feb 17, 2012	1724.50	1733.60	1735.10	1718.80	-0.13%
Feb 21, 2012	1757.10	1736.10	1760.00	1733.60	1.89%
Feb 22, 2012	1770.00	1758.70	1781.90	1750.00	0.73%
Feb 23, 2012	1784.90	1774.00	1786.00	1773.00	0.84%
Feb 24, 2012	1775.10	1778.50	1780.70	1771.30	-0.55%
Feb 27, 2012	1773.60	1773.60	1775.60	1768.10	-0.08%
Feb 28, 2012	1787.00	1767.90	1789.40	1767.90	0.76%
Feb 29, 2012	1709.90	1789.90	1790.40	1669.00	-4.31%
Mar 01, 2012	1721.10	1698.60	1724.60	1698.60	0.66%
Mar 02, 2012	1708.80	1723.00	1723.00	1705.20	-0.71%
Mar 05, 2012	1703.00	1705.50	1709.50	1695.40	-0.34%
Mar 06, 2012	1671.40	1708.70	1708.70	1666.00	-1.86%
Mar 07, 2012	1683.30	1676.00	1684.00	1673.10	0.71%
Mar 08, 2012	1698.10	1686.40	1702.40	1686.40	0.88%
Mar 09, 2012	1710.90	1698.80	1706.00	1680.70	0.75%
Mar 12, 2012	1699.20	1708.10	1708.10	1694.90	-0.68%
Mar 13, 2012	1693.70	1698.40	1701.70	1685.10	-0.32%
Mar 14, 2012	1642.50	1676.90	1681.00	1637.40	-3.02%
Mar 15, 2012	1659.10	1646.30	1660.20	1640.00	1.01%
Mar 16, 2012	1655.50	1660.00	1663.40	1641.30	-0.22%
Mar 19, 2012	1666.90	1661.20	1668.00	1652.10	0.69%
Mar 20, 2012	1646.70	1648.10	1652.30	1642.00	-1.21%
Mar 21, 2012	1650.00	1657.80	1660.00	1646.10	0.20%
Mar 22, 2012	1642.30	1648.00	1649.40	1633.80	-0.47%
Mar 23, 2012	1662.30	1652.50	1665.10	1646.30	1.22%
Mar 26, 2012	1685.50	1665.00	1692.90	1657.80	1.40%
Mar 27, 2012	1684.80	1687.80	1690.80	1684.40	-0.04%
Mar 28, 2012	1657.90	1670.10	1670.10	1665.00	-1.60%
Mar 29, 2012	1652.20	1661.80	1664.50	1644.30	-0.34%
Mar 30, 2012	1669.30	1660.60	1670.00	1659.00	1.03%
Apr 02, 2012	1677.50	1670.40	1682.80	1662.00	0.49%
Apr 03, 2012	1670.00	1677.60	1679.50	1638.70	-0.45%
Apr 04, 2012	1612.30	1646.50	1647.00	1613.00	-3.46%
Apr 05, 2012	1628.50	1620.80	1633.20	1620.40	1.00%
Apr 09, 2012	1642.50	1645.30	1646.40	1636.50	0.86%
Apr 10, 2012	1659.50	1649.00	1661.70	1636.20	1.04%
Apr 11, 2012	1659.00	1654.80	1659.70	1654.70	-0.03%
Apr 12, 2012	1679.50	1660.00	1680.10	1650.00	1.24%
Apr 13, 2012	1659.10	1673.30	1674.80	1650.00	-1.21%
Apr 16, 2012	1648.70	1650.80	1656.80	1641.20	-0.63%
Apr 17, 2012	1650.30	1652.00	1653.00	1637.00	0.10%
Apr 18, 2012	1638.80	1653.20	1653.30	1638.10	-0.70%
Apr 19, 2012	1640.60	1642.10	1653.10	1632.00	0.11%
Apr 20, 2012	1642.10	1641.70	1645.60	1640.90	0.09%
Apr 23, 2012	1631.90	1642.40	1642.40	1625.10	-0.62%
Apr 24, 2012	1643.00	1634.40	1648.60	1634.40	0.68%
Apr 25, 2012	1641.40	1641.30	1643.80	1626.90	-0.10%
Apr 26, 2012	1659.60	1658.30	1658.70	1658.30	1.11%
Apr 27, 2012	1664.00	1654.50	1666.90	1654.00	0.27%
Apr 30, 2012	1663.40	1663.00	1665.70	1653.00	-0.04%
May 01, 2012	1661.70	1665.00	1670.50	1661.70	-0.10%
May 02, 2012	1653.40	1659.20	1659.20	1648.30	-0.50%
May 03, 2012	1634.20	1651.20	1652.20	1631.30	-1.16%
May 04, 2012	1644.70	1635.70	1645.60	1629.40	0.64%
May 07, 2012	1638.60	1637.90	1640.00	1632.60	-0.37%
May 08, 2012	1604.00	1636.70	1636.70	1596.00	-2.11%
May 09, 2012	1593.70	1595.30	1595.30	1586.30	-0.64%
May 10, 2012	1595.10	1594.20	1594.40	1592.40	0.09%
May 11, 2012	1583.60	1586.10	1589.60	1586.10	-0.72%
May 14, 2012	1560.60	1563.00	1563.10	1555.50	-1.45%
May 15, 2012	1556.80	1555.40	1558.30	1542.40	-0.24%
May 16, 2012	1536.20	1541.40	1541.40	1528.50	-1.32%
May 17, 2012	1574.50	1546.90	1579.00	1546.90	2.49%
May 18, 2012	1591.60	1573.70	1590.80	1568.20	1.09%
May 21, 2012	1588.40	1591.90	1594.10	1591.90	-0.20%
May 22, 2012	1576.30	1575.70	1591.10	1568.40	-0.76%
May 23, 2012	1548.10	1538.20	1538.20	1534.40	-1.79%
May 24, 2012	1557.30	1559.00	1569.40	1551.50	0.59%
May 25, 2012	1568.80	1558.20	1568.00	1557.30	0.74%
May 29, 2012	1548.60	1574.70	1582.50	1574.70	-1.29%
May 30, 2012	1563.40	1553.90	1569.00	1530.40	0.96%
May 31, 2012	1562.60	1562.70	1572.60	1551.80	-0.05%
Jun 01, 2012	1620.50	1560.00	1630.00	1545.50	3.71%
Jun 04, 2012	1612.20	1623.00	1627.90	1609.00	-0.51%
Jun 05, 2012	1615.20	1619.30	1622.70	1612.90	0.19%
Jun 06, 2012	1632.80	1619.70	1639.70	1616.50	1.09%
Jun 07, 2012	1586.60	1622.60	1627.20	1581.90	-2.83%
Jun 08, 2012	1590.10	1589.90	1593.90	1566.50	0.22%
Jun 11, 2012	1595.50	1608.00	1608.00	1583.00	0.34%
Jun 12, 2012	1612.70	1594.10	1612.80	1588.50	1.08%
Jun 13, 2012	1618.10	1608.20	1622.40	1608.20	0.33%
Jun 14, 2012	1618.40	1621.20	1626.40	1610.10	0.02%
Jun 15, 2012	1627.00	1624.30	1630.00	1621.50	0.53%
Jun 18, 2012	1625.70	1622.60	1627.60	1615.00	-0.08%
Jun 19, 2012	1622.20	1629.80	1630.70	1622.00	-0.22%
Jun 20, 2012	1614.80	1618.30	1618.30	1598.60	-0.46%
Jun 21, 2012	1564.50	1603.20	1603.30	1565.50	-3.11%
Jun 22, 2012	1566.00	1565.50	1569.30	1560.00	0.10%
Jun 25, 2012	1587.50	1574.90	1587.30	1571.00	1.37%
Jun 26, 2012	1574.00	1583.50	1583.50	1567.70	-0.85%
Jun 27, 2012	1577.50	1567.00	1571.60	1563.00	0.22%
Jun 28, 2012	1549.70	1573.70	1573.70	1548.40	-1.76%
Jun 29, 2012	1603.50	1562.60	1600.40	1561.90	3.47%
Jul 02, 2012	1597.20	1597.10	1598.30	1589.70	-0.39%
Jul 03, 2012	1621.30	1603.80	1624.00	1603.80	1.51%
Jul 05, 2012	1608.90	1618.50	1619.20	1598.00	-0.76%
Jul 06, 2012	1578.40	1592.30	1593.80	1587.00	-1.90%
Jul 09, 2012	1588.60	1582.10	1582.10	1580.90	0.65%
Jul 10, 2012	1579.30	1599.20	1599.80	1567.60	-0.59%
Jul 11, 2012	1575.20	1577.40	1579.50	1575.30	-0.26%
Jul 12, 2012	1564.90	1569.30	1574.70	1557.20	-0.65%
Jul 13, 2012	1591.60	1567.80	1594.10	1567.80	1.71%
Jul 16, 2012	1591.20	1586.20	1589.70	1585.80	-0.03%
Jul 17, 2012	1589.10	1596.00	1596.00	1576.30	-0.13%
Jul 18, 2012	1570.40	1581.20	1583.70	1569.90	-1.18%
Jul 19, 2012	1580.10	1580.00	1586.90	1578.40	0.62%
Jul 20, 2012	1582.50	1583.90	1584.40	1576.10	0.15%
Jul 23, 2012	1577.10	1571.70	1572.00	1569.80	-0.34%
Jul 24, 2012	1576.00	1574.00	1581.90	1574.00	-0.07%
Jul 25, 2012	1608.00	1583.70	1603.90	1583.30	2.03%
Jul 26, 2012	1615.00	1614.90	1614.90	1614.10	0.44%
Jul 27, 2012	1617.90	1613.40	1613.40	1613.40	0.18%
Jul 30, 2012	1619.70	1622.90	1625.80	1613.10	0.11%
Jul 31, 2012	1610.50	1621.10	1627.50	1610.00	-0.57%
Aug 01, 2012	1603.70	1613.40	1617.60	1592.00	-0.42%
Aug 02, 2012	1587.40	1600.00	1615.00	1583.10	-1.02%
Aug 03, 2012	1606.00	1589.30	1605.70	1585.10	1.17%
Aug 06, 2012	1612.90	1604.70	1614.10	1603.20	0.43%
Aug 07, 2012	1609.70	1610.80	1615.70	1609.00	-0.20%
Aug 08, 2012	1612.90	1610.20	1614.80	1603.00	0.20%
Aug 09, 2012	1617.10	1612.80	1617.10	1610.10	0.26%
Aug 10, 2012	1619.70	1615.80	1624.10	1605.00	0.16%
Aug 13, 2012	1609.60	1622.00	1623.70	1607.30	-0.62%
Aug 14, 2012	1599.40	1612.80	1615.60	1591.20	-0.63%
Aug 15, 2012	1603.70	1593.80	1604.60	1592.00	0.27%
Aug 16, 2012	1616.10	1600.20	1615.70	1600.20	0.77%
Aug 17, 2012	1616.30	1617.80	1617.80	1611.40	0.01%
Aug 20, 2012	1620.10	1614.00	1621.40	1611.60	0.24%
Aug 21, 2012	1639.90	1620.00	1639.00	1620.00	1.22%
Aug 22, 2012	1637.40	1638.40	1653.10	1635.00	-0.15%
Aug 23, 2012	1669.60	1659.90	1672.70	1658.00	1.97%
Aug 24, 2012	1669.80	1665.80	1669.60	1662.20	0.01%
Aug 27, 2012	1672.40	1674.90	1675.40	1663.90	0.16%
Aug 28, 2012	1666.50	1659.90	1671.00	1659.20	-0.35%
Aug 29, 2012	1659.80	1667.20	1667.30	1665.20	-0.40%
Aug 30, 2012	1653.50	1655.40	1662.00	1650.70	-0.38%
Aug 31, 2012	1684.60	1658.60	1690.00	1646.20	1.88%
Sep 04, 2012	1692.90	1689.10	1698.00	1687.70	0.49%
Sep 05, 2012	1690.80	1690.40	1693.30	1690.40	-0.12%
Sep 06, 2012	1702.60	1696.40	1712.40	1696.40	0.70%
Sep 07, 2012	1737.50	1696.70	1738.20	1696.70	2.05%
Sep 10, 2012	1728.70	1733.10	1733.50	1727.20	-0.51%
Sep 11, 2012	1731.80	1736.00	1736.00	1735.80	0.18%
Sep 12, 2012	1730.60	1742.20	1742.30	1730.50	-0.07%
Sep 13, 2012	1769.10	1728.70	1767.50	1728.70	2.22%
Sep 14, 2012	1769.80	1771.00	1774.50	1766.00	0.04%
Sep 17, 2012	1767.70	1774.80	1774.80	1753.80	-0.12%
Sep 18, 2012	1768.40	1766.30	1766.40	1766.30	0.04%
Sep 19, 2012	1769.00	1776.00	1778.50	1768.00	0.03%
Sep 20, 2012	1767.70	1769.10	1771.30	1759.70	-0.07%
Sep 21, 2012	1775.50	1785.30	1785.30	1772.30	0.44%
Sep 24, 2012	1762.10	1762.10	1762.10	1762.10	-0.75%
Sep 25, 2012	1763.80	1772.60	1772.70	1772.60	0.10%
Sep 26, 2012	1750.60	1762.80	1764.20	1737.60	-0.75%
Sep 27, 2012	1777.60	1752.60	1780.20	1750.70	1.54%
Sep 28, 2012	1771.10	1776.80	1782.20	1767.50	-0.37%
Oct 01, 2012	1780.50	1766.00	1791.00	1763.30	0.53%
Oct 02, 2012	1772.70	1777.90	1779.30	1773.10	-0.44%
Oct 03, 2012	1777.30	1772.20	1779.90	1771.90	0.26%
Oct 04, 2012	1794.10	1783.50	1794.80	1783.50	0.95%
Oct 05, 2012	1778.60	1792.20	1792.20	1776.60	-0.86%
Oct 08, 2012	1773.50	1778.00	1778.00	1766.80	-0.29%
Oct 09, 2012	1763.00	1776.70	1776.70	1762.30	-0.59%
Oct 10, 2012	1763.20	1762.40	1764.20	1758.10	0.01%
Oct 11, 2012	1768.80	1761.60	1771.00	1761.60	0.32%
Oct 12, 2012	1758.00	1769.50	1769.50	1753.60	-0.61%
Oct 15, 2012	1736.00	1750.00	1750.00	1729.90	-1.25%
Oct 16, 2012	1744.70	1736.70	1744.40	1736.60	0.50%
Oct 17, 2012	1751.50	1749.40	1750.70	1746.00	0.39%
Oct 18, 2012	1743.30	1749.10	1749.10	1740.50	-0.47%
Oct 19, 2012	1722.80	1741.10	1741.10	1721.00	-1.18%
Oct 22, 2012	1725.10	1715.00	1728.30	1715.00	0.13%
Oct 23, 2012	1708.30	1726.60	1728.50	1708.40	-0.97%
Oct 24, 2012	1700.50	1708.40	1708.50	1698.60	-0.46%
Oct 25, 2012	1712.00	1711.70	1716.70	1711.70	0.68%
Oct 26, 2012	1710.90	1706.10	1716.20	1706.10	-0.06%
Oct 29, 2012	1707.70	1712.00	1712.00	1707.00	-0.19%
Oct 30, 2012	1710.50	1709.10	1714.40	1709.00	0.16%
Oct 31, 2012	1717.50	1714.40	1724.50	1714.40	0.41%
Nov 01, 2012	1714.10	1722.30	1725.10	1714.90	-0.20%
Nov 02, 2012	1674.10	1711.30	1711.30	1674.30	-2.33%
Nov 05, 2012	1682.20	1682.80	1683.10	1674.30	0.48%
Nov 06, 2012	1714.10	1690.10	1718.00	1690.10	1.90%
Nov 07, 2012	1713.20	1707.70	1726.50	1703.70	-0.05%
Nov 08, 2012	1725.40	1715.90	1729.60	1714.20	0.71%
Nov 09, 2012	1730.30	1733.70	1734.10	1727.60	0.28%
Nov 12, 2012	1730.30	1733.20	1734.90	1733.20	0.00%
Nov 13, 2012	1724.20	1721.60	1728.20	1718.50	-0.35%
Nov 14, 2012	1729.50	1722.00	1727.70	1722.00	0.31%
Nov 15, 2012	1713.30	1724.90	1724.90	1706.30	-0.94%
Nov 16, 2012	1714.30	1710.00	1713.80	1706.90	0.06%
Nov 19, 2012	1734.00	1721.80	1731.00	1721.80	1.15%
Nov 20, 2012	1723.20	1730.60	1731.10	1722.50	-0.62%
Nov 21, 2012	1727.90	1725.80	1725.80	1725.80	0.27%
Nov 23, 2012	1751.30	1735.00	1735.00	1735.00	1.35%
Nov 26, 2012	1749.50	1750.30	1750.50	1749.40	-0.10%
Nov 27, 2012	1742.20	1746.40	1746.40	1745.20	-0.42%
Nov 28, 2012	1716.50	1739.80	1739.80	1716.30	-1.48%
Nov 29, 2012	1727.20	1719.60	1729.00	1717.70	0.62%
Nov 30, 2012	1710.90	1725.20	1731.20	1708.40	-0.94%
Dec 03, 2012	1719.60	1714.90	1721.90	1714.50	0.51%
Dec 04, 2012	1694.40	1716.30	1716.80	1691.60	-1.47%
Dec 05, 2012	1692.40	1697.10	1706.00	1685.00	-0.12%
Dec 06, 2012	1700.30	1694.30	1702.10	1686.40	0.47%
Dec 07, 2012	1704.00	1701.20	1704.50	1684.00	0.22%
Dec 10, 2012	1713.00	1704.20	1717.00	1704.20	0.53%
Dec 11, 2012	1708.20	1710.00	1714.10	1705.90	-0.28%
Dec 12, 2012	1716.60	1710.10	1722.30	1708.00	0.49%
Dec 13, 2012	1695.60	1707.20	1707.20	1689.90	-1.22%
Dec 14, 2012	1695.80	1698.30	1699.20	1694.40	0.01%
Dec 17, 2012	1697.00	1690.50	1698.50	1689.50	0.07%
Dec 18, 2012	1669.50	1701.40	1702.80	1661.00	-1.62%
Dec 19, 2012	1666.50	1675.30	1676.00	1664.60	-0.18%
Dec 20, 2012	1644.90	1667.90	1671.00	1637.60	-1.30%
Dec 21, 2012	1659.10	1648.00	1656.70	1635.80	0.86%
Dec 24, 2012	1658.60	1657.70	1663.80	1654.90	-0.03%
Dec 26, 2012	1659.80	1654.50	1666.70	1654.50	0.07%
Dec 27, 2012	1662.60	1656.20	1662.10	1656.20	0.17%
Dec 28, 2012	1654.90	1664.00	1664.00	1653.70	-0.46%
Dec 31, 2012	1674.80	1655.40	1677.10	1655.40	1.20%
Jan 02, 2013	1687.90	1672.80	1693.80	1670.00	0.78%
Jan 03, 2013	1673.70	1686.10	1686.80	1662.00	-0.84%
Jan 04, 2013	1648.10	1647.00	1658.30	1625.70	-1.53%
Jan 07, 2013	1645.50	1656.50	1659.90	1643.80	-0.16%
Jan 08, 2013	1661.50	1647.70	1659.50	1647.70	0.97%
Jan 09, 2013	1654.80	1658.60	1662.10	1651.20	-0.40%
Jan 10, 2013	1677.30	1672.50	1673.80	1672.50	1.36%
Jan 11, 2013	1660.00	1673.10	1673.10	1654.20	-1.03%
Jan 14, 2013	1668.90	1665.40	1673.80	1664.10	0.54%
Jan 15, 2013	1683.40	1671.60	1684.30	1671.60	0.87%
Jan 16, 2013	1682.70	1674.40	1680.50	1674.40	-0.04%
Jan 17, 2013	1690.40	1676.40	1694.60	1671.00	0.46%
Jan 18, 2013	1686.60	1687.40	1692.00	1687.30	-0.22%
Jan 22, 2013	1692.80	1690.30	1694.70	1687.80	0.37%
Jan 23, 2013	1686.30	1691.30	1693.70	1685.20	-0.38%
Jan 24, 2013	1669.50	1680.80	1681.70	1668.00	-1.00%
Jan 25, 2013	1656.40	1663.00	1663.00	1657.20	-0.78%
Jan 28, 2013	1652.40	1651.60	1655.50	1651.60	-0.24%
Jan 29, 2013	1660.70	1661.20	1661.50	1660.70	0.50%
Jan 30, 2013	1679.90	1662.40	1683.20	1661.80	1.16%
Jan 31, 2013	1660.60	1675.40	1680.00	1657.40	-1.15%
Feb 01, 2013	1669.40	1663.90	1681.20	1659.90	0.53%
Feb 04, 2013	1675.30	1668.00	1676.50	1661.60	0.35%
Feb 05, 2013	1672.40	1674.20	1683.40	1666.50	-0.17%
Feb 06, 2013	1677.70	1672.20	1678.50	1668.00	0.32%
Feb 07, 2013	1670.40	1677.00	1682.10	1663.10	-0.44%
Feb 08, 2013	1666.00	1671.50	1672.50	1664.80	-0.26%
Feb 11, 2013	1648.20	1666.50	1668.00	1643.70	-1.07%
Feb 12, 2013	1648.70	1643.80	1650.40	1642.40	0.03%
Feb 13, 2013	1644.20	1652.20	1652.30	1640.20	-0.27%
Feb 14, 2013	1634.70	1641.10	1646.90	1632.70	-0.58%
Feb 15, 2013	1608.80	1633.20	1633.90	1599.50	-1.58%
Feb 19, 2013	1603.60	1610.00	1617.00	1599.70	-0.32%
Feb 20, 2013	1577.60	1604.70	1606.90	1561.80	-1.62%
Feb 21, 2013	1578.20	1568.50	1581.20	1554.50	0.04%
Feb 22, 2013	1572.40	1580.00	1585.40	1572.30	-0.37%
Feb 25, 2013	1586.20	1579.40	1596.00	1577.70	0.88%
Feb 26, 2013	1615.20	1593.30	1609.00	1589.00	1.83%
Feb 27, 2013	1595.20	1612.80	1612.80	1591.80	-1.24%
Feb 28, 2013	1577.70	1596.00	1601.60	1575.10	-1.10%
Mar 01, 2013	1571.90	1579.60	1585.60	1566.00	-0.37%
Mar 04, 2013	1572.10	1580.80	1580.80	1569.70	0.01%
Mar 05, 2013	1574.60	1577.60	1585.50	1571.40	0.16%
Mar 06, 2013	1574.60	1577.60	1582.60	1566.80	0.00%
Mar 07, 2013	1574.80	1580.00	1583.50	1573.90	0.01%
Mar 08, 2013	1576.60	1578.60	1581.20	1561.80	0.11%
Mar 11, 2013	1577.80	1576.00	1579.70	1576.00	0.08%
Mar 12, 2013	1591.50	1579.80	1595.60	1579.80	0.87%
Mar 13, 2013	1588.30	1592.30	1596.00	1585.00	-0.20%
Mar 14, 2013	1590.60	1585.70	1587.90	1575.70	0.14%
Mar 15, 2013	1592.50	1590.50	1594.40	1590.20	0.12%
Mar 18, 2013	1604.60	1605.90	1607.70	1601.60	0.76%
Mar 19, 2013	1611.30	1613.10	1613.10	1613.00	0.42%
Mar 20, 2013	1607.50	1610.00	1613.00	1606.20	-0.24%
Mar 21, 2013	1613.80	1612.80	1613.00	1611.90	0.39%
Mar 22, 2013	1606.20	1611.00	1611.00	1604.10	-0.47%
Mar 25, 2013	1604.60	1607.10	1607.80	1596.10	-0.10%
Mar 26, 2013	1595.80	1595.80	1595.80	1595.80	-0.55%
Mar 27, 2013	1606.20	1598.50	1608.10	1590.30	0.65%
Mar 28, 2013	1594.80	1604.70	1606.60	1593.60	-0.71%
Apr 01, 2013	1600.00	1596.80	1600.50	1594.80	0.33%
Apr 02, 2013	1575.10	1599.20	1602.60	1574.10	-1.56%
Apr 03, 2013	1552.80	1575.70	1576.40	1549.20	-1.42%
Apr 04, 2013	1551.80	1557.30	1557.30	1539.10	-0.06%
Apr 05, 2013	1575.40	1553.20	1580.60	1550.10	1.52%
Apr 08, 2013	1572.00	1575.80	1580.60	1567.60	-0.22%
Apr 09, 2013	1586.20	1571.60	1589.30	1570.00	0.90%
Apr 10, 2013	1558.30	1584.40	1586.00	1557.00	-1.76%
Apr 11, 2013	1564.30	1557.10	1566.70	1554.80	0.39%
Apr 12, 2013	1501.00	1560.80	1560.80	1480.20	-4.05%
Apr 15, 2013	1360.60	1478.20	1487.40	1338.00	-9.35%
Apr 16, 2013	1386.80	1358.00	1401.00	1323.00	1.93%
Apr 17, 2013	1382.20	1373.20	1394.20	1370.20	-0.33%
Apr 18, 2013	1392.00	1347.50	1396.40	1347.50	0.71%
Apr 19, 2013	1395.30	1419.30	1420.30	1395.10	0.24%
Apr 22, 2013	1421.00	1406.80	1434.90	1406.80	1.84%
Apr 23, 2013	1408.60	1429.50	1429.50	1405.80	-0.87%
Apr 24, 2013	1423.40	1423.20	1430.10	1420.40	1.05%
Apr 25, 2013	1461.80	1433.00	1458.30	1433.00	2.70%
Apr 26, 2013	1462.70	1467.40	1480.00	1451.40	0.06%
Apr 29, 2013	1467.40	1462.70	1475.50	1462.30	0.32%
Apr 30, 2013	1472.20	1471.10	1476.60	1461.00	0.33%
May 01, 2013	1446.30	1475.80	1477.10	1440.00	-1.76%
May 02, 2013	1467.70	1459.00	1471.20	1453.50	1.48%
May 03, 2013	1464.30	1465.50	1487.10	1461.40	-0.23%
May 05, 2013	1469.95	1469.55	1469.95	1467.85	0.39%
May 06, 2013	1466.95	1469.85	1478.15	1464.25	-0.20%
May 07, 2013	1449.35	1466.35	1469.45	1440.55	-1.20%
May 08, 2013	1471.05	1449.45	1475.55	1446.95	1.50%
May 09, 2013	1454.55	1471.15	1474.85	1452.45	-1.12%
May 10, 2013	1446.65	1454.65	1461.15	1418.65	-0.54%
May 12, 2013	1436.65	1448.05	1448.05	1436.15	-0.69%
May 13, 2013	1434.15	1436.55	1438.65	1424.95	-0.17%
May 14, 2013	1428.75	1433.95	1444.15	1419.95	-0.38%
May 15, 2013	1394.95	1428.35	1428.55	1388.05	-2.37%
May 16, 2013	1385.55	1394.55	1396.65	1368.05	-0.67%
May 17, 2013	1357.75	1385.45	1391.25	1353.85	-2.01%
May 19, 2013	1346.85	1360.35	1363.05	1337.75	-0.80%
May 20, 2013	1387.25	1346.75	1397.25	1337.85	3.00%
May 21, 2013	1375.55	1387.35	1399.55	1358.15	-0.84%
May 22, 2013	1362.05	1375.75	1413.05	1353.55	-0.98%
May 23, 2013	1386.75	1361.85	1396.55	1355.55	1.81%
May 24, 2013	1385.25	1387.05	1396.85	1381.25	-0.11%
May 26, 2013	1385.85	1387.95	1388.45	1384.05	0.04%
May 27, 2013	1395.95	1385.95	1396.15	1384.15	0.73%
May 28, 2013	1380.25	1395.85	1401.05	1373.25	-1.12%
May 29, 2013	1392.15	1380.15	1394.95	1379.85	0.86%
May 30, 2013	1414.85	1391.85	1417.65	1388.55	1.63%
May 31, 2013	1387.35	1414.95	1421.25	1384.45	-1.94%
Jun 02, 2013	1394.05	1389.15	1394.35	1388.55	0.48%
Jun 03, 2013	1412.05	1394.15	1416.35	1390.45	1.29%
Jun 04, 2013	1398.15	1412.45	1414.55	1388.65	-0.98%
Jun 05, 2013	1401.05	1398.35	1409.85	1395.25	0.21%
Jun 06, 2013	1411.35	1400.25	1423.25	1391.25	0.74%
Jun 07, 2013	1382.35	1411.15	1417.45	1377.35	-2.05%
Jun 09, 2013	1383.95	1382.85	1387.65	1377.95	0.12%
Jun 10, 2013	1383.65	1383.75	1388.45	1375.35	-0.02%
Jun 11, 2013	1376.75	1383.55	1386.25	1366.25	-0.50%
Jun 12, 2013	1385.55	1376.85	1393.75	1373.45	0.64%
Jun 13, 2013	1385.05	1385.45	1394.25	1373.85	-0.04%
Jun 14, 2013	1390.05	1384.85	1391.65	1377.85	0.36%
Jun 16, 2013	1389.65	1390.35	1390.35	1388.45	-0.03%
Jun 17, 2013	1383.95	1389.55	1391.35	1380.15	-0.41%
Jun 18, 2013	1368.55	1384.05	1385.35	1360.25	-1.11%
Jun 19, 2013	1345.55	1368.35	1375.85	1342.45	-1.68%
Jun 20, 2013	1273.75	1344.65	1347.45	1273.75	-5.34%
Jun 21, 2013	1295.55	1273.65	1301.75	1268.75	1.71%
Jun 23, 2013	1299.55	1296.65	1300.55	1296.25	0.31%
Jun 24, 2013	1283.25	1299.75	1300.55	1275.45	-1.25%
Jun 25, 2013	1273.95	1283.75	1288.65	1270.95	-0.72%
Jun 26, 2013	1227.85	1273.05	1276.05	1221.55	-3.62%
Jun 27, 2013	1204.75	1228.35	1244.15	1196.65	-1.88%
Jun 28, 2013	1233.75	1204.65	1234.75	1180.35	2.41%
Jun 30, 2013	1239.15	1233.05	1244.35	1233.05	0.44%
Jul 01, 2013	1251.85	1238.95	1260.95	1224.85	1.02%
Jul 02, 2013	1244.15	1251.75	1266.55	1238.85	-0.62%
Jul 03, 2013	1254.65	1244.25	1258.95	1236.05	0.84%
Jul 04, 2013	1247.05	1254.55	1256.15	1244.45	-0.61%
Jul 05, 2013	1221.95	1246.95	1247.95	1207.25	-2.01%
Jul 07, 2013	1217.55	1221.35	1228.65	1216.45	-0.36%
Jul 08, 2013	1232.25	1217.75	1237.05	1214.55	1.21%
Jul 09, 2013	1247.45	1232.45	1258.65	1232.05	1.23%
Jul 10, 2013	1281.45	1247.25	1288.15	1242.35	2.73%
Jul 11, 2013	1284.25	1281.55	1297.05	1276.75	0.22%
Jul 12, 2013	1284.15	1284.15	1287.05	1266.55	-0.01%
Jul 14, 2013	1288.15	1283.85	1293.55	1283.45	0.31%
Jul 15, 2013	1281.35	1288.35	1292.75	1273.35	-0.53%
Jul 16, 2013	1289.65	1281.25	1294.15	1275.95	0.65%
Jul 17, 2013	1276.25	1289.55	1299.45	1269.45	-1.04%
Jul 18, 2013	1283.75	1276.45	1287.55	1273.95	0.59%
Jul 19, 2013	1295.05	1283.85	1297.05	1281.45	0.88%
Jul 21, 2013	1312.45	1296.65	1316.15	1295.45	1.34%
Jul 22, 2013	1333.75	1312.35	1338.45	1310.45	1.62%
Jul 23, 2013	1343.05	1333.85	1347.85	1326.15	0.70%
Jul 24, 2013	1318.55	1343.45	1346.15	1312.85	-1.82%
Jul 25, 2013	1335.25	1318.75	1337.45	1308.75	1.27%
Jul 26, 2013	1333.05	1335.35	1340.15	1312.35	-0.16%
Jul 28, 2013	1331.05	1333.65	1335.05	1330.55	-0.15%
Jul 29, 2013	1326.55	1330.95	1338.45	1323.15	-0.34%
Jul 30, 2013	1327.55	1326.75	1330.35	1318.35	0.08%
Jul 31, 2013	1325.85	1328.05	1339.15	1306.05	-0.13%
Aug 01, 2013	1306.65	1325.75	1330.55	1302.45	-1.45%
Aug 02, 2013	1310.95	1306.75	1317.65	1282.65	0.33%
Aug 04, 2013	1311.75	1312.15	1314.35	1310.85	0.06%
Aug 05, 2013	1303.15	1311.85	1319.85	1297.05	-0.66%
Aug 06, 2013	1281.20	1302.65	1306.25	1278.80	-1.68%
Aug 07, 2013	1284.00	1281.40	1288.40	1272.10	0.22%
Aug 08, 2013	1311.90	1283.90	1313.60	1282.80	2.17%
Aug 09, 2013	1313.50	1312.20	1316.10	1304.50	0.12%
Aug 11, 2013	1328.40	1314.40	1332.90	1314.30	1.13%
Aug 12, 2013	1332.40	1328.50	1342.90	1322.30	0.30%
Aug 13, 2013	1320.80	1331.90	1340.70	1318.20	-0.87%
Aug 14, 2013	1341.80	1320.70	1345.80	1315.40	1.59%
Aug 15, 2013	1362.40	1341.90	1369.20	1318.10	1.54%
Aug 16, 2013	1376.30	1362.80	1379.10	1357.10	1.02%
Aug 18, 2013	1376.40	1378.80	1380.70	1374.90	0.01%
Aug 19, 2013	1367.00	1376.60	1384.00	1362.20	-0.68%
Aug 20, 2013	1368.20	1366.90	1376.80	1351.90	0.09%
Aug 21, 2013	1358.30	1368.30	1378.10	1354.80	-0.72%
Aug 22, 2013	1374.40	1358.00	1381.10	1356.00	1.19%
Aug 23, 2013	1397.40	1374.50	1399.80	1368.40	1.67%
Aug 25, 2013	1396.00	1399.10	1406.50	1391.20	-0.10%
Aug 26, 2013	1402.70	1395.80	1404.90	1389.50	0.48%
Aug 27, 2013	1418.60	1402.90	1423.20	1395.40	1.13%
Aug 28, 2013	1417.80	1419.00	1433.50	1413.30	-0.06%
Aug 29, 2013	1404.20	1417.90	1418.00	1402.50	-0.96%
Aug 30, 2013	1395.00	1404.60	1411.10	1392.10	-0.66%
Sep 01, 2013	1380.50	1393.10	1393.70	1374.10	-1.04%
Sep 02, 2013	1393.70	1380.40	1398.00	1379.60	0.96%
Sep 03, 2013	1411.20	1393.30	1416.30	1384.40	1.26%
Sep 04, 2013	1393.50	1411.40	1415.00	1384.80	-1.25%
Sep 05, 2013	1369.20	1393.40	1399.40	1365.00	-1.74%
Sep 06, 2013	1391.70	1369.10	1392.70	1361.80	1.64%
Sep 08, 2013	1388.70	1391.80	1393.80	1385.30	-0.22%
Sep 09, 2013	1386.70	1388.90	1391.70	1382.00	-0.14%
Sep 10, 2013	1366.10	1386.90	1387.10	1357.80	-1.49%
Sep 11, 2013	1364.80	1366.00	1368.20	1356.90	-0.10%
Sep 12, 2013	1327.10	1364.70	1365.70	1320.50	-2.76%
Sep 13, 2013	1326.10	1326.90	1330.70	1304.80	-0.08%
Sep 15, 2013	1329.80	1332.40	1334.60	1325.10	0.28%
Sep 16, 2013	1312.90	1329.90	1332.40	1303.20	-1.27%
Sep 17, 2013	1306.40	1313.00	1323.40	1305.40	-0.50%
Sep 18, 2013	1367.90	1306.50	1368.10	1291.70	4.71%
Sep 19, 2013	1365.70	1368.10	1375.10	1358.70	-0.16%
Sep 20, 2013	1326.10	1365.50	1366.50	1325.10	-2.90%
Sep 22, 2013	1329.80	1327.40	1330.60	1324.00	0.28%
Sep 23, 2013	1327.20	1329.70	1331.80	1313.60	-0.20%
Sep 24, 2013	1325.60	1327.10	1329.40	1306.20	-0.12%
Sep 25, 2013	1332.40	1325.80	1338.30	1316.70	0.51%
Sep 26, 2013	1324.50	1332.30	1339.60	1319.40	-0.59%
Sep 27, 2013	1336.90	1324.40	1344.40	1320.60	0.94%
Sep 29, 2013	1340.70	1350.20	1350.30	1335.90	0.28%
Sep 30, 2013	1329.00	1341.00	1343.70	1323.20	-0.87%
Oct 01, 2013	1288.60	1328.80	1337.80	1283.00	-3.04%
Oct 02, 2013	1315.10	1289.00	1323.80	1278.20	2.06%
Oct 03, 2013	1316.80	1315.20	1321.80	1302.30	0.13%
Oct 04, 2013	1310.90	1316.70	1324.70	1306.40	-0.45%
Oct 06, 2013	1313.80	1312.10	1316.20	1312.10	0.22%
Oct 07, 2013	1323.40	1313.60	1328.60	1308.80	0.73%
Oct 08, 2013	1320.50	1323.50	1330.10	1316.10	-0.22%
Oct 09, 2013	1303.20	1320.10	1322.00	1294.90	-1.31%
Oct 10, 2013	1288.00	1303.00	1311.80	1282.30	-1.17%
Oct 11, 2013	1271.90	1287.00	1294.50	1262.60	-1.25%
Oct 13, 2013	1272.80	1276.50	1278.20	1272.50	0.07%
Oct 14, 2013	1271.90	1272.70	1289.70	1268.50	-0.07%
Oct 15, 2013	1274.90	1271.70	1287.70	1251.10	0.24%
Oct 16, 2013	1280.70	1275.40	1287.10	1268.80	0.45%
Oct 17, 2013	1315.60	1280.40	1324.10	1273.80	2.73%
Oct 18, 2013	1315.90	1315.70	1325.90	1311.50	0.02%
