Jan 02, 2007	61.05	60.98	61.55	60.41	0.00%
Jan 03, 2007	58.32	60.95	60.97	57.72	-4.47%
Jan 04, 2007	55.59	58.35	58.58	55.39	-4.68%
Jan 05, 2007	56.31	55.41	56.40	54.90	1.30%
Jan 08, 2007	56.09	56.24	57.72	55.10	-0.39%
Jan 09, 2007	55.64	56.12	56.20	53.88	-0.80%
Jan 10, 2007	54.02	55.75	55.81	53.44	-2.91%
Jan 11, 2007	51.88	53.59	54.73	51.80	-3.96%
Jan 12, 2007	52.99	52.07	53.11	51.56	2.14%
Jan 16, 2007	51.21	52.94	53.55	50.53	-3.36%
Jan 17, 2007	52.24	51.20	52.40	50.28	2.01%
Jan 18, 2007	50.48	52.40	52.69	49.90	-3.37%
Jan 19, 2007	51.99	50.47	52.05	50.12	2.99%
Jan 22, 2007	51.13	52.09	53.44	50.80	-1.65%
Jan 23, 2007	55.04	52.64	55.15	52.41	7.65%
Jan 24, 2007	55.37	54.97	55.45	53.66	0.60%
Jan 25, 2007	54.23	55.39	55.90	54.10	-2.06%
Jan 26, 2007	55.42	54.33	55.58	54.20	2.19%
Jan 29, 2007	54.01	55.63	55.96	53.75	-2.54%
Jan 30, 2007	56.97	53.87	57.05	53.82	5.48%
Jan 31, 2007	58.14	56.90	58.20	55.75	2.05%
Feb 01, 2007	57.30	57.89	58.86	57.10	-1.44%
Feb 02, 2007	59.02	57.39	59.25	57.05	3.00%
Feb 05, 2007	58.74	59.25	59.95	58.46	-0.47%
Feb 06, 2007	58.88	58.90	59.99	58.50	0.24%
Feb 07, 2007	57.71	59.12	59.85	57.25	-1.99%
Feb 08, 2007	59.71	57.73	59.87	57.30	3.47%
Feb 09, 2007	59.89	59.78	60.80	59.30	0.30%
Feb 12, 2007	57.81	59.68	59.76	57.38	-3.47%
Feb 13, 2007	59.06	57.61	59.60	57.24	2.16%
Feb 14, 2007	58.00	59.03	59.26	57.50	-1.79%
Feb 15, 2007	57.99	58.03	58.51	56.62	-0.02%
Feb 16, 2007	59.39	58.04	59.45	57.59	2.41%
Feb 20, 2007	58.07	58.87	59.25	57.32	-2.22%
Feb 21, 2007	60.07	58.89	60.63	58.07	3.44%
Feb 22, 2007	60.95	60.13	61.25	59.61	1.46%
Feb 23, 2007	61.14	60.72	61.80	60.50	0.31%
Feb 26, 2007	61.39	60.88	61.75	60.65	0.41%
Feb 27, 2007	61.46	61.44	62.25	60.06	0.11%
Feb 28, 2007	61.79	60.28	62.10	59.92	0.54%
Mar 01, 2007	62.00	61.82	62.49	60.80	0.34%
Mar 02, 2007	61.64	61.84	62.40	61.16	-0.58%
Mar 05, 2007	60.07	61.30	61.30	59.55	-2.55%
Mar 06, 2007	60.69	59.89	60.80	59.65	1.03%
Mar 07, 2007	61.82	60.79	62.10	60.64	1.86%
Mar 08, 2007	61.64	61.74	62.30	61.20	-0.29%
Mar 09, 2007	60.05	61.71	61.83	59.87	-2.58%
Mar 12, 2007	58.91	59.96	59.96	58.60	-1.90%
Mar 13, 2007	57.93	59.01	59.95	57.75	-1.66%
Mar 14, 2007	58.16	58.17	58.44	57.30	0.40%
Mar 15, 2007	57.55	58.20	58.64	57.40	-1.05%
Mar 16, 2007	57.11	57.53	58.29	56.17	-0.76%
Mar 19, 2007	56.59	57.11	57.59	56.30	-0.91%
Mar 20, 2007	56.73	56.67	57.58	56.10	0.25%
Mar 21, 2007	59.61	59.65	60.13	59.21	5.08%
Mar 22, 2007	61.69	60.02	62.05	59.95	3.49%
Mar 23, 2007	62.28	61.97	62.65	61.25	0.96%
Mar 26, 2007	62.91	62.34	63.30	62.34	1.01%
Mar 27, 2007	62.93	62.83	68.09	62.24	0.03%
Mar 28, 2007	64.08	64.40	64.96	63.36	1.83%
Mar 29, 2007	66.03	64.03	66.50	63.50	3.04%
Mar 30, 2007	65.87	66.05	66.78	65.51	-0.24%
Apr 02, 2007	65.94	66.03	66.69	65.08	0.11%
Apr 03, 2007	64.64	65.80	65.94	63.96	-1.97%
Apr 04, 2007	64.38	64.52	65.09	63.56	-0.40%
Apr 05, 2007	64.28	64.39	64.94	63.60	-0.16%
Apr 09, 2007	61.51	64.29	64.36	61.35	-4.31%
Apr 10, 2007	61.89	61.72	62.28	61.35	0.62%
Apr 11, 2007	62.01	61.81	62.56	61.53	0.19%
Apr 12, 2007	63.85	61.92	63.96	61.86	2.97%
Apr 13, 2007	63.63	63.90	64.58	63.38	-0.34%
Apr 16, 2007	63.61	63.41	64.21	62.55	-0.03%
Apr 17, 2007	63.10	63.60	64.64	63.05	-0.80%
Apr 18, 2007	63.13	63.25	63.41	62.40	0.05%
Apr 19, 2007	61.83	62.99	63.27	61.34	-2.06%
Apr 20, 2007	63.38	61.79	63.60	61.77	2.51%
Apr 23, 2007	65.89	64.11	65.96	63.70	3.96%
Apr 24, 2007	64.58	65.75	66.30	64.10	-1.99%
Apr 25, 2007	65.84	64.61	65.92	64.52	1.95%
Apr 26, 2007	65.06	65.68	66.40	64.82	-1.18%
Apr 27, 2007	66.46	65.30	66.70	64.58	2.15%
Apr 30, 2007	65.71	66.36	66.65	65.53	-1.13%
May 01, 2007	64.40	65.66	66.15	64.15	-1.99%
May 02, 2007	63.68	64.43	64.67	63.05	-1.12%
May 03, 2007	63.19	63.48	64.09	62.74	-0.77%
May 04, 2007	61.93	63.25	63.44	61.56	-1.99%
May 07, 2007	61.47	61.71	62.06	60.85	-0.74%
May 08, 2007	62.26	61.64	62.58	61.21	1.29%
May 09, 2007	61.55	62.18	62.48	60.68	-1.14%
May 10, 2007	61.81	61.57	62.50	61.38	0.42%
May 11, 2007	62.37	61.89	62.56	61.68	0.91%
May 14, 2007	62.46	62.42	63.07	62.14	0.14%
May 15, 2007	63.17	62.54	63.30	62.07	1.14%
May 16, 2007	62.55	63.15	63.30	61.90	-0.98%
May 17, 2007	64.86	62.62	65.09	62.48	3.69%
May 18, 2007	64.94	64.92	65.64	64.57	0.12%
May 21, 2007	66.27	64.95	66.38	64.45	2.05%
May 22, 2007	64.97	66.27	66.35	64.80	-1.96%
May 23, 2007	65.77	65.61	66.20	65.05	1.23%
May 24, 2007	64.18	65.72	66.15	63.82	-2.42%
May 25, 2007	65.20	64.48	65.30	64.21	1.59%
May 29, 2007	63.15	64.98	65.24	62.54	-3.14%
May 30, 2007	63.49	63.26	63.87	62.88	0.54%
May 31, 2007	64.01	63.31	64.27	62.43	0.82%
Jun 01, 2007	65.08	64.23	65.25	63.80	1.67%
Jun 04, 2007	66.21	64.87	66.48	64.53	1.74%
Jun 05, 2007	65.61	66.05	66.20	65.23	-0.91%
Jun 06, 2007	65.96	65.67	66.31	65.21	0.53%
Jun 07, 2007	66.93	65.90	67.42	65.82	1.47%
Jun 08, 2007	64.76	66.70	66.83	64.56	-3.24%
Jun 11, 2007	65.97	64.70	66.07	64.52	1.87%
Jun 12, 2007	65.35	65.88	66.08	64.87	-0.94%
Jun 13, 2007	66.26	65.22	66.48	64.91	1.39%
Jun 14, 2007	67.65	66.03	67.89	65.95	2.10%
Jun 15, 2007	68.00	67.69	68.30	67.24	0.52%
Jun 18, 2007	69.09	68.13	69.15	67.40	1.60%
Jun 19, 2007	69.10	69.01	69.56	68.40	0.01%
Jun 20, 2007	68.19	69.02	69.17	67.29	-1.32%
Jun 21, 2007	68.65	68.70	69.88	68.28	0.67%
Jun 22, 2007	69.14	68.66	69.50	68.17	0.71%
Jun 25, 2007	69.18	68.85	69.45	67.55	0.06%
Jun 26, 2007	67.77	69.02	69.19	67.60	-2.04%
Jun 27, 2007	68.97	67.83	69.36	67.07	1.77%
Jun 28, 2007	69.57	69.00	70.52	68.92	0.87%
Jun 29, 2007	70.68	69.58	71.06	69.46	1.60%
Jul 02, 2007	71.09	70.52	71.34	69.57	0.58%
Jul 03, 2007	71.41	71.28	71.49	70.70	0.45%
Jul 05, 2007	71.81	71.25	72.35	70.80	0.56%
Jul 06, 2007	72.81	71.80	72.94	71.56	1.39%
Jul 09, 2007	72.19	72.75	73.00	71.81	-0.85%
Jul 10, 2007	72.81	72.05	73.08	71.60	0.86%
Jul 11, 2007	72.56	72.61	73.03	72.08	-0.34%
Jul 12, 2007	72.50	72.45	73.80	71.92	-0.08%
Jul 13, 2007	73.93	72.72	74.01	72.26	1.97%
Jul 16, 2007	74.15	74.01	74.50	73.63	0.30%
Jul 17, 2007	74.02	74.28	75.35	73.50	-0.18%
Jul 18, 2007	75.05	74.21	75.28	73.90	1.39%
Jul 19, 2007	75.92	75.07	76.00	74.63	1.16%
Jul 20, 2007	75.57	75.96	76.13	75.16	-0.46%
Jul 23, 2007	74.89	75.69	75.69	74.44	-0.90%
Jul 24, 2007	73.56	74.89	74.93	72.91	-1.78%
Jul 25, 2007	75.88	73.35	76.38	73.10	3.15%
Jul 26, 2007	74.95	76.31	77.24	74.60	-1.23%
Jul 27, 2007	77.02	75.05	77.12	74.70	2.76%
Jul 30, 2007	76.83	76.92	77.33	76.05	-0.25%
Jul 31, 2007	78.21	76.70	78.28	76.60	1.80%
Aug 01, 2007	76.53	77.94	78.77	76.09	-2.15%
Aug 02, 2007	76.86	76.74	77.44	75.52	0.43%
Aug 03, 2007	75.48	76.89	77.36	75.04	-1.80%
Aug 06, 2007	72.06	75.04	75.10	71.60	-4.53%
Aug 07, 2007	72.42	72.06	72.62	71.14	0.50%
Aug 08, 2007	72.15	72.38	73.20	71.85	-0.37%
Aug 09, 2007	71.59	72.27	72.40	70.50	-0.78%
Aug 10, 2007	71.47	71.59	71.69	70.10	-0.17%
Aug 13, 2007	71.62	71.47	73.19	71.12	0.21%
Aug 14, 2007	72.38	71.55	72.77	71.36	1.06%
Aug 15, 2007	73.33	72.69	74.23	72.32	1.31%
Aug 16, 2007	71.00	73.14	73.14	70.10	-3.18%
Aug 17, 2007	71.98	71.67	72.54	71.00	1.38%
Aug 20, 2007	71.12	71.77	71.77	70.05	-1.19%
Aug 21, 2007	69.47	70.90	71.50	68.76	-2.32%
Aug 22, 2007	69.26	69.64	70.30	68.63	-0.30%
Aug 23, 2007	69.83	69.35	70.08	69.03	0.82%
Aug 24, 2007	71.09	70.02	71.35	69.52	1.80%
Aug 27, 2007	71.97	71.04	72.14	70.20	1.24%
Aug 28, 2007	71.73	72.12	72.25	71.20	-0.33%
Aug 29, 2007	73.51	71.58	73.64	71.41	2.48%
Aug 30, 2007	73.36	73.50	73.96	72.75	-0.20%
Aug 31, 2007	74.04	73.60	74.44	73.40	0.93%
Sep 04, 2007	75.08	73.90	75.25	73.48	1.40%
Sep 05, 2007	75.73	75.12	75.92	74.75	0.87%
Sep 06, 2007	76.30	75.88	77.43	75.33	0.75%
Sep 07, 2007	76.70	76.59	77.00	75.63	0.52%
Sep 10, 2007	77.49	76.46	78.47	75.52	1.03%
Sep 11, 2007	78.23	77.79	78.37	76.92	0.95%
Sep 12, 2007	79.91	78.16	80.18	78.01	2.15%
Sep 13, 2007	80.09	79.65	80.20	79.19	0.23%
Sep 14, 2007	79.10	79.92	80.36	78.75	-1.24%
Sep 17, 2007	80.57	79.03	80.92	78.25	1.86%
Sep 18, 2007	81.51	80.86	82.38	80.23	1.17%
Sep 19, 2007	81.93	82.17	82.51	80.87	0.52%
Sep 20, 2007	83.32	81.73	83.90	81.61	1.70%
Sep 21, 2007	81.62	81.78	82.40	80.55	-2.04%
Sep 24, 2007	80.95	81.30	81.60	80.37	-0.82%
Sep 25, 2007	79.53	80.61	80.62	78.96	-1.75%
Sep 26, 2007	80.30	79.32	80.82	78.44	0.97%
Sep 27, 2007	82.88	80.63	83.09	80.50	3.21%
Sep 28, 2007	81.66	82.95	83.76	81.39	-1.47%
Oct 01, 2007	80.24	81.75	82.02	79.45	-1.74%
Oct 02, 2007	80.05	80.22	80.43	78.87	-0.24%
Oct 03, 2007	79.94	80.23	80.88	79.57	-0.14%
Oct 04, 2007	81.44	79.68	81.75	78.91	1.88%
Oct 05, 2007	81.22	81.40	81.68	80.51	-0.27%
Oct 08, 2007	79.02	81.11	81.11	78.35	-2.71%
Oct 09, 2007	80.26	79.26	81.10	78.39	1.57%
Oct 10, 2007	81.30	80.22	81.35	79.72	1.30%
Oct 11, 2007	83.08	81.32	83.67	81.25	2.19%
Oct 12, 2007	83.69	82.87	84.05	82.69	0.73%
Oct 15, 2007	86.13	83.91	86.71	83.50	2.92%
Oct 16, 2007	87.61	86.50	88.20	86.13	1.72%
Oct 17, 2007	87.40	87.50	89.00	86.91	-0.24%
Oct 18, 2007	89.47	87.10	89.78	87.10	2.37%
Oct 19, 2007	88.60	89.74	90.07	87.86	-0.97%
Oct 22, 2007	87.56	88.86	88.86	86.17	-1.17%
Oct 23, 2007	85.27	85.77	86.79	84.82	-2.62%
Oct 24, 2007	87.10	85.17	87.79	84.68	2.15%
Oct 25, 2007	90.46	87.63	90.60	87.54	3.86%
Oct 26, 2007	91.86	90.36	92.22	90.20	1.55%
Oct 29, 2007	93.53	91.72	93.80	91.52	1.82%
Oct 30, 2007	90.38	93.67	93.68	89.53	-3.37%
Oct 31, 2007	94.53	89.72	95.28	88.92	4.59%
Nov 01, 2007	93.49	95.15	96.24	92.06	-1.10%
Nov 02, 2007	95.93	93.65	96.03	93.05	2.61%
Nov 05, 2007	93.98	95.93	96.12	93.72	-2.03%
Nov 06, 2007	96.70	94.46	97.10	94.41	2.89%
Nov 07, 2007	96.37	96.83	98.62	94.62	-0.34%
Nov 08, 2007	95.46	95.84	97.70	94.93	-0.94%
Nov 09, 2007	96.32	95.91	96.68	94.54	0.90%
Nov 12, 2007	94.62	96.01	96.20	93.54	-1.76%
Nov 13, 2007	91.17	93.59	94.70	90.13	-3.65%
Nov 14, 2007	94.09	91.35	94.37	91.21	3.20%
Nov 15, 2007	93.43	93.95	94.64	91.86	-0.70%
Nov 16, 2007	95.10	93.70	95.73	93.20	1.79%
Nov 19, 2007	94.64	93.88	95.15	93.16	-0.48%
Nov 20, 2007	98.03	94.88	98.62	93.99	3.58%
Nov 21, 2007	97.29	98.09	99.29	96.31	-0.75%
Nov 23, 2007	98.18	97.36	98.47	96.16	0.91%
Nov 26, 2007	97.70	98.28	99.11	96.50	-0.49%
Nov 27, 2007	94.42	96.88	97.28	94.21	-3.36%
Nov 28, 2007	90.62	94.56	95.22	90.33	-4.02%
Nov 29, 2007	91.01	91.36	95.17	90.43	0.43%
Nov 30, 2007	88.71	91.19	91.52	88.45	-2.53%
Dec 03, 2007	89.31	88.79	89.99	87.14	0.68%
Dec 04, 2007	88.32	89.68	89.98	87.34	-1.11%
Dec 05, 2007	87.49	88.23	90.39	86.82	-0.94%
Dec 06, 2007	90.23	87.27	90.73	85.82	3.13%
Dec 07, 2007	88.28	90.53	90.68	87.07	-2.16%
Dec 10, 2007	87.86	88.27	89.80	87.09	-0.48%
Dec 11, 2007	90.02	88.22	90.55	87.92	2.46%
Dec 12, 2007	94.39	89.45	94.85	89.26	4.85%
Dec 13, 2007	92.25	94.21	94.85	91.85	-2.27%
Dec 14, 2007	91.27	92.57	93.38	90.60	-1.06%
Dec 17, 2007	90.63	91.43	91.95	89.49	-0.70%
Dec 18, 2007	90.49	90.97	92.88	88.88	-0.15%
Dec 19, 2007	91.24	90.35	92.35	89.70	0.83%
Dec 20, 2007	91.06	91.39	92.25	90.57	-0.20%
Dec 21, 2007	93.31	91.04	93.84	90.83	2.47%
Dec 24, 2007	94.13	93.58	94.23	92.50	0.88%
Dec 26, 2007	95.97	93.99	96.54	93.99	1.95%
Dec 27, 2007	96.62	95.81	97.79	95.22	0.68%
Dec 28, 2007	96.00	96.84	97.92	95.87	-0.64%
Dec 31, 2007	95.98	96.12	96.78	94.73	-0.02%
Jan 02, 2008	99.62	96.05	100.00	96.05	3.79%
Jan 03, 2008	99.18	99.23	100.09	98.45	-0.44%
Jan 04, 2008	97.91	99.17	99.41	97.10	-1.28%
Jan 07, 2008	95.09	97.79	98.40	94.47	-2.88%
Jan 08, 2008	96.33	95.35	97.54	95.26	1.30%
Jan 09, 2008	95.67	96.24	97.97	95.42	-0.69%
Jan 10, 2008	93.71	95.79	96.24	93.25	-2.05%
Jan 11, 2008	92.69	94.24	94.65	92.31	-1.09%
Jan 14, 2008	94.20	92.92	94.43	92.41	1.63%
Jan 15, 2008	91.90	94.24	94.38	90.98	-2.44%
Jan 16, 2008	90.84	91.68	91.90	89.26	-1.15%
Jan 17, 2008	90.13	91.00	92.19	89.57	-0.78%
Jan 18, 2008	90.57	89.90	91.32	89.61	0.49%
Jan 22, 2008	89.85	90.58	91.00	86.11	-0.79%
Jan 23, 2008	86.99	89.15	89.44	86.65	-3.18%
Jan 24, 2008	89.41	87.72	89.75	87.00	2.78%
Jan 25, 2008	90.71	89.55	91.38	89.51	1.45%
Jan 28, 2008	90.99	90.62	91.36	88.78	0.31%
Jan 29, 2008	91.64	91.05	92.42	90.33	0.71%
Jan 30, 2008	92.33	92.37	92.71	91.24	0.75%
Jan 31, 2008	91.75	91.77	92.30	89.58	-0.63%
Feb 01, 2008	88.96	91.36	92.12	88.46	-3.04%
Feb 04, 2008	90.02	88.66	90.83	88.07	1.19%
Feb 05, 2008	88.41	89.98	90.00	87.50	-1.79%
Feb 06, 2008	87.14	88.27	88.94	86.66	-1.44%
Feb 07, 2008	88.11	87.06	88.40	86.24	1.11%
Feb 08, 2008	91.77	88.29	91.98	88.00	4.15%
Feb 11, 2008	93.59	91.76	94.72	90.92	1.98%
Feb 12, 2008	92.78	93.61	94.15	92.06	-0.87%
Feb 13, 2008	93.27	92.50	93.89	91.90	0.53%
Feb 14, 2008	95.46	93.29	95.60	93.25	2.35%
Feb 15, 2008	95.50	95.22	96.67	94.66	0.04%
Feb 19, 2008	100.01	95.37	100.10	95.23	4.72%
Feb 20, 2008	100.74	99.98	101.32	98.40	0.73%
Feb 21, 2008	98.23	100.01	100.33	96.87	-2.49%
Feb 22, 2008	98.81	97.50	99.37	97.16	0.59%
Feb 25, 2008	99.23	98.99	99.70	97.75	0.43%
Feb 26, 2008	100.88	99.35	101.43	98.46	1.66%
Feb 27, 2008	99.64	101.20	102.08	99.43	-1.23%
Feb 28, 2008	102.59	99.63	102.97	98.91	2.96%
Feb 29, 2008	101.84	102.55	103.05	101.36	-0.73%
Mar 03, 2008	102.45	101.63	103.95	100.77	0.60%
Mar 04, 2008	99.52	102.35	103.33	98.87	-2.86%
Mar 05, 2008	104.52	99.88	104.95	99.55	5.02%
Mar 06, 2008	105.47	104.64	105.97	102.85	0.91%
Mar 07, 2008	105.15	105.58	106.54	103.91	-0.30%
Mar 10, 2008	107.90	105.25	108.21	104.08	2.62%
Mar 11, 2008	108.75	107.91	109.72	106.61	0.79%
Mar 12, 2008	109.92	108.65	110.20	107.09	1.08%
Mar 13, 2008	110.33	110.06	111.00	108.76	0.37%
Mar 14, 2008	110.21	110.24	110.92	108.84	-0.11%
Mar 17, 2008	105.68	110.10	111.80	103.23	-4.11%
Mar 18, 2008	109.42	106.15	109.80	105.68	3.54%
Mar 19, 2008	104.48	108.80	108.98	102.95	-4.51%
Mar 20, 2008	101.84	102.10	102.69	98.65	-2.53%
Mar 24, 2008	100.86	101.70	102.42	99.95	-0.96%
Mar 25, 2008	101.22	100.43	101.86	99.13	0.36%
Mar 26, 2008	105.90	101.55	106.36	101.43	4.62%
Mar 27, 2008	107.58	106.00	108.22	105.03	1.59%
Mar 28, 2008	105.62	107.19	107.63	104.71	-1.82%
Mar 31, 2008	101.58	105.12	106.78	100.25	-3.83%
Apr 01, 2008	100.98	101.57	102.55	99.55	-0.59%
Apr 02, 2008	104.83	100.83	105.10	99.84	3.81%
Apr 03, 2008	103.83	104.53	106.44	103.21	-0.95%
Apr 04, 2008	106.23	104.26	106.38	104.03	2.31%
Apr 07, 2008	109.09	106.12	109.48	105.86	2.69%
Apr 08, 2008	108.50	108.88	109.64	107.64	-0.54%
Apr 09, 2008	110.87	108.75	112.21	107.95	2.18%
Apr 10, 2008	110.11	110.70	112.20	108.75	-0.69%
Apr 11, 2008	110.14	110.06	110.82	108.92	0.03%
Apr 14, 2008	111.76	110.00	111.99	109.56	1.47%
Apr 15, 2008	113.79	111.80	114.08	111.80	1.82%
Apr 16, 2008	114.93	113.85	115.14	112.19	1.00%
Apr 17, 2008	114.86	115.00	115.54	114.10	-0.06%
Apr 18, 2008	116.69	115.00	117.00	112.72	1.59%
Apr 21, 2008	117.48	116.93	117.83	115.65	0.68%
Apr 22, 2008	119.37	117.53	119.90	116.85	1.61%
Apr 23, 2008	118.30	118.33	118.69	116.45	-0.90%
Apr 24, 2008	116.06	117.93	118.30	114.25	-1.89%
Apr 25, 2008	118.52	115.95	119.55	114.51	2.12%
Apr 28, 2008	118.75	118.95	119.93	118.16	0.19%
Apr 29, 2008	115.63	118.84	118.84	114.95	-2.63%
Apr 30, 2008	113.46	115.36	116.70	113.30	-1.88%
May 01, 2008	112.52	114.60	115.23	110.30	-0.83%
May 02, 2008	116.32	112.25	116.80	111.78	3.38%
May 05, 2008	119.97	116.50	120.36	116.05	3.14%
May 06, 2008	121.84	119.90	122.73	119.33	1.56%
May 07, 2008	123.53	121.76	123.93	120.54	1.39%
May 08, 2008	123.69	123.81	124.61	121.58	0.13%
May 09, 2008	125.96	124.28	126.27	124.08	1.84%
May 12, 2008	124.23	125.84	126.40	123.70	-1.37%
May 13, 2008	125.80	123.76	126.98	123.10	1.26%
May 14, 2008	124.22	125.97	126.04	123.77	-1.26%
May 15, 2008	124.12	123.83	126.64	120.75	-0.08%
May 16, 2008	126.29	124.40	127.82	124.04	1.75%
May 19, 2008	127.05	126.35	127.77	125.28	0.60%
May 20, 2008	129.07	127.49	129.60	126.67	1.59%
May 21, 2008	133.17	129.10	134.15	128.60	3.18%
May 22, 2008	130.81	133.89	135.09	130.07	-1.77%
May 23, 2008	132.19	130.75	133.71	130.16	1.05%
May 27, 2008	128.85	131.68	133.65	128.18	-2.53%
May 28, 2008	131.03	128.30	131.58	125.96	1.69%
May 29, 2008	126.62	130.75	133.12	126.11	-3.37%
May 30, 2008	127.35	126.59	128.30	124.67	0.58%
Jun 02, 2008	127.76	127.63	129.35	125.22	0.32%
Jun 03, 2008	124.31	127.50	127.98	123.87	-2.70%
Jun 04, 2008	122.30	124.23	125.10	121.84	-1.62%
Jun 05, 2008	127.79	122.23	128.38	121.61	4.49%
Jun 06, 2008	138.54	128.20	139.12	127.81	8.41%
Jun 09, 2008	134.35	137.97	138.25	133.00	-3.02%
Jun 10, 2008	131.31	135.02	137.98	130.80	-2.26%
Jun 11, 2008	136.38	131.79	138.30	131.35	3.86%
Jun 12, 2008	136.74	136.54	137.46	131.55	0.26%
Jun 13, 2008	134.86	136.97	137.08	133.46	-1.37%
Jun 16, 2008	134.61	134.41	139.89	132.84	-0.19%
Jun 17, 2008	134.01	133.60	135.23	132.00	-0.45%
Jun 18, 2008	136.68	133.50	136.88	131.82	1.99%
Jun 19, 2008	131.93	136.09	137.82	131.48	-3.48%
Jun 20, 2008	134.62	132.06	136.80	131.19	2.04%
Jun 23, 2008	136.74	134.80	138.14	134.05	1.57%
Jun 24, 2008	137.00	137.25	138.75	135.90	0.19%
Jun 25, 2008	134.55	137.07	137.58	131.95	-1.79%
Jun 26, 2008	139.64	134.52	140.39	133.68	3.78%
Jun 27, 2008	140.21	139.44	142.99	138.61	0.41%
Jun 30, 2008	140.00	140.60	143.67	139.17	-0.15%
Jul 01, 2008	140.97	140.18	143.33	139.95	0.69%
Jul 02, 2008	143.57	141.44	144.32	140.01	1.84%
Jul 03, 2008	145.29	144.19	145.85	143.22	1.20%
Jul 07, 2008	141.37	144.27	144.53	139.50	-2.70%
Jul 08, 2008	136.04	141.59	142.44	135.14	-3.77%
Jul 09, 2008	136.05	136.00	138.28	135.34	0.01%
Jul 10, 2008	141.65	135.80	142.13	135.43	4.12%
Jul 11, 2008	145.08	141.80	147.27	141.44	2.42%
Jul 14, 2008	145.18	144.69	146.37	142.49	0.07%
Jul 15, 2008	138.74	145.19	146.73	135.92	-4.44%
Jul 16, 2008	134.60	138.77	139.30	132.00	-2.98%
Jul 17, 2008	129.29	135.11	136.75	129.00	-3.95%
Jul 18, 2008	128.88	129.56	132.04	128.23	-0.32%
Jul 21, 2008	131.04	128.88	132.05	128.63	1.68%
Jul 22, 2008	127.95	131.04	132.07	125.63	-2.36%
Jul 23, 2008	124.44	128.50	128.70	124.12	-2.74%
Jul 24, 2008	125.49	124.46	126.44	123.50	0.84%
Jul 25, 2008	123.26	125.60	126.51	122.50	-1.78%
Jul 28, 2008	124.73	123.41	125.22	122.63	1.19%
Jul 29, 2008	122.19	124.94	125.85	120.42	-2.04%
Jul 30, 2008	126.77	121.90	127.39	120.80	3.75%
Jul 31, 2008	124.08	126.90	127.89	122.71	-2.12%
Aug 01, 2008	125.10	124.06	128.60	122.10	0.82%
Aug 04, 2008	121.41	125.98	126.35	119.50	-2.95%
Aug 05, 2008	119.17	121.00	121.23	118.00	-1.84%
Aug 06, 2008	118.58	118.75	120.49	117.11	-0.50%
Aug 07, 2008	120.02	118.80	121.78	117.91	1.21%
Aug 08, 2008	115.20	119.90	120.08	114.62	-4.02%
Aug 11, 2008	114.45	115.20	116.90	112.72	-0.65%
Aug 12, 2008	113.01	114.53	115.95	112.31	-1.26%
Aug 13, 2008	116.00	113.09	117.46	112.87	2.65%
Aug 14, 2008	115.01	116.39	117.42	112.59	-0.85%
Aug 15, 2008	113.77	114.83	115.20	111.34	-1.08%
Aug 18, 2008	112.87	113.94	115.35	112.00	-0.79%
Aug 19, 2008	114.53	113.11	116.65	111.64	1.47%
Aug 20, 2008	114.98	115.11	117.03	112.61	0.39%
Aug 21, 2008	121.18	115.86	122.04	115.40	5.39%
Aug 22, 2008	114.59	121.55	121.86	114.18	-5.44%
Aug 25, 2008	115.11	114.69	116.06	113.68	0.45%
Aug 26, 2008	116.27	115.50	117.89	112.36	1.01%
Aug 27, 2008	118.15	116.04	119.63	115.64	1.62%
Aug 28, 2008	115.59	118.16	120.50	114.08	-2.17%
Aug 29, 2008	115.46	115.75	118.76	115.00	-0.11%
Sep 02, 2008	109.71	116.65	118.60	105.46	-4.98%
Sep 03, 2008	109.35	110.24	110.30	107.22	-0.33%
Sep 04, 2008	107.89	109.40	110.60	106.52	-1.34%
Sep 05, 2008	106.23	107.48	108.10	105.13	-1.54%
Sep 08, 2008	106.34	107.75	109.89	104.70	0.10%
Sep 09, 2008	103.26	106.66	106.77	101.74	-2.90%
Sep 10, 2008	102.58	102.20	104.97	101.36	-0.66%
Sep 11, 2008	100.87	102.78	103.95	100.10	-1.67%
Sep 12, 2008	101.18	101.15	102.89	99.99	0.31%
Sep 15, 2008	95.71	101.00	101.19	94.00	-5.41%
Sep 16, 2008	91.15	94.23	94.32	90.51	-4.76%
Sep 17, 2008	97.16	92.81	97.63	91.36	6.59%
Sep 18, 2008	97.88	97.10	102.24	95.73	0.74%
Sep 19, 2008	104.55	97.95	105.25	97.39	6.81%
Sep 22, 2008	120.92	104.97	130.00	103.35	15.66%
Sep 23, 2008	106.61	108.98	109.58	104.05	-11.83%
Sep 24, 2008	105.73	106.93	109.50	104.80	-0.83%
Sep 25, 2008	108.02	105.53	108.67	103.22	2.17%
Sep 26, 2008	106.89	107.70	108.11	104.25	-1.05%
Sep 29, 2008	96.37	106.89	106.91	95.04	-9.84%
Sep 30, 2008	100.64	95.40	102.46	93.36	4.43%
Oct 01, 2008	98.53	101.86	102.84	95.95	-2.10%
Oct 02, 2008	93.97	98.73	100.37	93.56	-4.63%
Oct 03, 2008	93.88	93.85	96.03	91.30	-0.10%
Oct 06, 2008	87.81	92.50	92.68	87.56	-6.47%
Oct 07, 2008	90.06	88.96	93.02	87.87	2.56%
Oct 08, 2008	88.95	89.56	90.99	86.05	-1.23%
Oct 09, 2008	86.59	88.80	89.82	84.19	-2.65%
Oct 10, 2008	77.70	84.93	85.13	77.09	-10.27%
Oct 13, 2008	81.19	80.12	82.52	79.45	4.49%
Oct 14, 2008	78.63	82.00	84.83	78.31	-3.15%
Oct 15, 2008	74.54	78.75	79.17	73.55	-5.20%
Oct 16, 2008	69.85	73.60	74.50	68.57	-6.29%
Oct 17, 2008	71.85	72.30	74.30	69.84	2.86%
Oct 20, 2008	74.25	72.16	76.12	71.77	3.34%
Oct 21, 2008	70.89	75.62	75.69	69.77	-4.53%
Oct 22, 2008	66.75	71.47	71.80	66.20	-5.84%
Oct 23, 2008	67.84	67.21	69.42	65.90	1.63%
Oct 24, 2008	64.15	69.42	69.50	62.65	-5.44%
Oct 27, 2008	63.22	64.78	65.77	61.30	-1.45%
Oct 28, 2008	62.73	62.24	65.20	61.61	-0.78%
Oct 29, 2008	67.50	64.50	69.24	63.65	7.60%
Oct 30, 2008	65.96	68.11	70.60	64.04	-2.28%
Oct 31, 2008	67.81	65.58	68.60	63.12	2.80%
Nov 03, 2008	63.91	67.37	69.19	63.63	-5.75%
Nov 04, 2008	70.53	63.80	71.77	62.25	10.36%
Nov 05, 2008	65.30	70.00	70.46	65.00	-7.42%
Nov 06, 2008	60.77	65.02	65.50	60.16	-6.94%
Nov 07, 2008	61.04	60.67	62.82	59.97	0.44%
Nov 10, 2008	62.41	61.80	65.56	59.10	2.24%
Nov 11, 2008	59.33	62.14	62.28	58.32	-4.94%
Nov 12, 2008	56.16	59.00	59.50	55.50	-5.34%
Nov 13, 2008	58.24	55.44	59.66	54.67	3.70%
Nov 14, 2008	57.04	59.39	59.96	55.69	-2.06%
Nov 17, 2008	54.95	56.74	58.98	54.72	-3.66%
Nov 18, 2008	54.39	55.01	55.98	53.96	-1.02%
Nov 19, 2008	53.62	54.70	55.34	52.79	-1.42%
Nov 20, 2008	49.62	53.10	53.30	48.50	-7.46%
Nov 21, 2008	49.93	48.57	51.12	48.25	0.62%
Nov 24, 2008	54.50	50.97	55.30	48.80	9.15%
Nov 25, 2008	50.77	54.30	54.66	50.52	-6.84%
Nov 26, 2008	54.44	50.65	54.97	50.15	7.23%
Nov 28, 2008	54.43	54.30	55.98	51.12	-0.02%
Dec 01, 2008	49.28	54.62	54.62	48.62	-9.46%
Dec 02, 2008	46.96	48.85	50.25	46.82	-4.71%
Dec 03, 2008	46.79	47.76	48.10	46.26	-0.36%
Dec 04, 2008	43.67	47.00	47.27	43.36	-6.67%
Dec 05, 2008	40.81	43.78	44.47	40.50	-6.55%
Dec 08, 2008	43.71	41.64	44.70	41.55	7.11%
Dec 09, 2008	42.07	44.05	44.57	41.83	-3.75%
Dec 10, 2008	43.52	42.40	46.17	41.89	3.45%
Dec 11, 2008	47.98	44.05	49.12	43.28	10.25%
Dec 12, 2008	46.28	47.00	47.51	43.32	-3.54%
Dec 15, 2008	44.51	46.77	50.05	44.10	-3.82%
Dec 16, 2008	43.60	44.95	46.53	42.56	-2.04%
Dec 17, 2008	40.06	43.75	45.50	39.88	-8.12%
Dec 18, 2008	36.22	40.32	40.90	35.98	-9.59%
Dec 19, 2008	33.87	36.26	37.59	32.40	-6.49%
Dec 22, 2008	39.91	42.79	43.44	39.50	17.83%
Dec 23, 2008	38.98	39.55	40.65	37.79	-2.33%
Dec 24, 2008	35.35	39.15	39.69	35.13	-9.31%
Dec 26, 2008	37.71	35.70	38.03	35.60	6.68%
Dec 29, 2008	40.02	38.40	42.20	37.53	6.13%
Dec 30, 2008	39.03	40.01	40.39	37.93	-2.47%
Dec 31, 2008	44.60	39.17	45.54	36.94	14.27%
Jan 02, 2009	46.34	43.72	46.74	41.05	3.90%
Jan 05, 2009	48.81	47.04	49.28	45.56	5.33%
Jan 06, 2009	48.58	48.40	50.47	47.60	-0.47%
Jan 07, 2009	42.63	48.41	49.09	42.41	-12.25%
Jan 08, 2009	41.70	42.63	43.63	40.54	-2.18%
Jan 09, 2009	40.83	42.45	42.70	39.38	-2.09%
Jan 12, 2009	37.59	40.55	40.80	37.48	-7.94%
Jan 13, 2009	37.78	37.49	39.50	36.10	0.51%
Jan 14, 2009	37.28	38.72	39.45	35.52	-1.32%
Jan 15, 2009	35.40	37.34	37.99	33.20	-5.04%
Jan 16, 2009	36.51	35.28	36.87	34.18	3.14%
Jan 20, 2009	38.74	36.14	39.55	32.70	6.11%
Jan 21, 2009	43.55	40.91	44.43	40.24	12.42%
Jan 22, 2009	43.67	44.21	45.10	40.41	0.28%
Jan 23, 2009	46.47	43.26	47.00	41.40	6.41%
Jan 26, 2009	45.73	46.05	48.59	45.25	-1.59%
Jan 27, 2009	41.58	45.65	47.49	41.41	-9.08%
Jan 28, 2009	42.16	41.99	43.60	40.60	1.39%
Jan 29, 2009	41.44	42.22	42.32	40.18	-1.71%
Jan 30, 2009	41.68	41.65	43.44	41.02	0.58%
Feb 02, 2009	40.08	41.75	42.31	39.83	-3.84%
Feb 03, 2009	40.78	40.28	41.17	39.65	1.75%
Feb 04, 2009	40.32	40.93	41.92	39.74	-1.13%
Feb 05, 2009	41.17	40.30	41.25	39.46	2.11%
Feb 06, 2009	40.17	41.00	42.68	38.60	-2.43%
Feb 09, 2009	39.56	39.88	42.43	39.42	-1.52%
Feb 10, 2009	37.55	39.76	41.80	37.35	-5.08%
Feb 11, 2009	35.94	38.15	38.47	35.65	-4.29%
Feb 12, 2009	33.98	35.92	36.25	33.55	-5.45%
Feb 13, 2009	37.51	34.36	38.25	33.81	10.39%
Feb 17, 2009	34.93	37.81	38.49	34.45	-6.88%
Feb 18, 2009	34.62	35.02	36.22	34.13	-0.89%
Feb 19, 2009	39.48	34.75	39.85	34.59	14.04%
Feb 20, 2009	38.94	38.86	39.50	36.91	-1.37%
Feb 23, 2009	38.44	39.73	41.49	37.87	-1.28%
Feb 24, 2009	39.96	38.10	40.13	37.65	3.95%
Feb 25, 2009	42.50	39.92	42.83	39.40	6.36%
Feb 26, 2009	45.22	42.39	45.30	42.27	6.40%
Feb 27, 2009	44.76	44.59	44.91	42.55	-1.02%
Mar 02, 2009	40.15	44.34	44.49	39.84	-10.30%
Mar 03, 2009	41.65	40.10	42.07	39.44	3.74%
Mar 04, 2009	45.38	41.38	45.76	41.04	8.96%
Mar 05, 2009	43.61	45.42	45.70	42.86	-3.90%
Mar 06, 2009	45.52	43.61	46.30	43.45	4.38%
Mar 09, 2009	47.07	45.76	48.83	44.97	3.41%
Mar 10, 2009	45.71	47.25	48.32	45.33	-2.89%
Mar 11, 2009	42.33	45.57	46.04	42.08	-7.39%
Mar 12, 2009	47.03	42.73	47.22	42.51	11.10%
Mar 13, 2009	46.25	47.21	48.14	45.60	-1.66%
Mar 16, 2009	47.35	45.20	47.63	43.62	2.38%
Mar 17, 2009	49.16	47.06	49.82	46.53	3.82%
Mar 18, 2009	48.14	48.67	49.87	46.92	-2.07%
Mar 19, 2009	51.61	49.73	52.25	48.78	7.21%
Mar 20, 2009	51.06	51.06	52.13	50.30	-1.07%
Mar 23, 2009	53.80	52.13	54.05	51.62	5.37%
Mar 24, 2009	53.98	53.83	54.20	52.45	0.33%
Mar 25, 2009	52.77	53.73	54.18	51.86	-2.24%
Mar 26, 2009	54.34	52.84	54.66	52.76	2.98%
Mar 27, 2009	52.38	54.00	54.28	51.64	-3.61%
Mar 30, 2009	48.41	52.25	52.25	48.11	-7.58%
Mar 31, 2009	49.66	48.64	50.00	47.77	2.58%
Apr 01, 2009	48.39	48.96	48.96	47.26	-2.56%
Apr 02, 2009	52.64	48.45	52.87	48.45	8.78%
Apr 03, 2009	52.51	52.36	53.90	51.02	-0.25%
Apr 06, 2009	51.05	52.40	53.60	49.81	-2.78%
Apr 07, 2009	49.15	51.39	51.82	48.40	-3.72%
Apr 08, 2009	49.38	48.47	51.30	47.37	0.47%
Apr 09, 2009	52.24	49.96	52.45	49.72	5.79%
Apr 13, 2009	50.05	52.00	52.15	48.84	-4.19%
Apr 14, 2009	49.41	49.96	51.12	48.85	-1.28%
Apr 15, 2009	49.25	49.16	50.79	48.91	-0.32%
Apr 16, 2009	49.98	49.70	50.48	49.11	1.48%
Apr 17, 2009	50.33	49.93	51.37	49.41	0.70%
Apr 20, 2009	45.88	50.16	50.31	45.44	-8.84%
Apr 21, 2009	46.51	45.26	47.20	43.83	1.37%
Apr 22, 2009	48.85	48.68	49.09	47.70	5.03%
Apr 23, 2009	49.62	48.49	49.92	48.37	1.58%
Apr 24, 2009	51.55	49.65	51.75	49.06	3.89%
Apr 27, 2009	50.14	51.45	51.45	48.01	-2.74%
Apr 28, 2009	49.92	50.10	50.19	48.55	-0.44%
Apr 29, 2009	50.97	49.25	51.42	49.12	2.10%
Apr 30, 2009	51.12	50.79	51.94	50.21	0.29%
May 01, 2009	53.20	50.95	53.65	50.43	4.07%
May 04, 2009	54.47	52.62	54.64	52.56	2.39%
May 05, 2009	53.84	54.46	54.83	53.50	-1.16%
May 06, 2009	56.34	54.12	56.47	53.57	4.64%
May 07, 2009	56.71	56.30	58.57	55.46	0.66%
May 08, 2009	58.63	56.50	58.75	56.15	3.39%
May 11, 2009	58.50	58.49	58.63	56.78	-0.22%
May 12, 2009	58.85	58.10	60.08	57.81	0.60%
May 13, 2009	58.02	59.29	59.90	57.41	-1.41%
May 14, 2009	58.62	57.73	59.00	56.55	1.03%
May 15, 2009	56.34	58.54	58.88	56.07	-3.89%
May 18, 2009	59.03	56.47	59.33	56.12	4.77%
May 19, 2009	59.65	59.16	60.48	58.55	1.05%
May 20, 2009	62.04	60.18	62.26	59.86	4.01%
May 21, 2009	61.05	61.68	61.87	59.92	-1.60%
May 22, 2009	61.67	61.05	61.98	60.50	1.02%
May 26, 2009	62.45	61.50	62.54	59.53	1.26%
May 27, 2009	63.45	62.87	63.82	62.19	1.60%
May 28, 2009	65.08	62.91	65.44	62.75	2.57%
May 29, 2009	66.31	64.77	66.64	64.68	1.89%
Jun 01, 2009	68.58	66.48	68.68	66.23	3.42%
Jun 02, 2009	68.55	68.04	69.05	67.50	-0.04%
Jun 03, 2009	66.12	68.25	68.95	64.95	-3.54%
Jun 04, 2009	68.81	66.09	69.60	65.92	4.07%
Jun 05, 2009	68.44	68.73	70.32	67.54	-0.54%
Jun 08, 2009	68.09	68.32	68.95	66.78	-0.51%
Jun 09, 2009	70.01	68.69	70.69	68.43	2.82%
Jun 10, 2009	71.33	70.51	71.79	70.43	1.89%
Jun 11, 2009	72.68	71.46	73.23	71.32	1.89%
Jun 12, 2009	72.04	72.43	72.63	70.80	-0.88%
Jun 15, 2009	70.62	72.20	72.35	69.58	-1.97%
Jun 16, 2009	70.47	70.31	72.77	69.80	-0.21%
Jun 17, 2009	71.03	70.26	71.28	69.00	0.79%
Jun 18, 2009	71.37	70.82	71.75	70.22	0.48%
Jun 19, 2009	69.55	71.35	72.30	68.90	-2.55%
Jun 22, 2009	66.93	69.89	69.89	66.25	-3.77%
Jun 23, 2009	69.24	67.15	69.68	66.37	3.45%
Jun 24, 2009	68.67	68.55	69.86	68.06	-0.82%
Jun 25, 2009	70.23	68.29	70.93	68.11	2.27%
Jun 26, 2009	69.16	70.34	71.29	68.81	-1.52%
Jun 29, 2009	71.49	69.25	71.92	68.36	3.37%
Jun 30, 2009	69.89	71.60	73.38	68.90	-2.24%
Jul 01, 2009	69.31	70.45	71.85	68.52	-0.83%
Jul 02, 2009	66.73	69.22	69.74	66.26	-3.72%
Jul 06, 2009	64.05	66.49	67.17	63.40	-4.02%
Jul 07, 2009	62.93	64.19	64.91	62.21	-1.75%
Jul 08, 2009	60.14	62.31	62.68	60.01	-4.43%
Jul 09, 2009	60.41	60.38	61.62	59.25	0.45%
Jul 10, 2009	59.89	60.45	60.89	58.72	-0.86%
Jul 13, 2009	59.69	59.86	60.67	58.32	-0.33%
Jul 14, 2009	59.52	60.14	61.46	59.15	-0.28%
Jul 15, 2009	61.54	59.79	62.00	59.65	3.39%
Jul 16, 2009	62.02	62.00	62.25	60.29	0.78%
Jul 17, 2009	63.56	62.24	63.99	61.04	2.48%
Jul 20, 2009	63.98	63.38	64.90	63.19	0.66%
Jul 21, 2009	64.72	64.20	65.53	63.51	1.16%
Jul 22, 2009	65.40	65.03	65.77	63.76	1.05%
Jul 23, 2009	67.16	65.40	67.49	64.40	2.69%
Jul 24, 2009	68.05	66.62	68.20	66.46	1.33%
Jul 27, 2009	68.38	68.05	68.99	67.60	0.48%
Jul 28, 2009	67.23	68.26	68.86	66.48	-1.68%
Jul 29, 2009	63.35	66.68	67.01	62.70	-5.77%
Jul 30, 2009	66.94	62.86	67.29	62.76	5.67%
Jul 31, 2009	69.45	66.69	69.74	64.96	3.75%
Aug 03, 2009	71.58	69.30	72.20	69.09	3.07%
Aug 04, 2009	71.42	71.34	71.95	70.16	-0.22%
Aug 05, 2009	71.97	71.82	72.10	69.71	0.77%
Aug 06, 2009	71.94	71.83	72.42	70.18	-0.04%
Aug 07, 2009	70.93	71.81	72.84	70.38	-1.40%
Aug 10, 2009	70.60	70.67	71.57	70.09	-0.47%
Aug 11, 2009	69.45	70.76	71.25	68.71	-1.63%
Aug 12, 2009	70.16	69.67	71.13	68.84	1.02%
Aug 13, 2009	70.52	70.54	72.21	70.05	0.51%
Aug 14, 2009	67.51	70.90	71.60	67.12	-4.27%
Aug 17, 2009	66.75	67.69	67.69	65.23	-1.13%
Aug 18, 2009	69.19	66.80	70.29	66.11	3.66%
Aug 19, 2009	72.42	70.25	72.80	68.05	4.67%
Aug 20, 2009	72.54	72.15	72.88	71.65	0.17%
Aug 21, 2009	73.89	72.88	74.72	72.03	1.86%
Aug 24, 2009	74.37	73.75	74.81	73.57	0.65%
Aug 25, 2009	72.05	73.97	75.00	71.11	-3.12%
Aug 26, 2009	71.43	71.35	72.64	70.67	-0.86%
Aug 27, 2009	72.49	71.36	72.95	69.83	1.48%
Aug 28, 2009	72.74	72.86	73.52	71.78	0.34%
Aug 31, 2009	69.96	71.00	73.36	69.13	-3.82%
Sep 01, 2009	68.05	69.85	71.37	68.00	-2.73%
Sep 02, 2009	68.05	67.70	68.80	67.05	0.00%
Sep 03, 2009	67.96	68.15	69.40	67.66	-0.13%
Sep 04, 2009	68.02	68.19	68.78	67.12	0.09%
Sep 08, 2009	71.10	67.87	71.79	67.54	4.53%
Sep 09, 2009	71.31	71.33	72.52	70.66	0.30%
Sep 10, 2009	71.94	71.64	72.44	70.86	0.88%
Sep 11, 2009	69.29	72.05	72.90	68.82	-3.68%
Sep 14, 2009	68.86	69.15	69.51	68.02	-0.62%
Sep 15, 2009	70.93	68.78	71.19	68.48	3.01%
Sep 16, 2009	72.51	70.40	72.56	70.14	2.23%
Sep 17, 2009	72.47	72.31	73.16	71.66	-0.06%
Sep 18, 2009	72.04	72.40	72.66	71.27	-0.59%
Sep 21, 2009	69.71	71.78	72.20	68.96	-3.23%
Sep 22, 2009	71.55	69.67	71.85	69.61	2.64%
Sep 23, 2009	68.97	71.63	71.81	68.04	-3.61%
Sep 24, 2009	65.89	68.33	68.77	65.60	-4.47%
Sep 25, 2009	66.02	65.92	67.09	65.05	0.20%
Sep 28, 2009	66.84	66.15	67.54	65.41	1.24%
Sep 29, 2009	66.71	67.11	67.33	65.82	-0.19%
Sep 30, 2009	70.61	66.71	70.72	66.22	5.85%
Oct 01, 2009	70.82	70.40	71.39	69.13	0.30%
Oct 02, 2009	69.95	70.35	70.69	68.32	-1.23%
Oct 05, 2009	70.41	69.81	71.00	68.05	0.66%
Oct 06, 2009	70.88	70.26	71.97	70.06	0.67%
Oct 07, 2009	69.57	71.16	71.76	68.88	-1.85%
Oct 08, 2009	71.69	69.80	72.55	69.17	3.05%
Oct 09, 2009	71.77	71.42	72.35	70.62	0.11%
Oct 12, 2009	73.27	72.24	73.84	72.05	2.09%
Oct 13, 2009	74.15	73.17	74.55	72.83	1.20%
Oct 14, 2009	75.18	74.40	75.53	74.40	1.39%
Oct 15, 2009	77.58	75.34	77.97	74.79	3.19%
Oct 16, 2009	78.53	77.76	78.75	76.82	1.22%
Oct 19, 2009	79.61	78.56	79.69	78.05	1.38%
Oct 20, 2009	79.09	79.61	80.05	78.05	-0.65%
Oct 21, 2009	81.37	78.69	82.00	77.64	2.88%
Oct 22, 2009	81.19	81.04	81.50	79.86	-0.22%
Oct 23, 2009	80.50	81.26	81.78	79.55	-0.85%
Oct 26, 2009	78.68	79.65	81.58	77.97	-2.26%
Oct 27, 2009	79.55	78.68	79.89	77.81	1.11%
Oct 28, 2009	77.46	79.47	79.83	77.06	-2.63%
Oct 29, 2009	79.87	78.75	80.46	77.03	3.11%
Oct 30, 2009	77.00	79.98	80.21	76.85	-3.59%
Nov 02, 2009	78.13	77.02	78.66	76.56	1.47%
Nov 03, 2009	79.60	78.09	79.77	76.55	1.88%
Nov 04, 2009	80.40	79.47	81.06	79.12	1.01%
Nov 05, 2009	79.62	80.29	80.52	79.34	-0.97%
Nov 06, 2009	77.43	79.80	80.34	76.71	-2.75%
Nov 09, 2009	79.43	77.87	80.19	77.77	2.58%
Nov 10, 2009	79.05	79.24	80.51	77.89	-0.48%
Nov 11, 2009	79.28	78.88	80.10	78.57	0.29%
Nov 12, 2009	76.94	79.25	79.69	76.52	-2.95%
Nov 13, 2009	76.35	76.78	77.67	75.57	-0.77%
Nov 16, 2009	78.90	76.58	79.43	76.35	3.34%
Nov 17, 2009	79.14	78.93	79.73	78.14	0.30%
Nov 18, 2009	79.58	79.38	80.33	78.67	0.56%
Nov 19, 2009	77.46	79.63	79.87	77.06	-2.66%
Nov 20, 2009	76.72	77.59	77.99	76.20	-0.96%
Nov 23, 2009	77.56	77.80	79.92	77.15	1.09%
Nov 24, 2009	76.02	77.45	77.80	75.60	-1.99%
Nov 25, 2009	77.96	75.83	78.09	75.50	2.55%
Nov 27, 2009	76.05	77.80	77.94	72.39	-2.45%
Nov 30, 2009	77.28	76.05	78.00	75.13	1.62%
Dec 01, 2009	78.37	77.35	79.04	77.01	1.41%
Dec 02, 2009	76.60	77.90	78.59	76.22	-2.26%
Dec 03, 2009	76.46	76.51	77.50	75.54	-0.18%
Dec 04, 2009	75.47	75.83	77.90	74.85	-1.29%
Dec 07, 2009	73.93	75.80	76.10	73.70	-2.04%
Dec 08, 2009	72.62	74.00	74.39	72.43	-1.77%
Dec 09, 2009	70.67	73.12	73.87	70.13	-2.69%
Dec 10, 2009	70.54	70.80	71.39	69.81	-0.18%
Dec 11, 2009	69.87	70.57	71.20	69.46	-0.95%
Dec 14, 2009	69.51	69.63	70.22	68.59	-0.52%
Dec 15, 2009	70.69	69.57	71.15	69.31	1.70%
Dec 16, 2009	72.66	70.78	73.55	70.59	2.79%
Dec 17, 2009	72.65	72.74	73.13	71.21	-0.01%
Dec 18, 2009	73.36	72.60	74.69	72.55	0.98%
Dec 21, 2009	72.47	73.05	74.32	71.99	-1.21%
Dec 22, 2009	74.40	73.43	74.91	72.72	2.66%
Dec 23, 2009	76.67	74.52	77.00	74.25	3.05%
Dec 24, 2009	78.05	76.59	78.25	76.19	1.80%
Dec 28, 2009	78.77	77.92	79.12	77.76	0.92%
Dec 29, 2009	78.87	78.66	79.39	78.02	0.13%
Dec 30, 2009	79.28	78.80	79.80	78.46	0.52%
Dec 31, 2009	79.36	79.28	80.00	79.16	0.10%
Jan 04, 2010	81.51	79.63	81.79	79.63	2.71%
Jan 05, 2010	81.77	81.63	82.00	80.95	0.32%
Jan 06, 2010	83.18	81.43	83.52	80.85	1.72%
Jan 07, 2010	82.66	83.20	83.36	82.26	-0.63%
Jan 08, 2010	82.75	82.65	83.47	81.80	0.11%
Jan 11, 2010	82.52	82.88	83.95	81.96	-0.28%
Jan 12, 2010	80.79	82.07	82.34	79.91	-2.10%
Jan 13, 2010	79.65	80.06	80.67	78.37	-1.41%
Jan 14, 2010	79.39	79.63	80.36	78.92	-0.33%
Jan 15, 2010	78.00	79.20	79.31	77.70	-1.75%
Jan 19, 2010	79.02	77.85	79.15	76.76	1.31%
Jan 20, 2010	77.62	78.88	79.03	76.96	-1.77%
Jan 21, 2010	76.08	77.56	78.36	75.66	-1.98%
Jan 22, 2010	74.54	75.84	76.50	74.01	-2.02%
Jan 25, 2010	75.26	74.24	75.42	74.06	0.97%
Jan 26, 2010	74.71	75.28	75.39	73.82	-0.73%
Jan 27, 2010	73.67	74.69	75.09	72.65	-1.39%
Jan 28, 2010	73.64	73.75	74.49	72.93	-0.04%
Jan 29, 2010	72.89	73.89	74.82	72.43	-1.02%
Feb 01, 2010	74.43	72.84	74.99	72.49	2.11%
Feb 02, 2010	77.23	74.94	77.41	74.40	3.76%
Feb 03, 2010	76.98	76.99	78.04	76.52	-0.32%
Feb 04, 2010	73.14	77.09	77.17	72.42	-4.99%
Feb 05, 2010	71.19	73.04	73.94	69.50	-2.67%
Feb 08, 2010	71.89	72.18	72.39	70.77	0.98%
Feb 09, 2010	73.75	71.68	74.15	71.32	2.59%
Feb 10, 2010	74.52	73.79	74.97	72.60	1.04%
Feb 11, 2010	75.28	74.65	75.69	73.38	1.02%
Feb 12, 2010	74.13	75.30	75.35	72.66	-1.53%
Feb 16, 2010	77.01	74.02	77.42	73.71	3.89%
Feb 17, 2010	77.33	77.32	77.82	76.53	0.42%
Feb 18, 2010	79.06	77.29	79.29	76.32	2.24%
Feb 19, 2010	79.81	78.37	80.10	77.76	0.95%
Feb 22, 2010	80.16	80.10	80.51	79.45	0.44%
Feb 23, 2010	78.86	80.03	80.39	78.22	-1.62%
Feb 24, 2010	80.00	79.13	80.45	78.25	1.45%
Feb 25, 2010	78.17	80.31	80.32	77.05	-2.29%
Feb 26, 2010	79.66	78.33	80.05	77.82	1.91%
Mar 01, 2010	78.70	79.84	80.62	78.06	-1.21%
Mar 02, 2010	79.68	78.88	80.95	78.26	1.25%
Mar 03, 2010	80.87	79.64	81.23	79.44	1.49%
Mar 04, 2010	80.21	81.01	81.09	79.70	-0.82%
Mar 05, 2010	81.50	80.58	82.07	80.47	1.61%
Mar 08, 2010	81.87	81.79	82.41	80.75	0.45%
Mar 09, 2010	81.49	81.75	81.91	80.16	-0.46%
Mar 10, 2010	82.09	81.38	83.03	80.81	0.74%
Mar 11, 2010	82.11	81.98	82.38	81.33	0.02%
Mar 12, 2010	81.24	82.20	83.16	80.57	-1.06%
Mar 15, 2010	79.80	81.13	81.31	79.13	-1.77%
Mar 16, 2010	81.70	79.84	82.10	79.32	2.38%
Mar 17, 2010	82.93	82.05	83.09	81.72	1.51%
Mar 18, 2010	82.20	82.85	82.85	81.68	-0.88%
Mar 19, 2010	80.68	82.17	82.17	79.86	-1.85%
Mar 22, 2010	81.25	80.93	81.49	78.57	0.71%
Mar 23, 2010	81.91	81.81	82.20	80.85	0.81%
Mar 24, 2010	80.61	81.58	81.64	79.88	-1.59%
Mar 25, 2010	80.53	80.25	81.48	80.10	-0.10%
Mar 26, 2010	80.00	80.13	81.46	79.54	-0.66%
Mar 29, 2010	82.17	80.24	82.78	80.18	2.71%
Mar 30, 2010	82.37	82.50	82.74	81.77	0.24%
Mar 31, 2010	83.76	82.50	83.85	82.22	1.69%
Apr 01, 2010	84.87	83.36	85.37	83.21	1.33%
Apr 05, 2010	86.62	85.31	86.90	85.06	2.06%
Apr 06, 2010	86.84	86.74	87.09	86.13	0.25%
Apr 07, 2010	85.88	86.76	87.00	85.52	-1.11%
Apr 08, 2010	85.39	85.64	85.88	84.38	-0.57%
Apr 09, 2010	84.92	85.56	86.37	84.12	-0.55%
Apr 12, 2010	84.34	85.17	85.71	84.08	-0.68%
Apr 13, 2010	84.05	84.36	84.42	82.51	-0.34%
Apr 14, 2010	85.84	83.82	86.39	83.71	2.13%
Apr 15, 2010	85.51	85.91	86.27	85.27	-0.38%
Apr 16, 2010	83.24	85.35	85.44	82.52	-2.65%
Apr 19, 2010	81.45	82.92	83.00	80.53	-2.15%
Apr 20, 2010	83.45	81.69	83.65	81.51	2.46%
Apr 21, 2010	83.68	84.03	84.64	82.92	0.28%
Apr 22, 2010	83.70	83.47	84.07	81.73	0.02%
Apr 23, 2010	85.12	83.75	85.19	82.92	1.70%
Apr 26, 2010	84.20	85.22	85.63	83.73	-1.08%
Apr 27, 2010	82.44	83.89	84.33	81.70	-2.09%
Apr 28, 2010	83.22	81.84	83.44	81.29	0.95%
Apr 29, 2010	85.17	83.33	85.63	83.01	2.34%
Apr 30, 2010	86.15	85.58	86.50	85.16	1.15%
May 03, 2010	86.19	86.20	87.15	85.83	0.05%
May 04, 2010	82.74	86.09	86.24	82.05	-4.00%
May 05, 2010	79.97	82.13	82.83	79.15	-3.35%
May 06, 2010	77.11	79.63	80.39	74.58	-3.58%
May 07, 2010	75.11	76.95	78.19	74.51	-2.59%
May 10, 2010	76.80	76.11	78.51	75.80	2.25%
May 11, 2010	76.37	77.26	77.68	75.36	-0.56%
May 12, 2010	75.65	75.89	77.00	74.75	-0.94%
May 13, 2010	74.40	75.47	76.45	73.62	-1.65%
May 14, 2010	71.61	73.99	74.13	70.83	-3.75%
May 17, 2010	70.08	71.79	72.25	69.27	-2.14%
May 18, 2010	69.41	70.50	72.52	68.91	-0.96%
May 19, 2010	69.87	69.11	71.43	67.90	0.66%
May 20, 2010	68.01	71.20	71.29	64.24	-2.66%
May 21, 2010	70.04	69.52	71.23	69.00	2.98%
May 24, 2010	70.21	70.62	70.96	69.57	0.24%
May 25, 2010	68.75	69.90	70.04	67.15	-2.08%
May 26, 2010	71.51	70.06	71.70	69.21	4.01%
May 27, 2010	74.55	70.74	74.95	70.67	4.25%
May 28, 2010	73.97	74.90	75.72	73.13	-0.78%
Jun 01, 2010	72.58	73.97	75.33	71.64	-1.88%
Jun 02, 2010	72.86	71.94	73.93	71.68	0.39%
Jun 03, 2010	74.61	73.70	74.95	72.32	2.40%
Jun 04, 2010	71.51	74.61	75.42	70.73	-4.15%
Jun 07, 2010	71.44	70.35	72.49	69.51	-0.10%
Jun 08, 2010	71.99	71.16	72.60	70.75	0.77%
Jun 09, 2010	74.38	72.51	74.96	72.03	3.32%
Jun 10, 2010	75.48	73.87	76.30	73.72	1.48%
Jun 11, 2010	73.78	75.52	75.64	73.26	-2.25%
Jun 14, 2010	75.12	74.06	75.99	74.04	1.82%
Jun 15, 2010	76.94	74.77	77.16	74.62	2.42%
Jun 16, 2010	77.67	77.06	78.13	76.06	0.95%
Jun 17, 2010	76.79	77.45	77.79	76.17	-1.13%
Jun 18, 2010	77.18	76.55	77.45	75.56	0.51%
Jun 21, 2010	77.82	77.50	78.92	76.88	0.83%
Jun 22, 2010	77.21	77.35	78.10	76.53	-0.78%
Jun 23, 2010	76.35	77.52	77.83	75.17	-1.11%
Jun 24, 2010	76.51	76.00	76.57	75.32	0.21%
Jun 25, 2010	78.86	76.56	79.19	75.90	3.07%
Jun 28, 2010	78.25	79.00	79.38	77.72	-0.77%
Jun 29, 2010	75.94	78.15	78.32	75.21	-2.95%
Jun 30, 2010	75.63	75.46	76.83	74.39	-0.41%
Jul 01, 2010	72.95	75.37	75.40	72.05	-3.54%
Jul 02, 2010	72.14	72.67	73.38	71.62	-1.11%
Jul 06, 2010	71.98	72.06	73.86	71.09	-0.22%
Jul 07, 2010	74.07	72.07	74.92	71.44	2.90%
Jul 08, 2010	75.44	74.85	76.00	74.38	1.85%
Jul 09, 2010	76.09	75.85	76.48	75.00	0.86%
Jul 12, 2010	74.95	76.30	76.43	74.52	-1.50%
Jul 13, 2010	77.15	75.06	77.37	74.25	2.94%
Jul 14, 2010	77.04	77.13	78.15	76.38	-0.14%
Jul 15, 2010	76.62	76.76	77.66	75.33	-0.55%
Jul 16, 2010	76.01	76.82	77.15	75.25	-0.80%
Jul 19, 2010	76.54	75.72	77.69	75.50	0.70%
Jul 20, 2010	77.44	76.40	77.57	75.65	1.18%
Jul 21, 2010	76.56	77.85	78.57	76.20	-1.14%
Jul 22, 2010	79.30	76.43	79.42	76.16	3.58%
Jul 23, 2010	78.98	79.27	79.60	78.40	-0.40%
Jul 26, 2010	78.98	78.98	79.33	78.06	0.00%
Jul 27, 2010	77.50	78.92	79.69	76.79	-1.87%
Jul 28, 2010	76.99	77.08	77.74	75.90	-0.66%
Jul 29, 2010	78.36	76.89	78.89	76.45	1.78%
Jul 30, 2010	78.95	78.25	79.05	76.83	0.75%
Aug 02, 2010	81.34	78.95	81.77	78.83	3.03%
Aug 03, 2010	82.55	81.41	82.64	81.11	1.49%
Aug 04, 2010	82.47	82.42	82.97	81.62	-0.10%
Aug 05, 2010	82.01	82.44	82.48	81.56	-0.56%
Aug 06, 2010	80.70	82.12	82.67	80.04	-1.60%
Aug 09, 2010	81.48	80.91	81.76	80.71	0.97%
Aug 10, 2010	80.25	81.44	81.62	79.20	-1.51%
Aug 11, 2010	78.02	80.22	80.44	77.25	-2.78%
Aug 12, 2010	75.74	77.31	77.97	75.52	-2.92%
Aug 13, 2010	75.39	75.75	76.74	75.01	-0.46%
Aug 16, 2010	75.24	75.60	75.95	74.86	-0.20%
Aug 17, 2010	75.77	75.06	76.63	75.01	0.70%
Aug 18, 2010	75.42	75.45	75.74	73.83	-0.46%
Aug 19, 2010	74.43	75.27	76.10	73.96	-1.31%
Aug 20, 2010	73.46	74.45	74.60	73.19	-1.30%
Aug 23, 2010	73.10	73.90	74.48	72.75	-0.49%
Aug 24, 2010	71.63	72.95	73.05	71.32	-2.01%
Aug 25, 2010	72.52	71.47	72.97	70.76	1.24%
Aug 26, 2010	73.36	72.82	73.98	72.54	1.16%
Aug 27, 2010	75.17	73.18	75.59	72.04	2.47%
Aug 30, 2010	74.70	75.50	75.58	74.01	-0.63%
Aug 31, 2010	71.92	74.07	74.73	71.53	-3.72%
Sep 01, 2010	73.91	71.70	74.48	71.67	2.77%
Sep 02, 2010	75.02	73.91	75.14	73.11	1.50%
Sep 03, 2010	74.60	74.93	75.44	73.20	-0.56%
Sep 07, 2010	74.09	74.30	74.63	72.63	-0.68%
Sep 08, 2010	74.67	73.91	75.39	73.37	0.78%
Sep 09, 2010	74.25	74.92	75.96	73.88	-0.56%
Sep 10, 2010	76.45	74.40	76.73	74.37	2.96%
Sep 13, 2010	77.19	76.36	78.04	76.36	0.97%
Sep 14, 2010	76.80	77.17	77.99	76.21	-0.51%
Sep 15, 2010	76.02	76.64	76.65	74.66	-1.02%
Sep 16, 2010	74.57	75.76	75.99	74.11	-1.91%
Sep 17, 2010	73.66	74.47	75.25	72.75	-1.22%
Sep 20, 2010	74.86	73.59	75.45	73.32	1.63%
Sep 21, 2010	73.52	74.57	74.60	72.81	-1.79%
Sep 22, 2010	74.71	74.79	76.00	73.84	1.62%
Sep 23, 2010	75.18	74.84	75.61	73.58	0.63%
Sep 24, 2010	76.49	74.95	76.68	74.66	1.74%
Sep 27, 2010	76.52	76.47	77.17	75.52	0.04%
Sep 28, 2010	76.18	76.23	77.12	75.53	-0.44%
Sep 29, 2010	77.86	76.20	78.13	75.60	2.21%
Sep 30, 2010	79.97	77.91	80.18	77.55	2.71%
Oct 01, 2010	81.58	79.84	81.75	79.70	2.01%
Oct 04, 2010	81.47	81.68	82.38	80.77	-0.13%
Oct 05, 2010	82.82	81.37	82.99	81.15	1.66%
Oct 06, 2010	83.23	82.60	84.09	82.29	0.50%
Oct 07, 2010	81.67	83.27	84.43	81.00	-1.87%
Oct 08, 2010	82.66	81.43	83.13	80.30	1.21%
Oct 11, 2010	82.21	82.95	83.50	81.82	-0.54%
Oct 12, 2010	81.67	81.94	82.33	80.88	-0.66%
Oct 13, 2010	83.01	81.72	83.45	81.68	1.64%
Oct 14, 2010	82.69	83.23	84.12	82.21	-0.39%
Oct 15, 2010	81.25	82.77	83.33	80.75	-1.74%
Oct 18, 2010	83.08	81.38	83.28	80.35	2.25%
Oct 19, 2010	79.49	82.95	83.21	79.25	-4.32%
Oct 20, 2010	81.77	79.48	82.03	79.35	2.87%
Oct 21, 2010	80.56	82.55	82.70	80.09	-1.48%
Oct 22, 2010	81.69	80.73	82.07	80.41	1.40%
Oct 25, 2010	82.52	82.01	83.28	81.45	1.02%
Oct 26, 2010	82.55	82.47	82.88	81.81	0.04%
Oct 27, 2010	81.94	82.48	82.69	80.52	-0.74%
Oct 28, 2010	82.18	81.99	82.64	81.50	0.29%
Oct 29, 2010	81.43	81.92	82.12	80.56	-0.91%
Nov 01, 2010	82.95	81.45	83.86	81.32	1.87%
Nov 02, 2010	83.90	82.88	84.47	82.83	1.15%
Nov 03, 2010	84.69	84.37	85.36	83.57	0.94%
Nov 04, 2010	86.49	85.09	86.83	84.92	2.13%
Nov 05, 2010	86.85	86.60	87.43	85.96	0.42%
Nov 08, 2010	87.06	87.39	87.49	85.96	0.24%
Nov 09, 2010	86.72	86.75	87.63	85.48	-0.39%
Nov 10, 2010	87.81	86.45	88.21	86.10	1.26%
Nov 11, 2010	87.81	87.85	88.63	87.54	0.00%
Nov 12, 2010	84.88	87.73	87.85	84.52	-3.34%
Nov 15, 2010	84.86	84.87	85.77	84.48	-0.02%
Nov 16, 2010	82.34	84.58	84.74	82.03	-2.97%
Nov 17, 2010	80.44	82.44	82.67	80.06	-2.31%
Nov 18, 2010	81.85	80.45	82.35	80.44	1.75%
Nov 19, 2010	81.51	82.24	82.75	80.59	-0.42%
Nov 22, 2010	81.74	82.15	82.87	80.68	0.28%
Nov 23, 2010	81.25	81.61	82.10	80.28	-0.60%
Nov 24, 2010	83.86	80.99	84.25	80.97	3.21%
Nov 26, 2010	83.76	84.21	84.53	82.78	-0.12%
Nov 29, 2010	85.73	83.90	85.90	83.59	2.35%
Nov 30, 2010	84.11	85.81	85.90	83.55	-1.89%
Dec 01, 2010	86.75	83.66	86.95	83.63	3.14%
Dec 02, 2010	88.00	86.80	88.13	86.27	1.44%
Dec 03, 2010	89.19	87.94	89.49	87.14	1.35%
Dec 06, 2010	89.38	89.44	89.76	88.56	0.21%
Dec 07, 2010	88.69	88.92	90.76	88.04	-0.77%
Dec 08, 2010	88.28	88.35	88.99	87.33	-0.46%
Dec 09, 2010	88.37	88.55	89.42	87.71	0.10%
Dec 10, 2010	87.79	88.51	89.00	87.10	-0.66%
Dec 13, 2010	88.61	87.68	89.49	87.44	0.93%
Dec 14, 2010	88.28	88.19	88.95	87.74	-0.37%
Dec 15, 2010	88.62	88.28	89.09	86.83	0.39%
Dec 16, 2010	87.70	88.48	88.65	87.63	-1.04%
Dec 17, 2010	88.02	87.87	88.52	87.01	0.36%
Dec 20, 2010	88.81	88.18	88.98	87.26	0.90%
Dec 21, 2010	89.82	89.22	90.10	89.06	1.14%
Dec 22, 2010	90.48	89.99	90.80	89.85	0.73%
Dec 23, 2010	91.51	90.61	91.63	90.33	1.14%
Dec 27, 2010	91.00	91.07	91.88	90.51	-0.56%
Dec 28, 2010	91.49	90.79	91.67	90.75	0.54%
Dec 29, 2010	91.12	91.27	91.53	90.80	-0.40%
Dec 30, 2010	89.84	90.98	91.40	89.02	-1.40%
Dec 31, 2010	91.38	89.67	92.06	89.05	1.71%
Jan 03, 2011	91.55	91.31	92.58	91.21	0.19%
Jan 04, 2011	89.38	91.50	92.07	88.36	-2.37%
Jan 05, 2011	90.30	89.29	90.84	88.10	1.03%
Jan 06, 2011	88.38	90.47	90.71	87.85	-2.13%
Jan 07, 2011	88.03	88.18	89.48	87.25	-0.40%
Jan 10, 2011	89.25	89.00	89.98	88.13	1.39%
Jan 11, 2011	91.11	89.31	91.39	88.93	2.08%
Jan 12, 2011	91.86	91.18	92.39	90.79	0.82%
Jan 13, 2011	91.40	92.00	92.37	90.75	-0.50%
Jan 14, 2011	91.54	90.99	91.69	90.10	0.15%
Jan 18, 2011	91.38	91.51	91.90	90.55	-0.17%
Jan 19, 2011	90.86	91.34	92.10	90.47	-0.57%
Jan 20, 2011	88.86	90.70	90.86	88.00	-2.20%
Jan 21, 2011	89.11	89.45	90.22	88.87	0.28%
Jan 24, 2011	87.87	89.26	89.63	87.27	-1.39%
Jan 25, 2011	86.19	87.70	87.85	86.12	-1.91%
Jan 26, 2011	87.33	86.23	87.79	86.03	1.32%
Jan 27, 2011	85.64	87.55	87.66	85.21	-1.94%
Jan 28, 2011	89.34	85.28	89.73	85.11	4.32%
Jan 31, 2011	92.19	89.97	92.84	88.40	3.19%
Feb 01, 2011	90.77	92.20	92.45	90.33	-1.54%
Feb 02, 2011	90.86	90.51	91.78	90.10	0.10%
Feb 03, 2011	90.54	90.93	92.05	90.00	-0.35%
Feb 04, 2011	89.03	90.63	91.67	88.45	-1.67%
Feb 07, 2011	87.48	89.06	89.54	87.18	-1.74%
Feb 08, 2011	86.94	87.41	88.11	85.88	-0.62%
Feb 09, 2011	86.71	87.35	87.95	86.36	-0.26%
Feb 10, 2011	86.73	86.93	87.90	85.96	0.02%
Feb 11, 2011	85.58	87.70	87.77	85.10	-1.33%
Feb 14, 2011	84.81	85.50	86.52	84.58	-0.90%
Feb 15, 2011	84.32	84.84	85.97	83.85	-0.58%
Feb 16, 2011	84.99	84.44	85.95	84.12	0.79%
Feb 17, 2011	86.36	85.25	86.63	84.38	1.61%
Feb 18, 2011	86.20	86.40	87.88	85.65	-0.19%
Feb 22, 2011	93.57	86.38	94.49	86.25	8.55%
Feb 23, 2011	98.10	95.68	100.00	95.14	4.84%
Feb 24, 2011	97.28	98.97	103.41	95.62	-0.84%
Feb 25, 2011	97.88	96.63	99.20	96.17	0.62%
Feb 28, 2011	96.97	98.50	99.96	96.71	-0.93%
Mar 01, 2011	99.63	96.97	100.69	96.37	2.74%
Mar 02, 2011	102.23	100.48	102.50	99.21	2.61%
Mar 03, 2011	101.91	102.39	102.94	100.15	-0.31%
Mar 04, 2011	104.42	101.70	105.17	101.54	2.46%
Mar 07, 2011	105.44	104.65	106.95	104.25	0.98%
Mar 08, 2011	105.02	104.85	105.79	104.49	-0.40%
Mar 09, 2011	104.38	104.96	105.92	103.90	-0.61%
Mar 10, 2011	102.70	104.45	105.06	100.62	-1.61%
Mar 11, 2011	101.16	102.64	103.00	99.01	-1.50%
Mar 14, 2011	101.19	100.31	101.89	98.47	0.03%
Mar 15, 2011	97.18	101.86	101.87	96.71	-3.96%
Mar 16, 2011	97.98	97.40	99.60	96.22	0.82%
Mar 17, 2011	101.42	98.10	101.99	96.60	3.51%
Mar 18, 2011	101.07	101.78	103.66	100.14	-0.35%
Mar 21, 2011	102.33	102.12	103.35	101.66	1.25%
Mar 22, 2011	104.00	102.10	104.54	101.43	1.63%
Mar 23, 2011	105.75	104.85	106.34	104.38	1.68%
Mar 24, 2011	105.60	105.52	106.69	104.76	-0.14%
Mar 25, 2011	105.40	105.46	105.95	104.50	-0.19%
Mar 28, 2011	103.98	105.43	105.76	103.60	-1.35%
Mar 29, 2011	104.79	103.94	105.00	102.70	0.78%
Mar 30, 2011	104.27	104.45	105.15	103.44	-0.50%
Mar 31, 2011	106.72	104.31	106.83	104.12	2.35%
Apr 01, 2011	107.94	106.62	108.47	106.30	1.14%
Apr 04, 2011	108.47	108.29	108.78	107.58	0.49%
Apr 05, 2011	108.34	108.20	108.60	107.50	-0.12%
Apr 06, 2011	108.83	107.99	109.15	107.72	0.45%
Apr 07, 2011	110.30	108.67	110.44	108.23	1.35%
Apr 08, 2011	112.79	110.32	113.21	110.11	2.26%
Apr 11, 2011	109.92	113.28	113.46	108.68	-2.54%
Apr 12, 2011	106.25	108.97	110.24	105.47	-3.34%
Apr 13, 2011	107.11	106.02	107.43	105.31	0.81%
Apr 14, 2011	108.11	107.32	108.55	105.77	0.93%
Apr 15, 2011	109.66	108.45	110.10	107.21	1.43%
Apr 18, 2011	107.12	109.43	109.44	106.54	-2.32%
Apr 19, 2011	108.15	107.52	108.45	105.50	0.96%
Apr 20, 2011	111.45	108.45	111.66	107.96	3.05%
Apr 21, 2011	112.29	111.37	112.48	111.00	0.75%
Apr 25, 2011	112.28	112.34	113.48	111.08	-0.01%
Apr 26, 2011	112.21	112.15	112.64	111.12	-0.06%
Apr 27, 2011	112.76	111.89	113.40	110.71	0.49%
Apr 28, 2011	112.86	113.13	113.97	111.69	0.09%
Apr 29, 2011	113.93	112.82	114.18	112.25	0.95%
May 02, 2011	113.52	113.89	114.83	110.82	-0.36%
May 03, 2011	111.05	112.98	113.22	110.30	-2.18%
May 04, 2011	109.24	110.68	111.22	108.48	-1.63%
May 05, 2011	99.80	108.78	109.38	98.25	-8.64%
May 06, 2011	97.18	99.76	102.38	94.63	-2.63%
May 09, 2011	102.55	98.11	103.40	97.42	5.53%
May 10, 2011	103.88	102.44	103.95	100.12	1.30%
May 11, 2011	98.21	103.69	104.60	97.50	-5.46%
May 12, 2011	98.97	98.59	100.49	95.25	0.77%
May 13, 2011	99.65	98.81	100.70	97.09	0.69%
May 16, 2011	97.37	99.36	99.65	96.83	-2.29%
May 17, 2011	96.91	96.98	97.81	95.02	-0.47%
May 18, 2011	100.10	97.57	100.99	97.46	3.29%
May 19, 2011	98.44	99.76	100.79	98.16	-1.66%
May 20, 2011	99.49	98.60	99.90	95.99	1.07%
May 23, 2011	97.70	99.68	100.04	96.37	-1.80%
May 24, 2011	99.59	97.54	100.09	96.61	1.93%
May 25, 2011	101.32	99.27	101.63	98.20	1.74%
May 26, 2011	100.23	101.24	101.90	99.61	-1.08%
May 27, 2011	100.59	100.16	101.24	100.04	0.36%
May 31, 2011	102.70	100.69	103.39	99.60	2.10%
Jun 01, 2011	100.29	102.68	103.31	99.63	-2.35%
Jun 02, 2011	100.40	99.79	100.93	98.46	0.11%
Jun 03, 2011	100.22	100.87	100.87	98.12	-0.18%
Jun 06, 2011	99.01	100.42	100.68	98.55	-1.21%
Jun 07, 2011	99.09	98.82	99.75	97.74	0.08%
Jun 08, 2011	100.74	99.58	101.89	98.02	1.67%
Jun 09, 2011	101.93	100.83	102.44	100.74	1.18%
Jun 10, 2011	99.29	101.84	102.15	98.60	-2.59%
Jun 13, 2011	97.30	98.77	99.32	96.13	-2.00%
Jun 14, 2011	99.37	97.09	99.64	96.51	2.13%
Jun 15, 2011	94.81	99.68	99.95	94.01	-4.59%
Jun 16, 2011	94.95	95.29	95.75	94.29	0.15%
Jun 17, 2011	93.01	95.10	95.40	91.84	-2.04%
Jun 20, 2011	93.26	92.80	93.49	91.14	0.27%
Jun 21, 2011	93.40	93.49	94.74	92.50	0.15%
Jun 22, 2011	95.41	93.76	95.70	93.24	2.15%
Jun 23, 2011	91.02	94.40	94.47	89.69	-4.60%
Jun 24, 2011	91.16	92.29	92.34	89.82	0.15%
Jun 27, 2011	90.61	91.16	91.30	89.61	-0.60%
Jun 28, 2011	92.89	90.71	93.37	90.44	2.52%
Jun 29, 2011	94.77	93.37	95.84	92.66	2.02%
Jun 30, 2011	95.42	95.08	95.82	93.88	0.69%
Jul 01, 2011	94.94	95.12	95.39	93.45	-0.50%
Jul 05, 2011	96.89	94.98	97.48	94.34	2.05%
Jul 06, 2011	96.65	97.00	97.79	95.90	-0.25%
Jul 07, 2011	98.67	97.04	99.42	96.99	2.09%
Jul 08, 2011	96.20	98.79	99.18	95.60	-2.50%
Jul 11, 2011	95.15	96.10	96.75	94.14	-1.09%
Jul 12, 2011	97.43	95.09	97.50	93.55	2.40%
Jul 13, 2011	98.05	96.72	99.21	96.53	0.64%
Jul 14, 2011	95.69	97.59	98.88	94.53	-2.41%
Jul 15, 2011	97.24	96.03	97.74	95.21	1.62%
Jul 18, 2011	95.93	97.37	97.69	94.69	-1.35%
Jul 19, 2011	97.50	96.16	98.65	95.93	1.64%
Jul 20, 2011	98.14	98.11	99.02	96.64	0.66%
Jul 21, 2011	99.13	98.36	100.16	97.20	1.01%
Jul 22, 2011	99.87	99.20	100.19	98.43	0.75%
Jul 25, 2011	99.20	99.76	99.87	98.52	-0.67%
Jul 26, 2011	99.59	99.15	100.62	97.76	0.39%
Jul 27, 2011	97.40	99.18	99.50	97.14	-2.20%
Jul 28, 2011	97.44	97.27	98.01	96.51	0.04%
Jul 29, 2011	95.70	97.16	97.39	94.95	-1.79%
Aug 01, 2011	94.89	96.20	98.60	93.42	-0.85%
Aug 02, 2011	93.79	95.02	95.68	93.08	-1.16%
Aug 03, 2011	91.93	93.15	93.75	91.22	-1.98%
Aug 04, 2011	86.63	91.94	92.59	86.04	-5.77%
Aug 05, 2011	86.88	86.50	88.32	82.87	0.29%
Aug 08, 2011	81.31	85.71	85.73	80.17	-6.41%
Aug 09, 2011	79.30	81.10	83.05	75.71	-2.47%
Aug 10, 2011	82.89	81.90	83.14	79.53	4.53%
Aug 11, 2011	85.72	81.95	85.97	81.03	3.41%
Aug 12, 2011	85.38	85.55	87.37	84.02	-0.40%
Aug 15, 2011	87.88	85.59	88.05	84.40	2.93%
Aug 16, 2011	86.65	87.68	87.93	85.62	-1.40%
Aug 17, 2011	87.58	87.10	89.00	86.65	1.07%
Aug 18, 2011	82.38	87.41	87.53	81.15	-5.94%
Aug 19, 2011	82.26	81.30	83.55	79.17	-0.15%
Aug 22, 2011	84.12	82.42	84.67	81.13	2.26%
Aug 23, 2011	85.44	84.45	86.39	83.40	1.57%
Aug 24, 2011	85.16	85.67	86.59	84.55	-0.33%
Aug 25, 2011	85.30	85.17	86.56	83.01	0.16%
Aug 26, 2011	85.37	85.09	85.64	82.95	0.08%
Aug 29, 2011	87.27	85.33	87.62	85.11	2.23%
Aug 30, 2011	88.90	87.51	89.21	86.46	1.87%
Aug 31, 2011	88.81	88.79	89.54	87.67	-0.10%
Sep 01, 2011	88.93	88.73	89.90	88.21	0.14%
Sep 02, 2011	86.45	88.78	88.99	85.42	-2.79%
Sep 06, 2011	86.02	86.46	86.60	83.20	-0.50%
Sep 07, 2011	89.34	86.50	90.48	86.15	3.86%
Sep 08, 2011	89.05	90.11	90.23	88.40	-0.32%
Sep 09, 2011	87.24	88.77	89.50	85.64	-2.03%
Sep 12, 2011	88.19	86.70	88.97	85.00	1.09%
Sep 13, 2011	90.21	88.95	90.52	87.81	2.29%
Sep 14, 2011	88.91	89.88	90.25	88.21	-1.44%
Sep 15, 2011	89.40	88.60	90.15	88.01	0.55%
Sep 16, 2011	87.96	89.11	89.78	87.00	-1.61%
Sep 19, 2011	85.70	87.75	87.75	84.79	-2.57%
Sep 20, 2011	86.89	85.84	87.46	85.11	1.39%
Sep 21, 2011	85.92	86.51	87.99	84.65	-1.12%
Sep 22, 2011	80.51	84.81	85.00	79.66	-6.30%
Sep 23, 2011	79.85	80.40	81.81	77.55	-0.82%
Sep 26, 2011	80.24	79.64	81.56	77.11	0.49%
Sep 27, 2011	84.45	81.48	84.77	80.92	5.25%
Sep 28, 2011	81.21	83.76	84.62	80.49	-3.84%
Sep 29, 2011	82.14	80.67	83.98	79.64	1.15%
Sep 30, 2011	79.20	83.07	83.23	78.53	-3.58%
Oct 03, 2011	77.61	78.92	79.64	76.25	-2.01%
Oct 04, 2011	75.67	76.40	78.40	74.95	-2.50%
Oct 05, 2011	79.68	78.25	79.91	76.94	5.30%
Oct 06, 2011	82.59	79.71	82.90	79.08	3.65%
Oct 07, 2011	82.98	82.57	84.00	81.36	0.47%
Oct 10, 2011	85.41	82.75	86.09	82.75	2.93%
Oct 11, 2011	85.81	85.70	86.64	83.97	0.47%
Oct 12, 2011	85.57	85.20	86.59	84.52	-0.28%
Oct 13, 2011	84.23	84.93	85.39	83.17	-1.57%
Oct 14, 2011	86.80	84.47	87.42	83.77	3.05%
Oct 17, 2011	86.38	87.48	88.18	85.88	-0.48%
Oct 18, 2011	88.34	86.20	89.03	85.55	2.27%
Oct 19, 2011	86.11	88.26	89.51	85.87	-2.52%
Oct 20, 2011	85.30	86.10	86.94	84.10	-0.94%
Oct 21, 2011	87.40	86.50	88.89	85.95	2.46%
Oct 24, 2011	91.27	87.05	91.88	87.00	4.43%
Oct 25, 2011	93.17	91.69	94.65	91.10	2.08%
Oct 26, 2011	90.20	92.59	93.92	90.00	-3.19%
Oct 27, 2011	93.96	90.98	94.25	90.74	4.17%
Oct 28, 2011	93.32	93.93	93.93	92.01	-0.68%
Oct 31, 2011	93.19	93.53	93.80	91.36	-0.14%
Nov 01, 2011	92.19	92.58	92.88	89.17	-1.07%
Nov 02, 2011	92.51	91.60	93.79	90.97	0.35%
Nov 03, 2011	94.07	92.99	94.61	90.87	1.69%
Nov 04, 2011	94.26	94.24	94.93	92.87	0.20%
Nov 07, 2011	95.52	94.40	96.11	93.23	1.34%
Nov 08, 2011	96.80	95.87	97.08	95.23	1.34%
Nov 09, 2011	95.74	96.81	97.84	94.54	-1.10%
Nov 10, 2011	97.78	95.75	98.35	95.20	2.13%
Nov 11, 2011	98.99	97.51	99.40	97.35	1.24%
Nov 14, 2011	98.14	99.30	99.69	97.19	-0.86%
Nov 15, 2011	99.37	98.04	99.84	97.51	1.25%
Nov 16, 2011	102.59	99.32	102.89	98.39	3.24%
Nov 17, 2011	98.82	101.76	103.37	98.28	-3.67%
Nov 18, 2011	97.41	98.61	100.15	96.64	-1.43%
Nov 21, 2011	96.92	97.54	97.86	95.24	-0.50%
Nov 22, 2011	98.01	97.20	98.70	96.55	1.12%
Nov 23, 2011	96.17	97.79	97.87	95.35	-1.88%
Nov 25, 2011	96.77	95.79	97.55	94.99	0.62%
Nov 28, 2011	98.21	97.50	100.74	97.13	1.49%
Nov 29, 2011	99.79	97.75	100.15	97.23	1.61%
Nov 30, 2011	100.36	99.48	101.75	98.92	0.57%
Dec 01, 2011	100.20	100.51	101.17	98.87	-0.16%
Dec 02, 2011	100.96	100.00	101.56	99.76	0.76%
Dec 05, 2011	100.99	101.23	102.44	100.24	0.03%
Dec 06, 2011	101.28	100.45	101.42	100.20	0.29%
Dec 07, 2011	100.49	101.11	101.94	99.67	-0.78%
Dec 08, 2011	98.34	100.84	101.73	97.71	-2.14%
Dec 09, 2011	99.41	98.08	99.91	97.36	1.09%
Dec 12, 2011	97.77	99.58	99.68	97.54	-1.65%
Dec 13, 2011	100.14	97.85	101.25	97.64	2.42%
Dec 14, 2011	94.95	100.33	100.33	94.21	-5.18%
Dec 15, 2011	93.87	94.89	95.99	93.31	-1.14%
Dec 16, 2011	93.53	93.42	94.79	92.52	-0.36%
Dec 19, 2011	93.88	93.76	94.42	92.54	0.37%
Dec 20, 2011	97.22	94.14	97.45	94.14	3.56%
Dec 21, 2011	98.67	97.53	99.25	96.80	1.49%
Dec 22, 2011	99.53	99.03	100.05	98.51	0.87%
Dec 23, 2011	99.68	99.48	100.23	99.24	0.15%
Dec 27, 2011	101.34	99.92	101.77	99.37	1.67%
Dec 28, 2011	99.36	101.25	101.71	99.11	-1.95%
Dec 29, 2011	99.65	99.59	99.92	98.30	0.29%
Dec 30, 2011	98.83	99.78	100.16	98.61	-0.82%
Jan 03, 2012	102.96	99.70	103.18	99.65	4.18%
Jan 04, 2012	103.22	102.99	103.74	101.88	0.25%
Jan 05, 2012	101.81	103.29	103.73	101.30	-1.37%
Jan 06, 2012	101.56	101.35	102.80	100.88	-0.25%
Jan 09, 2012	101.31	101.92	102.15	100.10	-0.25%
Jan 10, 2012	102.24	101.30	103.41	101.30	0.92%
Jan 11, 2012	100.87	102.20	102.46	100.55	-1.34%
Jan 12, 2012	99.10	101.00	102.98	98.50	-1.75%
Jan 13, 2012	98.70	99.20	100.19	97.70	-0.40%
Jan 17, 2012	100.71	98.95	101.01	98.60	2.04%
Jan 18, 2012	100.59	100.91	102.06	99.84	-0.12%
Jan 19, 2012	100.39	101.14	102.06	99.98	-0.20%
Jan 20, 2012	98.46	100.39	100.74	97.91	-1.92%
Jan 23, 2012	99.58	98.34	100.24	97.40	1.14%
Jan 24, 2012	98.95	99.88	100.18	98.25	-0.63%
Jan 25, 2012	99.40	99.20	100.40	97.53	0.45%
Jan 26, 2012	99.70	99.96	101.39	99.23	0.30%
Jan 27, 2012	99.56	99.93	100.63	99.13	-0.14%
Jan 30, 2012	98.78	100.00	100.05	98.43	-0.78%
Jan 31, 2012	98.48	98.88	101.29	97.86	-0.30%
Feb 01, 2012	97.61	98.38	99.49	97.11	-0.88%
Feb 02, 2012	96.36	97.11	97.99	95.44	-1.28%
Feb 03, 2012	97.84	96.61	98.03	96.01	1.54%
Feb 06, 2012	96.91	97.74	97.75	96.38	-0.95%
Feb 07, 2012	98.41	97.13	99.13	95.84	1.55%
Feb 08, 2012	98.71	98.77	100.09	98.10	0.30%
Feb 09, 2012	99.84	99.10	100.18	98.66	1.14%
Feb 10, 2012	98.67	99.89	99.89	97.32	-1.17%
Feb 13, 2012	100.91	99.33	100.87	99.09	2.27%
Feb 14, 2012	100.74	100.73	101.84	100.28	-0.17%
Feb 15, 2012	101.80	100.90	102.54	100.61	1.05%
Feb 16, 2012	102.31	101.90	102.69	100.84	0.50%
Feb 17, 2012	103.24	102.35	104.14	102.25	0.91%
Feb 21, 2012	105.84	104.65	106.07	104.26	2.52%
Feb 22, 2012	106.28	106.01	106.72	105.61	0.42%
Feb 23, 2012	107.83	105.95	108.74	105.45	1.46%
Feb 24, 2012	109.77	108.66	109.95	107.95	1.80%
Feb 27, 2012	108.56	109.67	109.77	107.27	-1.10%
Feb 28, 2012	106.55	107.95	108.79	106.30	-1.85%
Feb 29, 2012	107.07	106.46	107.43	104.84	0.49%
Mar 01, 2012	108.84	106.82	110.55	106.55	1.65%
Mar 02, 2012	106.70	108.75	109.03	105.80	-1.97%
Mar 05, 2012	106.72	106.75	107.42	105.50	0.02%
Mar 06, 2012	104.70	107.11	107.34	104.51	-1.89%
Mar 07, 2012	106.16	104.93	106.55	104.35	1.39%
Mar 08, 2012	106.58	106.24	107.20	105.84	0.40%
Mar 09, 2012	107.40	106.91	108.20	106.13	0.77%
Mar 12, 2012	106.34	107.50	107.56	105.38	-0.99%
Mar 13, 2012	106.71	106.55	107.35	105.67	0.35%
Mar 14, 2012	105.43	106.69	107.02	105.12	-1.20%
Mar 15, 2012	105.11	105.50	106.18	103.78	-0.30%
Mar 16, 2012	107.06	105.44	107.34	105.13	1.86%
Mar 19, 2012	108.09	107.18	108.24	106.55	0.96%
Mar 20, 2012	105.61	107.82	107.91	105.35	-2.29%
Mar 21, 2012	107.27	106.33	107.64	106.06	1.57%
Mar 22, 2012	105.35	106.81	107.12	104.50	-1.79%
Mar 23, 2012	106.87	105.52	108.25	105.16	1.44%
Mar 26, 2012	107.03	106.79	107.32	106.19	0.15%
Mar 27, 2012	107.33	107.09	107.73	106.52	0.28%
Mar 28, 2012	105.41	106.81	106.94	104.67	-1.79%
Mar 29, 2012	102.78	105.58	105.70	102.13	-2.50%
Mar 30, 2012	103.02	103.29	104.15	102.78	0.23%
Apr 02, 2012	105.23	103.27	105.49	102.06	2.15%
Apr 03, 2012	104.01	105.04	105.18	103.59	-1.16%
Apr 04, 2012	101.47	104.09	104.12	101.08	-2.44%
Apr 05, 2012	103.31	101.96	103.40	101.37	1.81%
Apr 09, 2012	102.46	102.53	102.60	100.81	-0.82%
Apr 10, 2012	101.02	102.33	102.96	100.68	-1.41%
Apr 11, 2012	102.70	100.94	103.13	100.84	1.66%
Apr 12, 2012	103.64	102.55	104.24	102.39	0.92%
Apr 13, 2012	102.83	103.66	103.90	102.61	-0.78%
Apr 16, 2012	102.93	102.80	103.37	101.80	0.10%
Apr 17, 2012	104.20	103.15	105.07	102.66	1.23%
Apr 18, 2012	102.67	104.22	104.51	102.19	-1.47%
Apr 19, 2012	102.27	102.73	103.21	101.67	-0.39%
Apr 20, 2012	103.05	102.57	104.27	102.45	0.76%
Apr 23, 2012	103.11	103.82	103.90	101.82	0.06%
Apr 24, 2012	103.55	103.11	104.10	102.79	0.43%
Apr 25, 2012	104.12	103.76	104.57	103.11	0.55%
Apr 26, 2012	104.55	103.96	104.92	103.84	0.41%
Apr 27, 2012	104.93	104.10	105.00	103.74	0.36%
Apr 30, 2012	104.87	104.93	105.16	103.88	-0.06%
May 01, 2012	106.16	104.89	106.43	104.39	1.23%
May 02, 2012	105.22	105.98	106.05	104.91	-0.89%
May 03, 2012	102.54	105.39	105.42	102.36	-2.55%
May 04, 2012	98.49	102.59	102.72	97.51	-3.95%
May 07, 2012	97.94	98.05	98.24	95.34	-0.56%
May 08, 2012	97.01	97.96	98.12	95.52	-0.95%
May 09, 2012	96.81	97.38	97.39	95.17	-0.21%
May 10, 2012	97.08	96.45	97.69	96.08	0.28%
May 11, 2012	96.13	96.53	97.20	95.56	-0.98%
May 14, 2012	94.78	95.79	95.83	93.65	-1.40%
May 15, 2012	93.98	93.91	95.48	93.02	-0.84%
May 16, 2012	92.81	93.16	94.16	91.81	-1.24%
May 17, 2012	92.56	92.77	93.88	92.09	-0.27%
May 18, 2012	91.48	92.86	92.88	90.93	-1.17%
May 21, 2012	92.57	91.27	93.06	90.84	1.19%
May 22, 2012	91.66	92.64	93.01	91.39	-0.98%
May 23, 2012	89.90	91.54	91.72	89.28	-1.92%
May 24, 2012	90.66	90.53	91.52	89.81	0.85%
May 25, 2012	90.86	90.79	91.32	90.20	0.22%
May 29, 2012	90.76	91.00	92.21	90.25	-0.11%
May 30, 2012	87.82	90.86	90.92	87.27	-3.24%
May 31, 2012	86.53	87.55	88.28	85.86	-1.47%
Jun 01, 2012	83.23	86.44	86.59	82.29	-3.81%
Jun 04, 2012	83.98	82.96	84.38	81.21	0.90%
Jun 05, 2012	84.29	84.14	84.92	83.31	0.37%
Jun 06, 2012	85.02	84.12	86.27	84.03	0.87%
Jun 07, 2012	84.82	85.50	87.03	83.43	-0.24%
Jun 08, 2012	84.10	83.63	84.67	82.00	-0.85%
Jun 11, 2012	82.70	85.72	86.64	81.11	-1.66%
Jun 12, 2012	83.32	81.18	83.72	81.07	0.75%
Jun 13, 2012	82.62	83.51	84.01	82.15	-0.84%
Jun 14, 2012	83.91	82.44	84.42	82.27	1.56%
Jun 15, 2012	84.03	84.33	84.80	83.42	0.14%
Jun 18, 2012	83.27	85.09	85.60	82.04	-0.90%
Jun 19, 2012	84.03	83.06	84.41	82.28	0.91%
Jun 20, 2012	81.80	84.04	84.34	80.91	-2.65%
Jun 21, 2012	78.20	81.08	81.20	77.93	-4.40%
Jun 22, 2012	79.76	78.11	80.37	77.56	1.99%
Jun 25, 2012	79.21	80.20	80.68	78.03	-0.69%
Jun 26, 2012	79.36	79.23	79.68	78.36	0.19%
Jun 27, 2012	80.21	79.47	80.92	78.68	1.07%
Jun 28, 2012	77.69	80.48	80.84	77.28	-3.14%
Jun 29, 2012	84.96	78.46	85.34	78.28	9.36%
Jul 02, 2012	83.75	84.65	85.05	82.10	-1.42%
Jul 03, 2012	87.66	83.67	88.04	83.33	4.67%
Jul 05, 2012	87.22	87.75	88.98	86.50	-0.50%
Jul 06, 2012	84.45	86.73	87.13	84.02	-3.18%
Jul 09, 2012	85.99	84.20	86.48	84.00	1.82%
Jul 10, 2012	83.91	85.84	85.95	83.65	-2.42%
Jul 11, 2012	85.81	84.01	86.49	84.01	2.26%
Jul 12, 2012	86.08	86.20	86.37	84.21	0.31%
Jul 13, 2012	87.10	85.86	87.61	85.58	1.18%
Jul 16, 2012	88.43	87.13	88.48	86.41	1.53%
Jul 17, 2012	89.22	88.26	89.46	87.41	0.89%
Jul 18, 2012	89.87	89.13	90.04	88.59	0.73%
Jul 19, 2012	92.66	90.08	92.94	89.86	3.10%
Jul 20, 2012	91.44	92.22	92.30	90.66	-1.32%
Jul 23, 2012	88.14	91.61	91.64	87.91	-3.61%
Jul 24, 2012	88.50	88.05	89.09	87.43	0.41%
Jul 25, 2012	88.97	88.20	89.36	86.84	0.53%
Jul 26, 2012	89.39	89.10	90.47	88.07	0.47%
Jul 27, 2012	90.13	89.43	90.45	89.13	0.83%
Jul 30, 2012	89.78	90.14	90.95	89.33	-0.39%
Jul 31, 2012	88.06	89.67	90.30	87.31	-1.92%
Aug 01, 2012	88.91	88.03	89.47	87.51	0.97%
Aug 02, 2012	87.13	88.87	89.63	86.92	-2.00%
Aug 03, 2012	91.40	87.26	91.74	87.23	4.90%
Aug 06, 2012	92.20	91.34	92.33	90.63	0.88%
Aug 07, 2012	93.67	92.05	94.42	91.78	1.59%
Aug 08, 2012	93.35	93.41	94.72	92.82	-0.34%
Aug 09, 2012	93.36	93.43	94.21	93.07	0.01%
Aug 10, 2012	92.87	93.46	93.87	91.71	-0.52%
Aug 13, 2012	92.73	93.25	94.14	92.05	-0.15%
Aug 14, 2012	93.43	92.71	93.92	92.56	0.75%
Aug 15, 2012	94.33	93.25	94.90	92.68	0.96%
Aug 16, 2012	95.60	94.21	95.75	93.93	1.35%
Aug 17, 2012	96.01	95.23	96.28	94.98	0.43%
Aug 20, 2012	95.97	96.36	96.53	95.02	-0.04%
Aug 21, 2012	96.68	95.97	97.60	95.81	0.74%
Aug 22, 2012	97.26	96.94	97.54	96.26	0.60%
Aug 23, 2012	96.27	97.30	98.29	95.75	-1.02%
Aug 24, 2012	96.15	96.06	97.17	95.41	-0.12%
Aug 27, 2012	95.47	96.67	97.72	94.41	-0.71%
Aug 28, 2012	96.33	95.66	96.54	95.14	0.90%
Aug 29, 2012	95.49	96.08	96.37	94.76	-0.87%
Aug 30, 2012	94.62	95.30	95.60	93.95	-0.91%
Aug 31, 2012	96.47	94.75	96.92	94.51	1.96%
Sep 04, 2012	95.30	96.38	97.37	94.97	-1.21%
Sep 05, 2012	95.36	95.61	96.03	94.26	0.06%
Sep 06, 2012	95.53	96.00	97.71	94.59	0.18%
Sep 07, 2012	96.42	94.70	96.74	94.08	0.93%
Sep 10, 2012	96.54	96.24	96.63	95.34	0.12%
Sep 11, 2012	97.17	96.29	97.31	96.08	0.65%
Sep 12, 2012	97.01	96.85	98.06	96.31	-0.16%
Sep 13, 2012	98.31	96.93	98.58	96.51	1.34%
Sep 14, 2012	99.00	98.04	100.42	97.99	0.70%
Sep 17, 2012	96.62	99.15	99.52	94.65	-2.40%
Sep 18, 2012	95.29	96.71	97.23	95.11	-1.38%
Sep 19, 2012	91.98	95.49	96.17	91.25	-3.47%
Sep 20, 2012	91.87	91.77	92.37	90.66	-0.12%
Sep 21, 2012	92.89	92.93	93.84	92.59	1.11%
Sep 24, 2012	91.93	93.18	93.18	91.06	-1.03%
Sep 25, 2012	91.37	92.11	93.20	90.57	-0.61%
Sep 26, 2012	89.98	90.82	91.34	88.95	-1.52%
Sep 27, 2012	91.85	90.08	92.39	89.88	2.08%
Sep 28, 2012	92.19	92.35	92.71	91.40	0.37%
Oct 01, 2012	92.48	92.15	93.33	91.26	0.31%
Oct 02, 2012	91.89	92.41	92.94	91.62	-0.64%
Oct 03, 2012	88.14	91.64	91.82	87.70	-4.08%
Oct 04, 2012	91.71	88.01	91.84	87.91	4.05%
Oct 05, 2012	89.88	91.51	91.71	89.01	-2.00%
Oct 08, 2012	89.33	89.85	89.89	88.21	-0.61%
Oct 09, 2012	92.39	89.62	92.91	89.29	3.43%
Oct 10, 2012	91.25	92.26	93.66	91.02	-1.23%
Oct 11, 2012	92.07	91.27	92.94	91.09	0.90%
Oct 12, 2012	91.86	92.41	92.64	91.16	-0.23%
Oct 15, 2012	91.85	91.63	92.20	89.79	-0.01%
Oct 16, 2012	92.09	91.76	92.32	91.30	0.26%
Oct 17, 2012	92.12	92.08	92.85	91.55	0.03%
Oct 18, 2012	92.10	92.06	92.59	90.66	-0.02%
Oct 19, 2012	90.05	92.04	93.05	89.83	-2.23%
Oct 22, 2012	88.73	89.52	90.80	88.21	-1.47%
Oct 23, 2012	86.67	89.14	89.29	85.69	-2.32%
Oct 24, 2012	85.73	86.60	87.47	84.94	-1.08%
Oct 25, 2012	86.05	85.65	86.75	85.23	0.37%
Oct 26, 2012	86.28	86.00	86.37	85.00	0.27%
Oct 29, 2012	85.54	86.43	86.43	84.66	-0.86%
Oct 30, 2012	85.68	85.31	86.24	85.10	0.16%
Oct 31, 2012	86.24	85.73	87.19	85.61	0.65%
Nov 01, 2012	87.09	86.10	87.42	85.92	0.99%
Nov 02, 2012	84.86	86.91	87.24	84.66	-2.56%
Nov 05, 2012	85.65	84.65	85.90	84.34	0.93%
Nov 06, 2012	88.71	85.67	89.22	85.42	3.57%
Nov 07, 2012	84.44	88.42	88.80	84.05	-4.81%
Nov 08, 2012	85.09	84.52	85.70	84.22	0.77%
Nov 09, 2012	86.07	85.00	86.77	84.13	1.15%
Nov 12, 2012	85.57	86.19	86.54	85.27	-0.58%
Nov 13, 2012	85.38	85.59	85.95	84.57	-0.22%
Nov 14, 2012	86.32	85.37	86.65	84.93	1.10%
Nov 15, 2012	85.45	86.36	86.83	84.68	-1.01%
Nov 16, 2012	86.67	85.28	87.01	85.02	1.43%
Nov 19, 2012	89.28	87.30	89.80	87.11	3.01%
Nov 20, 2012	86.75	89.15	89.19	86.17	-2.83%
Nov 21, 2012	87.38	87.28	87.89	86.37	0.73%
Nov 23, 2012	88.28	87.68	88.53	86.71	1.03%
Nov 26, 2012	87.74	88.21	88.29	87.27	-0.61%
Nov 27, 2012	87.18	87.82	88.25	86.83	-0.64%
Nov 28, 2012	86.49	87.33	87.34	85.36	-0.79%
Nov 29, 2012	88.07	86.57	88.69	86.55	1.83%
Nov 30, 2012	88.91	87.66	88.99	87.47	0.95%
Dec 03, 2012	89.09	88.85	90.33	88.66	0.20%
Dec 04, 2012	88.50	88.93	89.18	87.57	-0.66%
Dec 05, 2012	87.88	88.50	89.05	87.46	-0.70%
Dec 06, 2012	86.26	87.87	88.23	85.68	-1.84%
Dec 07, 2012	85.93	86.39	86.92	85.77	-0.38%
Dec 10, 2012	85.56	85.98	86.78	85.33	-0.43%
Dec 11, 2012	85.79	85.70	86.37	85.21	0.27%
Dec 12, 2012	86.77	85.69	87.68	85.68	1.14%
Dec 13, 2012	85.89	86.77	86.97	85.81	-1.01%
Dec 14, 2012	86.73	86.13	86.92	86.05	0.98%
Dec 17, 2012	87.20	86.88	87.71	86.48	0.54%
Dec 18, 2012	87.93	87.45	88.16	87.21	0.84%
Dec 19, 2012	89.51	87.94	89.90	87.81	1.80%
Dec 20, 2012	90.13	89.69	90.54	89.26	0.69%
Dec 21, 2012	88.66	90.02	90.07	87.96	-1.63%
Dec 24, 2012	88.61	88.60	88.86	88.20	-0.06%
Dec 26, 2012	90.98	88.62	91.30	88.59	2.67%
Dec 27, 2012	90.87	91.00	91.44	90.05	-0.12%
Dec 28, 2012	90.80	91.15	91.49	90.32	-0.08%
Dec 31, 2012	91.82	90.41	91.99	90.00	1.12%
Jan 02, 2013	93.12	91.78	93.87	91.56	1.42%
Jan 03, 2013	92.92	92.91	93.30	92.49	-0.21%
Jan 04, 2013	93.09	92.86	93.21	91.52	0.18%
Jan 07, 2013	93.19	93.21	93.35	92.42	0.11%
Jan 08, 2013	93.15	93.32	93.80	92.67	-0.04%
Jan 09, 2013	93.10	93.15	93.65	92.68	-0.05%
Jan 10, 2013	93.82	93.19	94.70	93.08	0.77%
Jan 11, 2013	93.56	93.87	94.13	92.65	-0.28%
Jan 14, 2013	94.14	93.74	94.29	92.95	0.62%
Jan 15, 2013	93.28	94.20	94.44	93.22	-0.91%
Jan 16, 2013	94.24	93.40	94.36	93.10	1.03%
Jan 17, 2013	95.49	94.19	96.04	93.80	1.33%
Jan 18, 2013	95.56	95.19	95.67	94.91	0.07%
Jan 22, 2013	96.24	95.25	96.38	94.98	0.71%
Jan 23, 2013	95.23	96.76	96.92	94.95	-1.05%
Jan 24, 2013	95.95	95.50	96.68	95.12	0.76%
Jan 25, 2013	95.88	95.95	96.56	95.43	-0.07%
Jan 28, 2013	96.44	96.04	96.81	95.47	0.58%
Jan 29, 2013	97.57	96.46	97.82	96.29	1.17%
Jan 30, 2013	97.94	97.32	98.24	97.32	0.38%
Jan 31, 2013	97.49	97.96	98.04	96.84	-0.46%
Feb 01, 2013	97.77	97.42	98.15	96.51	0.29%
Feb 04, 2013	96.17	97.72	97.76	95.89	-1.64%
Feb 05, 2013	96.64	96.13	97.07	95.91	0.49%
Feb 06, 2013	96.62	96.64	96.99	95.04	-0.02%
Feb 07, 2013	95.83	96.86	97.21	95.54	-0.82%
Feb 08, 2013	95.72	95.92	96.57	95.27	-0.11%
Feb 11, 2013	97.03	95.79	97.09	94.97	1.37%
Feb 12, 2013	97.51	96.96	97.79	96.68	0.49%
Feb 13, 2013	97.01	97.59	98.11	96.63	-0.51%
Feb 14, 2013	97.31	97.17	97.71	96.77	0.31%
Feb 15, 2013	95.86	97.34	97.47	95.21	-1.49%
Feb 19, 2013	96.66	95.97	96.73	95.25	0.83%
Feb 20, 2013	94.46	96.66	97.07	93.92	-2.28%
Feb 21, 2013	92.84	94.72	94.92	92.63	-1.72%
Feb 22, 2013	93.13	92.96	93.48	92.44	0.31%
Feb 25, 2013	93.11	93.23	94.46	92.07	-0.02%
Feb 26, 2013	92.63	91.92	93.44	91.92	-0.52%
Feb 27, 2013	92.76	92.72	93.37	92.18	0.14%
Feb 28, 2013	92.05	92.89	93.18	91.57	-0.77%
Mar 01, 2013	90.68	91.76	91.97	90.04	-1.49%
Mar 04, 2013	90.12	90.71	90.91	89.33	-0.62%
Mar 05, 2013	90.82	90.23	90.99	90.02	0.78%
Mar 06, 2013	90.43	90.83	91.17	89.55	-0.43%
Mar 07, 2013	91.56	90.42	91.73	90.22	1.25%
Mar 08, 2013	91.95	91.42	92.03	90.83	0.43%
Mar 11, 2013	92.06	91.83	92.15	90.89	0.12%
Mar 12, 2013	92.54	91.94	93.47	91.60	0.52%
Mar 13, 2013	92.52	92.62	93.40	91.91	-0.02%
Mar 14, 2013	93.03	92.51	93.25	92.01	0.55%
Mar 15, 2013	93.45	93.15	93.84	93.00	0.45%
Mar 18, 2013	93.74	93.26	93.94	91.76	0.31%
Mar 19, 2013	92.16	93.80	94.09	92.03	-1.69%
Mar 20, 2013	92.96	92.09	93.28	92.09	0.87%
Mar 21, 2013	92.45	93.40	93.53	91.84	-0.55%
Mar 22, 2013	93.71	92.33	93.94	92.33	1.36%
Mar 25, 2013	94.81	93.72	95.65	93.70	1.17%
Mar 26, 2013	96.34	94.75	96.45	94.67	1.61%
Mar 27, 2013	96.58	96.18	96.84	95.58	0.25%
Mar 28, 2013	97.23	96.68	97.35	96.26	0.67%
Apr 01, 2013	97.07	97.36	97.80	95.92	-0.16%
Apr 02, 2013	97.19	97.00	97.44	95.91	0.12%
Apr 03, 2013	94.45	96.93	96.96	94.18	-2.82%
Apr 04, 2013	93.26	94.50	94.84	92.12	-1.26%
Apr 05, 2013	92.70	93.36	93.57	91.91	-0.60%
Apr 08, 2013	93.36	93.02	93.75	92.46	0.71%
Apr 09, 2013	94.20	93.49	94.48	92.86	0.90%
Apr 10, 2013	94.64	93.96	94.82	93.40	0.47%
Apr 11, 2013	93.51	94.56	94.64	93.06	-1.19%
Apr 12, 2013	91.29	93.49	93.52	90.27	-2.37%
Apr 15, 2013	88.71	90.95	90.98	87.20	-2.83%
Apr 16, 2013	88.72	87.42	88.96	86.06	0.01%
Apr 17, 2013	86.68	88.80	89.09	86.06	-2.30%
Apr 18, 2013	87.73	86.39	88.51	85.61	1.21%
Apr 19, 2013	88.01	88.37	88.79	87.56	0.32%
Apr 22, 2013	88.76	87.96	89.13	87.55	0.85%
Apr 23, 2013	89.18	89.28	89.60	87.80	0.47%
Apr 24, 2013	91.43	89.60	91.72	89.21	2.52%
Apr 25, 2013	93.64	91.58	93.87	91.11	2.42%
Apr 26, 2013	93.00	93.24	93.58	92.06	-0.68%
Apr 29, 2013	94.50	92.70	94.69	92.43	1.61%
Apr 30, 2013	93.46	94.42	94.62	92.86	-1.10%
May 01, 2013	91.03	93.08	93.26	90.11	-2.60%
May 02, 2013	93.99	91.00	94.25	90.65	3.25%
May 03, 2013	95.61	93.99	96.04	93.56	1.72%
May 05, 2013	96.89	95.58	96.95	95.58	1.34%
May 06, 2013	95.67	96.90	97.13	94.86	-1.26%
May 07, 2013	95.47	95.68	96.26	94.95	-0.21%
May 08, 2013	96.53	95.47	96.75	95.25	1.12%
May 09, 2013	96.13	96.52	96.76	95.37	-0.42%
May 10, 2013	95.94	96.14	96.24	93.39	-0.20%
May 12, 2013	95.56	95.75	95.78	95.56	-0.40%
May 13, 2013	95.22	95.56	95.73	94.49	-0.35%
May 14, 2013	94.34	95.22	95.66	93.87	-0.92%
May 15, 2013	94.28	94.33	94.44	92.16	-0.07%
May 16, 2013	95.06	94.28	95.56	93.28	0.83%
May 17, 2013	95.91	95.06	96.42	94.80	0.90%
May 19, 2013	96.14	96.28	96.28	95.81	0.25%
May 20, 2013	96.81	96.12	97.35	95.52	0.69%
May 21, 2013	95.65	96.82	97.22	95.53	-1.19%
May 22, 2013	93.98	95.66	96.19	93.89	-1.74%
May 23, 2013	94.14	94.00	94.44	92.24	0.16%
May 24, 2013	93.83	94.16	94.33	93.05	-0.32%
May 26, 2013	93.54	93.86	93.88	93.49	-0.31%
May 27, 2013	93.83	93.53	94.03	93.25	0.32%
May 28, 2013	94.77	93.83	95.91	93.55	0.99%
May 29, 2013	92.85	94.83	95.22	92.73	-2.02%
May 30, 2013	93.42	92.86	93.98	91.68	0.61%
May 31, 2013	91.64	93.44	93.85	91.56	-1.91%
Jun 02, 2013	91.43	91.70	91.80	91.29	-0.22%
Jun 03, 2013	93.14	91.44	93.68	91.38	1.88%
Jun 04, 2013	93.72	93.15	94.39	92.39	0.62%
Jun 05, 2013	93.78	93.74	94.47	93.41	0.06%
Jun 06, 2013	94.75	93.76	95.32	93.69	1.04%
Jun 07, 2013	96.20	94.75	96.38	93.75	1.54%
Jun 09, 2013	96.22	96.08	96.24	96.06	0.02%
Jun 10, 2013	95.83	96.22	96.23	95.22	-0.41%
Jun 11, 2013	94.90	95.83	95.89	94.07	-0.97%
Jun 12, 2013	95.61	94.91	96.44	94.47	0.75%
Jun 13, 2013	96.67	95.62	96.88	95.05	1.10%
Jun 14, 2013	97.84	96.66	98.25	96.42	1.22%
Jun 16, 2013	97.92	98.08	98.08	97.86	0.08%
Jun 17, 2013	98.10	97.92	98.94	97.61	0.18%
Jun 18, 2013	98.72	98.09	98.88	97.66	0.64%
Jun 19, 2013	97.78	98.73	99.20	97.77	-0.95%
Jun 20, 2013	94.87	97.85	97.89	94.64	-2.98%
Jun 21, 2013	93.89	94.89	95.80	93.13	-1.03%
Jun 23, 2013	93.84	93.86	93.86	93.45	-0.05%
Jun 24, 2013	94.84	93.82	95.58	92.73	1.07%
Jun 25, 2013	95.06	94.86	96.16	94.61	0.23%
Jun 26, 2013	95.42	95.06	95.69	93.71	0.37%
Jun 27, 2013	96.83	95.41	97.39	95.36	1.48%
Jun 28, 2013	96.45	96.83	97.81	96.33	-0.38%
Jun 30, 2013	96.40	96.55	96.58	96.25	-0.06%
Jul 01, 2013	97.99	96.39	98.28	96.08	1.65%
Jul 02, 2013	100.54	97.98	100.63	97.78	2.60%
Jul 03, 2013	101.29	100.42	102.16	100.33	0.75%
Jul 04, 2013	101.40	101.27	101.58	100.70	0.11%
Jul 05, 2013	103.48	101.41	103.48	100.91	2.06%
Jul 07, 2013	103.75	103.81	103.97	103.52	0.25%
Jul 08, 2013	103.02	103.77	103.80	102.14	-0.70%
Jul 09, 2013	104.42	103.02	104.74	102.31	1.36%
Jul 10, 2013	106.58	104.47	106.94	104.22	2.07%
Jul 11, 2013	104.43	106.47	107.44	104.32	-2.02%
Jul 12, 2013	106.17	104.44	106.19	104.42	1.67%
Jul 14, 2013	105.31	105.64	105.66	105.25	-0.81%
Jul 15, 2013	106.04	105.31	106.19	104.30	0.69%
Jul 16, 2013	105.50	106.05	106.76	105.41	-0.51%
Jul 17, 2013	106.14	105.52	106.46	104.80	0.61%
Jul 18, 2013	107.80	106.18	108.18	105.94	1.56%
Jul 19, 2013	108.23	107.79	108.92	106.97	0.40%
Jul 21, 2013	108.16	108.10	108.28	107.91	-0.07%
Jul 22, 2013	107.01	108.14	108.59	106.50	-1.06%
Jul 23, 2013	107.45	107.00	107.53	105.47	0.41%
Jul 24, 2013	105.19	107.44	107.50	104.81	-2.10%
Jul 25, 2013	105.48	105.22	105.84	104.13	0.28%
Jul 26, 2013	104.62	105.48	105.62	103.92	-0.81%
Jul 28, 2013	104.55	104.63	104.89	104.43	-0.07%
Jul 29, 2013	104.19	104.55	105.36	103.88	-0.34%
Jul 30, 2013	103.16	104.19	104.45	102.69	-0.99%
Jul 31, 2013	105.36	103.15	105.42	102.95	2.13%
Aug 01, 2013	107.74	105.36	108.04	105.25	2.26%
Aug 02, 2013	106.85	107.73	108.76	106.47	-0.83%
Aug 04, 2013	106.66	106.69	106.92	106.61	-0.18%
Aug 05, 2013	106.42	106.66	107.69	105.71	-0.22%
Aug 06, 2013	105.52	106.42	107.23	104.89	-0.85%
Aug 07, 2013	104.25	105.53	105.77	104.11	-1.20%
Aug 08, 2013	103.81	104.25	104.95	102.28	-0.42%
Aug 09, 2013	106.17	103.81	106.24	103.63	2.27%
Aug 11, 2013	105.83	105.90	106.03	105.76	-0.32%
Aug 12, 2013	106.20	105.80	106.45	105.06	0.35%
Aug 13, 2013	106.50	106.20	107.19	105.58	0.28%
Aug 14, 2013	107.06	106.50	107.08	105.62	0.53%
Aug 15, 2013	107.24	107.07	107.86	106.61	0.17%
Aug 16, 2013	107.69	107.25	108.16	106.57	0.42%
Aug 18, 2013	107.22	107.44	107.55	106.94	-0.44%
Aug 19, 2013	106.84	107.22	107.53	106.32	-0.35%
Aug 20, 2013	105.00	106.86	106.91	104.67	-1.72%
Aug 21, 2013	103.61	105.05	105.30	103.52	-1.32%
Aug 22, 2013	105.04	103.61	105.25	103.56	1.38%
Aug 23, 2013	106.36	105.05	106.91	104.32	1.25%
Aug 25, 2013	107.19	106.84	107.31	106.84	0.79%
Aug 26, 2013	106.29	107.19	107.19	105.58	-0.84%
Aug 27, 2013	109.64	106.29	109.80	105.89	3.15%
Aug 28, 2013	109.30	109.75	112.22	109.18	-0.31%
Aug 29, 2013	106.97	109.30	110.03	106.78	-2.13%
Aug 30, 2013	107.66	107.22	108.74	106.98	0.64%
Sep 01, 2013	105.94	106.99	107.00	105.06	-1.59%
Sep 02, 2013	106.75	105.91	107.29	105.86	0.76%
Sep 03, 2013	108.38	106.76	108.81	106.56	1.52%
Sep 04, 2013	107.37	108.39	108.44	106.82	-0.93%
Sep 05, 2013	108.20	107.36	108.66	107.14	0.77%
Sep 06, 2013	110.26	108.22	110.70	108.13	1.90%
Sep 08, 2013	109.91	110.13	110.14	109.78	-0.32%
Sep 09, 2013	108.50	109.92	110.44	108.23	-1.28%
Sep 10, 2013	107.19	108.69	108.89	106.44	-1.22%
Sep 11, 2013	107.67	107.22	108.06	106.58	0.45%
Sep 12, 2013	108.62	107.67	109.16	107.31	0.89%
Sep 13, 2013	108.53	108.63	108.64	107.24	-0.08%
Sep 15, 2013	106.62	106.76	106.76	106.23	-1.76%
Sep 16, 2013	105.36	106.61	107.30	105.35	-1.19%
Sep 17, 2013	104.71	105.39	105.95	104.40	-0.61%
Sep 18, 2013	107.56	104.70	107.78	104.56	2.72%
Sep 19, 2013	105.52	107.56	108.14	105.43	-1.90%
Sep 20, 2013	104.86	105.53	106.11	104.51	-0.62%
Sep 22, 2013	104.53	104.80	104.80	104.44	-0.31%
Sep 23, 2013	103.37	104.53	105.09	103.16	-1.11%
Sep 24, 2013	103.41	103.39	103.64	102.31	0.03%
Sep 25, 2013	102.32	103.40	103.95	102.20	-1.05%
Sep 26, 2013	102.76	102.31	103.28	102.20	0.43%
Sep 27, 2013	102.84	102.77	103.77	102.36	0.08%
Sep 29, 2013	101.99	102.38	102.38	101.84	-0.83%
Sep 30, 2013	102.36	102.00	102.75	101.06	0.36%
Oct 01, 2013	101.62	102.36	102.56	101.07	-0.71%
Oct 02, 2013	103.67	101.61	104.21	101.44	2.01%
Oct 03, 2013	103.05	103.67	104.37	102.88	-0.60%
Oct 04, 2013	103.64	103.03	104.17	103.02	0.58%
Oct 06, 2013	103.48	103.36	103.56	103.33	-0.15%
Oct 07, 2013	103.14	103.45	103.72	101.88	-0.33%
Oct 08, 2013	103.62	103.14	104.06	102.86	0.47%
Oct 09, 2013	101.56	103.62	103.75	101.21	-1.99%
Oct 10, 2013	102.81	101.56	103.57	101.21	1.23%
Oct 11, 2013	101.82	102.80	102.89	100.63	-0.96%
Oct 13, 2013	101.46	101.39	101.52	101.23	-0.35%
Oct 14, 2013	102.28	101.47	102.58	101.08	0.81%
Oct 15, 2013	101.21	102.28	102.45	100.89	-1.05%
Oct 16, 2013	102.16	101.20	102.95	100.78	0.93%
Oct 17, 2013	100.71	102.17	102.31	100.06	-1.41%
Oct 18, 2013	100.85	100.74	101.70	100.53	0.14%
