639.75
642.60
628.70
609.50
609.50
609.60
608.40
612.00
619.75
627.00
627.05
626.50
635.00
629.00
639.00
642.50
642.10
651.75
645.50
644.75
645.20
650.50
660.20
645.70
649.40
653.25
653.75
656.00
664.50
664.55
667.80
668.25
664.75
665.10
670.75
663.90
661.25
676.60
683.00
685.75
676.20
664.20
670.40
651.90
636.75
643.75
646.40
654.25
652.25
647.75
650.80
643.25
648.50
653.20
655.00
659.00
658.75
663.00
656.25
663.00
664.00
666.75
661.00
661.75
658.25
664.25
672.25
673.50
677.40
678.20
677.25
681.75
686.50
688.00
688.75
681.90
691.40
688.70
688.40
684.00
673.00
677.50
677.00
673.60
669.50
674.20
688.80
684.25
683.00
673.50
669.00
670.20
668.25
667.75
656.75
657.00
658.00
662.00
662.05
659.00
655.30
660.15
652.65
659.10
666.50
671.10
671.50
669.70
668.75
655.25
650.30
647.25
647.65
653.25
653.10
656.00
656.30
657.70
650.50
652.85
650.75
647.00
642.10
647.25
650.50
654.75
654.25
654.15
651.00
648.75
661.25
661.70
663.00
667.25
666.50
666.00
666.50
666.75
674.50
681.60
682.00
684.30
674.75
670.00
660.50
661.50
665.50
665.75
666.25
670.50
671.50
668.00
675.50
662.60
668.50
668.75
668.35
667.25
662.25
657.50
659.50
657.50
659.50
660.75
660.85
666.00
664.25
666.00
672.00
672.00
678.75
680.25
688.15
701.00
703.50
704.15
706.00
704.50
716.35
719.00
714.75
725.15
734.50
737.00
730.00
728.50
734.75
731.75
743.00
742.50
731.00
730.25
725.50
737.00
733.75
736.00
741.25
749.00
749.50
758.85
756.75
762.50
764.15
763.00
751.25
758.25
757.50
767.50
779.15
788.50
783.25
789.50
790.25
796.50
804.75
822.50
834.50
841.10
831.50
803.50
804.25
813.50
794.00
789.75
778.85
795.50
798.00
803.25
815.25
830.00
810.75
801.75
794.50
783.50
784.25
797.50
793.00
801.50
792.50
809.50
808.75
814.00
800.70
789.50
790.75
804.25
799.75
795.25
810.50
829.00
833.75
846.75
858.85
855.00
859.25
873.50
877.00
884.25
891.00
902.00
913.00
889.75
888.25
882.00
871.25
875.00
888.25
909.25
918.25
921.75
924.50
919.00
923.25
914.75
893.75
887.50
903.00
899.75
916.25
918.00
917.00
899.00
906.00
912.50
903.25
924.00
920.00
945.00
943.00
937.75
937.00
959.50
959.75
971.50
988.50
984.75
974.50
976.50
972.50
969.25
970.00
975.50
995.00
1003.50
1011.25
1006.75
958.50
925.75
926.75
946.75
946.75
934.25
933.50
887.75
890.00
896.50
905.50
926.50
915.00
917.00
928.00
927.75
926.50
929.75
945.00
946.00
908.75
918.50
918.00
898.50
895.50
891.50
890.50
880.00
871.00
853.00
853.50
880.00
868.25
877.00
876.00
883.50
865.00
866.50
881.25
897.00
906.50
914.50
923.00
922.75
927.50
906.75
902.50
883.00
885.75
888.25
879.25
883.50
878.75
890.50
896.25
878.00
876.25
862.25
866.00
888.25
881.50
887.50
903.00
907.50
881.00
889.50
882.75
909.50
919.50
930.25
937.50
935.25
934.00
931.25
916.75
921.00
927.25
939.50
962.75
968.00
986.00
977.50
965.50
959.75
960.50
961.50
926.50
928.00
920.50
923.50
916.75
897.50
918.00
912.50
905.75
882.00
879.50
871.50
852.50
852.50
817.75
818.50
818.00
786.50
796.25
788.75
815.75
833.50
824.00
827.00
827.00
838.25
833.00
822.25
798.50
803.50
805.75
808.50
808.00
781.75
775.75
740.75
750.25
775.00
779.50
813.00
863.00
869.00
889.00
899.00
896.00
888.50
902.00
905.00
884.50
880.00
852.00
828.00
875.50
876.75
903.50
883.50
900.50
831.50
832.50
847.00
802.50
784.50
795.00
772.00
744.00
720.00
712.50
730.50
730.50
764.00
755.25
730.75
729.50
741.25
753.75
754.50
735.25
753.00
733.75
724.75
713.50
747.50
734.00
738.00
762.00
738.00
774.50
822.50
820.50
812.50
814.00
814.50
778.00
780.00
766.25
773.25
749.00
767.25
767.75
802.25
827.75
826.50
826.00
838.25
870.00
855.25
835.75
849.00
843.50
880.25
869.75
874.50
853.50
848.25
848.50
855.75
847.25
827.00
826.50
821.50
810.00
833.75
833.00
853.25
849.25
860.00
875.75
910.25
897.50
895.25
892.25
919.50
918.25
904.50
905.00
920.00
913.00
895.00
909.75
938.00
943.25
935.50
942.50
968.00
964.00
980.50
989.00
985.75
984.25
978.50
936.50
952.00
937.25
913.75
908.50
913.00
936.00
923.75
901.50
899.50
925.25
928.00
919.50
915.50
893.25
956.50
954.00
949.25
923.75
929.00
938.25
924.00
928.00
916.50
924.50
897.75
905.00
870.25
879.75
880.00
880.50
887.50
891.00
880.50
870.50
877.00
888.75
886.00
897.50
907.50
907.50
891.00
898.25
883.25
884.50
910.00
910.00
912.25
907.00
913.00
917.00
924.00
925.25
929.50
921.00
924.75
939.50
937.50
959.75
945.00
951.00
957.75
975.50
981.75
980.00
976.75
970.75
962.00
943.75
956.00
953.75
947.50
937.25
932.25
934.00
930.50
940.50
935.25
919.25
920.75
933.50
937.25
942.00
935.50
934.50
938.25
929.50
932.50
924.50
924.00
918.00
911.75
913.00
908.50
924.75
938.00
935.00
937.50
952.75
947.75
948.25
950.00
951.50
955.00
944.25
931.00
932.50
939.00
959.75
960.50
960.50
964.00
956.00
945.00
942.75
947.25
953.50
953.50
932.75
935.00
943.00
940.50
952.50
951.50
950.50
940.50
943.00
955.50
955.00
964.75
983.00
989.00
993.00
1000.75
999.50
990.75
1008.25
999.25
996.00
1015.75
1018.50
1012.00
997.00
1014.00
1010.25
1009.75
991.50
991.75
989.50
995.75
1004.75
1003.50
1005.50
1038.75
1040.25
1045.00
1051.50
1058.75
1057.50
1059.50
1053.50
1047.50
1050.50
1061.75
1053.75
1053.00
1061.75
1054.00
1036.50
1031.75
1040.50
1040.00
1062.00
1061.00
1090.00
1089.00
1096.75
1106.75
1101.50
1115.25
1114.75
1104.00
1130.00
1134.75
1149.00
1135.50
1140.00
1169.50
1163.25
1179.75
1182.75
1166.50
1175.75
1192.50
1212.50
1208.75
1190.25
1142.50
1146.75
1141.00
1128.50
1124.00
1123.75
1122.00
1137.50
1117.00
1104.50
1105.50
1084.00
1085.25
1106.00
1087.50
1121.50
1123.25
1130.00
1130.25
1126.75
1153.00
1151.25
1127.25
1138.25
1128.00
1134.50
1133.00
1120.25
1108.25
1084.00
1095.25
1093.25
1094.75
1088.00
1078.50
1086.50
1111.00
1115.25
1083.25
1058.00
1064.00
1071.25
1069.50
1076.25
1082.00
1098.25
1115.25
1119.00
1118.00
1112.75
1115.25
1107.00
1103.00
1094.50
1108.25
1114.00
1126.50
1136.50
1134.50
1135.00
1125.75
1115.75
1120.50
1104.00
1106.25
1104.25
1124.75
1121.75
1122.75
1105.50
1097.75
1101.50
1090.75
1093.00
1096.50
1107.50
1107.00
1115.50
1123.50
1132.75
1142.00
1148.00
1152.50
1158.75
1148.25
1153.75
1154.50
1151.50
1136.25
1144.75
1143.00
1133.75
1139.50
1154.50
1149.50
1161.00
1166.75
1179.25
1185.00
1165.00
1185.25
1202.25
1196.50
1222.50
1237.50
1237.50
1236.50
1236.00
1216.75
1195.00
1192.00
1179.75
1187.00
1198.25
1212.00
1211.00
1207.50
1227.75
1215.00
1215.00
1203.50
1215.00
1246.00
1233.50
1217.50
1220.00
1223.75
1225.00
1234.50
1245.00
1256.00
1254.50
1236.00
1226.50
1236.25
1254.00
1261.00
1234.50
1244.00
1234.00
1201.50
1208.00
1195.00
1193.25
1193.50
1208.75
1205.50
1216.00
1207.00
1208.00
1189.25
1181.00
1183.00
1191.50
1199.50
1190.50
1183.50
1168.00
1157.00
1162.50
1169.00
1188.50
1187.50
1199.50
1192.50
1207.75
1203.00
1192.50
1205.50
1213.00
1214.25
1223.50
1226.00
1218.00
1233.50
1223.50
1226.00
1222.00
1237.50
1237.00
1235.00
1246.00
1246.50
1248.50
1240.50
1249.00
1256.75
1255.00
1255.00
1246.50
1243.75
1265.50
1267.00
1272.50
1274.00
1279.25
1275.00
1293.50
1290.75
1297.00
1297.00
1294.00
1307.50
1307.00
1316.25
1313.50
1330.50
1346.50
1345.00
1341.50
1351.50
1348.50
1365.50
1373.25
1367.50
1367.25
1339.00
1339.00
1343.50
1322.50
1337.50
1329.50
1324.50
1333.50
1346.75
1354.50
1351.00
1345.50
1381.00
1395.50
1388.50
1421.00
1390.50
1398.50
1388.50
1368.50
1349.00
1337.50
1350.25
1342.50
1356.50
1377.50
1372.50
1373.25
1355.00
1357.00
1383.50
1385.50
1389.00
1403.50
1415.25
1420.00
1385.50
1391.25
1375.25
1399.00
1394.50
1388.75
1363.00
1368.50
1380.00
1383.00
1387.00
1373.50
1412.50
1405.50
1388.50
1368.00
1368.50
1367.00
1368.25
1374.00
1378.75
1381.50
1367.00
1360.50
1369.50
1372.00
1345.50
1343.50
1343.00
1324.00
1328.00
1334.50
1319.00
1327.00
1331.50
1337.00
1328.00
1355.00
1347.50
1363.50
1365.00
1353.25
1364.00
1365.00
1372.75
1371.25
1379.00
1383.50
1403.00
1401.00
1409.25
1411.50
1402.50
1411.00
1420.75
1435.50
1421.50
1427.00
1437.50
1426.25
1431.00
1413.25
1411.50
1422.25
1400.50
1402.00
1403.75
1420.00
1432.00
1426.00
1439.50
1447.00
1436.00
1417.00
1417.50
1425.50
1439.00
1435.50
1433.50
1461.50
1459.50
1469.50
1468.00
1450.50
1457.50
1465.75
1476.75
1493.00
1490.50
1501.00
1504.00
1497.50
1511.00
1535.50
1540.25
1541.00
1511.00
1486.50
1502.00
1513.50
1508.00
1489.50
1505.75
1500.75
1478.50
1496.50
1493.00
1490.75
1510.50
1527.00
1526.25
1518.50
1533.00
1536.50
1533.75
1539.50
1540.00
1549.00
1545.00
1537.75
1537.75
1529.25
1526.25
1516.00
1529.75
1523.25
1537.50
1544.00
1544.75
1552.50
1523.00
1514.75
1498.00
1499.00
1504.25
1505.50
1483.00
1495.00
1510.00
1527.25
1527.50
1541.50
1555.50
1550.50
1579.00
1590.50
1587.00
1599.00
1601.00
1586.00
1601.00
1602.00
1613.50
1612.75
1625.00
1613.50
1628.50
1623.00
1637.75
1669.25
1679.50
1658.75
1693.00
1736.00
1772.00
1760.00
1736.00
1739.00
1782.50
1790.00
1824.00
1848.00
1877.50
1876.00
1770.00
1729.00
1788.00
1825.00
1813.50
1821.00
1875.25
1895.00
1895.00
1810.00
1855.00
1851.00
1834.00
1820.00
1818.50
1782.00
1794.00
1794.00
1799.00
1793.00
1722.00
1689.00
1598.00
1659.00
1643.00
1613.00
1620.00
1655.50
1638.00
1617.00
1635.00
1652.00
1661.00
1663.00
1682.00
1656.00
1678.00
1682.00
1631.00
1652.50
1620.00
1642.50
1652.00
1656.00
1715.00
1718.00
1741.00
1722.00
1699.00
1743.00
1758.00
1749.00
1782.00
1795.00
1784.00
1756.00
1773.00
1776.00
1785.00
1756.00
1742.50
1719.00
1702.00
1699.00
1681.00
1692.50
1688.50
1714.00
1717.00
1746.00
1752.00
1747.00
1744.00
1708.00
1735.50
1715.00
1709.00
1659.50
1672.50
1603.00
1574.00
1594.00
1598.00
1613.50
1608.00
1606.50
1571.00
1531.00
1531.00
1598.00
1613.00
1599.00
1616.50
1615.00
1637.00
1634.50
1661.00
1635.50
1641.00
1656.00
1647.00
1655.00
1653.00
1675.50
1665.50
1650.00
1727.00
1726.00
1729.00
1744.00
1740.00
1751.00
1734.00
1719.00
1724.00
1746.00
1748.00
1711.50
1720.00
1722.00
1733.00
1713.00
1723.00
1733.00
1748.00
1752.00
1777.00
1777.50
1772.00
1781.00
1770.00
1714.00
1707.00
1705.00
1669.00
1677.50
1690.00
1687.50
1697.50
1690.00
1644.25
1648.00
1658.00
1661.50
1656.75
1649.25
1635.50
1664.00
1680.25
1692.00
1676.00
1657.50
1662.50
1677.50
1676.25
1621.00
1631.00
1644.00
1658.00
1668.50
1666.50
1653.00
1635.50
1644.00
1650.00
1641.50
1629.00
1649.50
1637.75
1653.50
1663.50
1651.25
1664.00
1648.00
1637.75
1643.75
1602.50
1582.50
1598.50
1583.00
1558.50
1556.50
1548.50
1554.00
1589.50
1592.50
1582.50
1549.00
1568.50
1569.50
1574.60
1579.50
1540.00
1558.00
1606.00
1635.00
1606.00
1576.50
1584.00
1603.50
1619.50
1613.50
1627.25
1615.50
1625.50
1601.00
1582.00
1565.50
1570.00
1576.00
1573.50
1558.50
1598.50
1592.00
1617.50
1613.50
1604.00
1587.00
1585.00
1595.25
1577.00
1556.25
1595.50
1589.75
1585.25
1575.25
1584.00
1576.25
1572.25
1583.25
1601.00
1618.00
1618.25
1617.75
1622.00
1599.00
1597.00
1602.00
1610.00
1611.00
1613.25
1615.00
1618.50
1622.50
1597.75
1601.75
1604.50
1614.75
1615.00
1639.50
1642.00
1665.25
1667.00
1668.00
1660.00
1660.50
1648.50
1691.50
1697.00
1690.00
1701.00
1728.00
1732.00
1736.75
1737.00
1733.25
1775.50
1770.00
1769.50
1766.75
1758.50
1784.50
1762.50
1771.50
1744.75
1763.00
1776.00
1787.00
1775.50
1775.25
1791.75
1784.00
1773.50
1774.00
1761.25
1769.00
1766.75
1736.00
1746.50
1749.00
1743.00
1737.00
1726.75
1711.00
1706.50
1715.50
1716.00
1707.00
1710.00
1719.00
1716.25
1685.00
1683.50
1691.00
1715.25
1717.00
1738.25
1735.25
1726.25
1726.25
1710.00
1713.50
1730.50
1732.25
1724.00
1731.00
1734.50
1750.50
1746.25
1708.00
1725.00
1726.00
1720.00
1697.75
1694.00
1694.25
1701.50
1712.50
1710.00
1716.25
1692.75
1696.25
1695.75
1694.00
1665.00
1650.50
1651.50
1655.50
1693.75
1679.50
1648.00
1645.25
1656.00
1657.75
1675.00
1657.50
1666.50
1680.50
1676.25
1675.00
1688.50
1687.50
1690.50
1690.25
1671.00
1660.00
1656.50
1663.50
1677.50
1664.75
1669.00
1666.00
1673.50
1674.25
1668.00
1668.25
1652.00
1647.50
1645.00
1646.00
1612.25
1610.75
1607.75
1588.50
1577.00
1576.50
1586.25
1590.50
1604.25
1588.50
1582.25
1574.25
1579.75
1574.00
1579.50
1581.75
1579.00
1594.00
1589.25
1586.00
1595.50
1603.75
1610.75
1607.50
1613.75
1607.75
1599.25
1598.00
1603.00
1598.25
1583.50
1574.75
1546.50
1568.00
1575.00
1577.25
1575.00
1565.00
1535.50
1395.00
1380.00
1392.00
1393.75
1405.50
1424.50
1408.00
1428.50
1451.00
1471.50
1467.50
1469.00
1454.75
1469.25
1469.25
1444.25
1468.00
1465.50
1426.50
1430.75
1433.75
1410.00
1381.00
1368.75
1354.75
1360.75
1408.50
1380.50
1390.25
1376.50
1382.50
1413.50
1394.50
1402.50
1399.50
1404.00
1400.00
1386.00
1383.25
1374.25
1382.75
1385.00
1391.25
1384.75
1366.75
1372.75
1292.50
1295.25
1286.75
1279.00
1236.25
1232.75
1192.00
1242.75
1252.50
1250.00
1251.75
1212.75
1235.25
1255.50
1256.00
1285.00
1279.75
1284.75
1291.50
1297.25
1283.25
1295.75
1327.00
1333.50
1335.00
1326.00
1331.00
1329.75
1324.15
1314.50
1315.00
1309.25
1304.75
1280.50
1282.50
1298.25
1309.00
1341.00
1328.50
1326.50
1329.75
1369.25
1365.00
1372.50
1363.00
1375.50
1377.50
1419.25
1419.50
1407.75
1394.75
1392.25
1399.50
1390.00
1385.00
1387.00
1390.00
1358.25
1363.75
1328.00
1318.50
1324.00
1312.25
1301.00
1365.50
1349.25
1323.00
1314.25
1322.75
1333.00
1341.00
1326.50
1290.75
1306.25
1316.00
1309.75
1323.50
1329.50
1304.00
1298.50
1265.50
1285.50
