Oct 13, 2009	17.830	17.968	18.065	17.570	0.00%
Oct 14, 2009	17.955	17.833	18.118	17.728	0.70%
Oct 15, 2009	17.470	17.955	17.985	17.328	-2.70%
Oct 16, 2009	17.483	17.460	17.578	17.218	0.07%
Oct 18, 2009	17.470	17.487	17.555	17.443	-0.07%
Oct 19, 2009	17.798	17.480	17.892	17.273	1.88%
Oct 20, 2009	17.480	17.805	17.955	17.428	-1.79%
Oct 21, 2009	17.700	17.480	17.828	17.307	1.26%
Oct 22, 2009	17.728	17.697	17.828	17.368	0.16%
Oct 23, 2009	17.695	17.730	17.970	17.495	-0.19%
Oct 25, 2009	17.633	17.697	17.752	17.633	-0.35%
Oct 26, 2009	17.075	17.638	17.798	17.015	-3.16%
Oct 27, 2009	16.747	17.080	17.235	16.502	-1.92%
Oct 28, 2009	16.212	16.747	16.767	16.123	-3.19%
Oct 29, 2009	16.708	16.205	16.718	16.172	3.06%
Oct 30, 2009	16.320	16.697	16.745	16.163	-2.32%
Nov 01, 2009	16.337	16.322	16.352	16.280	0.10%
Nov 02, 2009	16.570	16.345	16.728	16.337	1.43%
Nov 03, 2009	16.563	16.557	16.663	16.550	-0.04%
Nov 04, 2009	17.462	17.392	17.627	17.335	5.43%
Nov 05, 2009	17.418	17.450	17.528	17.228	-0.25%
Nov 06, 2009	17.383	17.420	17.627	17.273	-0.20%
Nov 08, 2009	17.465	17.390	17.493	17.390	0.47%
Nov 09, 2009	17.598	17.468	17.778	17.423	0.76%
Nov 10, 2009	17.358	17.603	17.648	17.163	-1.36%
Nov 11, 2009	17.610	17.358	17.723	17.343	1.45%
Nov 12, 2009	17.273	17.605	17.767	17.193	-1.91%
Nov 13, 2009	17.435	17.275	17.450	17.033	0.94%
Nov 15, 2009	17.650	17.445	17.653	17.445	1.23%
Nov 16, 2009	18.358	17.648	18.447	17.590	4.01%
Nov 17, 2009	18.447	18.355	18.500	18.087	0.48%
Nov 18, 2009	18.558	18.445	18.843	18.322	0.60%
Nov 19, 2009	18.525	18.555	18.593	18.155	-0.18%
Nov 20, 2009	18.520	18.515	18.590	18.045	-0.03%
Nov 22, 2009	18.665	18.515	18.693	18.515	0.78%
Nov 23, 2009	18.593	18.655	18.950	18.555	-0.39%
Nov 24, 2009	18.558	18.585	18.693	18.345	-0.19%
Nov 25, 2009	18.855	18.550	18.885	18.535	1.60%
Nov 26, 2009	18.520	18.850	18.900	18.453	-1.78%
Nov 27, 2009	18.343	18.493	18.555	17.712	-0.96%
Nov 29, 2009	18.292	18.343	18.493	18.170	-0.28%
Nov 30, 2009	18.550	18.288	18.553	18.125	1.41%
Dec 01, 2009	19.142	18.558	19.283	18.410	3.19%
Dec 02, 2009	19.415	19.145	19.447	19.115	1.43%
Dec 03, 2009	18.745	19.413	19.475	18.715	-3.45%
Dec 04, 2009	18.528	18.747	18.953	18.293	-1.16%
Dec 06, 2009	18.520	18.538	18.565	18.330	-0.04%
Dec 07, 2009	18.255	18.510	18.523	17.880	-1.43%
Dec 08, 2009	17.635	18.258	18.368	17.553	-3.40%
Dec 09, 2009	17.468	17.642	17.895	17.135	-0.95%
Dec 10, 2009	17.403	17.462	17.555	17.142	-0.37%
Dec 11, 2009	17.170	17.408	17.622	16.915	-1.34%
Dec 13, 2009	17.120	17.175	17.233	17.120	-0.29%
Dec 14, 2009	17.423	17.135	17.455	17.163	1.77%
Dec 15, 2009	17.408	17.418	17.493	17.128	-0.09%
Dec 16, 2009	17.765	17.418	17.788	17.345	2.05%
Dec 17, 2009	17.248	17.763	17.783	17.090	-2.91%
Dec 18, 2009	17.298	17.240	17.388	17.108	0.29%
Dec 20, 2009	17.372	17.295	17.403	17.288	0.43%
Dec 21, 2009	17.072	17.365	17.517	16.983	-1.73%
Dec 22, 2009	16.983	17.068	17.188	16.785	-0.52%
Dec 23, 2009	17.185	16.985	17.243	16.883	1.19%
Dec 24, 2009	17.517	17.182	17.533	17.170	1.93%
Dec 25, 2009	17.508	17.508	17.508	17.508	-0.05%
Dec 27, 2009	17.543	17.525	17.578	17.513	0.20%
Dec 28, 2009	17.515	17.535	17.683	17.458	-0.16%
Dec 29, 2009	17.063	17.517	17.538	17.028	-2.58%
Dec 30, 2009	16.830	17.070	17.085	16.767	-1.37%
Dec 31, 2009	16.892	16.843	17.103	16.828	0.37%
Jan 01, 2010	16.898	16.898	16.898	16.898	0.04%
Jan 03, 2010	16.890	16.933	16.993	16.888	-0.05%
Jan 04, 2010	17.620	16.898	17.665	16.853	4.32%
Jan 05, 2010	17.770	17.633	17.883	17.513	0.85%
Jan 06, 2010	18.165	17.775	18.245	17.755	2.22%
Jan 07, 2010	18.125	18.163	18.380	18.060	-0.22%
Jan 08, 2010	18.500	18.128	18.517	18.053	2.07%
Jan 10, 2010	18.708	18.510	18.800	18.497	1.12%
Jan 11, 2010	18.548	18.705	18.913	18.548	-0.86%
Jan 12, 2010	18.307	18.555	18.807	18.165	-1.30%
Jan 13, 2010	18.633	18.308	18.668	18.205	1.78%
Jan 14, 2010	18.648	18.633	18.733	18.458	0.08%
Jan 15, 2010	18.425	18.640	18.690	18.408	-1.20%
Jan 17, 2010	18.450	18.415	18.468	18.398	0.14%
Jan 18, 2010	18.693	18.443	18.730	18.403	1.32%
Jan 19, 2010	18.752	18.700	18.862	18.478	0.32%
Jan 20, 2010	17.903	18.758	18.865	17.807	-4.53%
Jan 21, 2010	17.405	17.678	17.938	17.378	-2.78%
Jan 22, 2010	17.043	17.408	17.517	16.883	-2.08%
Jan 24, 2010	17.053	17.078	17.087	17.008	0.06%
Jan 25, 2010	17.173	17.048	17.267	16.993	0.70%
Jan 26, 2010	16.892	17.193	17.265	16.348	-1.64%
Jan 27, 2010	16.615	16.890	16.962	16.432	-1.64%
Jan 28, 2010	16.235	16.608	16.752	16.023	-2.29%
Jan 29, 2010	16.230	16.233	16.362	16.030	-0.03%
Jan 31, 2010	16.263	16.223	16.263	16.193	0.20%
Feb 01, 2010	16.620	16.255	16.712	16.102	2.20%
Feb 02, 2010	16.718	16.622	16.807	16.560	0.59%
Feb 03, 2010	16.383	16.723	16.947	16.282	-2.00%
Feb 04, 2010	15.372	16.380	16.413	15.320	-6.17%
Feb 05, 2010	15.180	15.130	15.332	14.655	-1.25%
Feb 07, 2010	15.093	15.168	15.227	15.037	-0.57%
Feb 08, 2010	15.037	15.098	15.313	14.953	-0.37%
Feb 09, 2010	15.485	15.037	15.593	15.035	2.98%
Feb 10, 2010	15.275	15.485	15.640	15.093	-1.36%
Feb 11, 2010	15.657	15.278	15.738	15.192	2.50%
Feb 12, 2010	15.528	15.660	15.690	15.210	-0.82%
Feb 14, 2010	15.578	15.563	15.610	15.550	0.32%
Feb 15, 2010	15.523	15.575	15.643	15.463	-0.35%
Feb 16, 2010	16.087	15.520	16.215	15.500	3.63%
Feb 17, 2010	15.843	16.102	16.328	15.817	-1.52%
Feb 18, 2010	15.785	15.838	16.260	15.680	-0.37%
Feb 19, 2010	16.430	15.780	16.505	15.762	4.09%
Feb 21, 2010	16.435	16.383	16.468	16.383	0.03%
Feb 22, 2010	16.250	16.438	16.590	16.170	-1.13%
Feb 23, 2010	15.893	16.262	16.455	15.808	-2.20%
Feb 24, 2010	16.050	15.898	16.050	15.680	0.99%
Feb 25, 2010	16.060	16.053	16.178	15.633	0.06%
Feb 26, 2010	16.493	16.057	16.545	16.055	2.70%
Feb 28, 2010	16.670	16.528	16.683	16.528	1.07%
Mar 01, 2010	16.473	16.678	16.767	16.432	-1.18%
Mar 02, 2010	16.950	16.483	17.103	16.340	2.90%
Mar 03, 2010	17.200	16.953	17.373	16.888	1.47%
Mar 04, 2010	17.163	17.205	17.390	17.057	-0.22%
Mar 05, 2010	17.383	17.150	17.510	17.140	1.28%
Mar 07, 2010	17.345	17.395	17.443	17.340	-0.22%
Mar 08, 2010	17.247	17.337	17.502	17.153	-0.57%
Mar 09, 2010	17.300	17.233	17.418	16.888	0.31%
Mar 10, 2010	17.058	17.300	17.663	16.943	-1.40%
Mar 11, 2010	17.210	17.060	17.212	16.840	0.89%
Mar 12, 2010	17.083	17.212	17.345	16.968	-0.74%
Mar 14, 2010	17.163	17.075	17.173	17.048	0.47%
Mar 15, 2010	17.190	17.160	17.223	16.973	0.16%
Mar 16, 2010	17.470	17.188	17.493	17.168	1.63%
Mar 17, 2010	17.490	17.475	17.598	17.368	0.11%
Mar 18, 2010	17.403	17.510	17.557	17.328	-0.50%
Mar 19, 2010	17.002	17.388	17.390	16.973	-2.30%
Mar 22, 2010	16.998	16.945	16.998	16.625	-0.02%
Mar 23, 2010	16.980	16.993	17.148	16.737	-0.11%
Mar 24, 2010	16.583	16.970	16.993	16.557	-2.34%
Mar 25, 2010	16.618	16.583	16.860	16.568	0.21%
Mar 26, 2010	16.900	16.600	16.980	16.587	1.70%
Mar 28, 2010	17.010	16.970	17.040	16.970	0.65%
Mar 29, 2010	17.350	16.985	17.438	16.932	2.00%
Mar 30, 2010	17.295	17.368	17.478	17.235	-0.32%
Mar 31, 2010	17.493	17.298	17.642	17.285	1.14%
Apr 01, 2010	17.925	17.500	17.998	17.483	2.47%
Apr 04, 2010	17.900	17.815	17.938	17.805	-0.14%
Apr 05, 2010	18.048	17.903	18.142	17.873	0.83%
Apr 06, 2010	17.938	18.053	18.098	17.862	-0.61%
Apr 07, 2010	18.135	17.938	18.258	17.923	1.10%
Apr 08, 2010	18.098	18.115	18.180	17.932	-0.20%
Apr 09, 2010	18.413	18.078	18.443	18.078	1.74%
Apr 11, 2010	18.540	18.493	18.583	18.453	0.69%
Apr 12, 2010	18.220	18.535	18.608	18.158	-1.73%
Apr 13, 2010	18.228	18.218	18.318	17.958	0.04%
Apr 14, 2010	18.473	18.230	18.502	18.223	1.34%
Apr 15, 2010	18.388	18.475	18.523	18.225	-0.46%
Apr 16, 2010	17.690	18.385	18.415	17.638	-3.80%
Apr 18, 2010	17.760	17.695	17.760	17.653	0.40%
Apr 19, 2010	17.790	17.743	17.818	17.520	0.17%
Apr 20, 2010	17.892	17.810	18.070	17.803	0.57%
Apr 21, 2010	18.110	17.908	18.168	17.747	1.22%
Apr 22, 2010	17.978	18.110	18.197	17.798	-0.73%
Apr 23, 2010	18.237	17.990	18.267	17.877	1.44%
Apr 25, 2010	18.345	18.328	18.413	18.310	0.59%
Apr 26, 2010	18.353	18.343	18.447	18.273	0.04%
Apr 27, 2010	18.260	18.360	18.385	18.098	-0.51%
Apr 28, 2010	18.153	18.258	18.278	17.850	-0.59%
Apr 29, 2010	18.528	18.140	18.598	18.087	2.07%
Apr 30, 2010	18.682	18.525	18.788	18.478	0.83%
May 03, 2010	18.798	18.568	18.888	18.553	0.62%
May 04, 2010	17.845	18.818	18.840	17.818	-5.07%
May 05, 2010	17.575	17.848	17.890	17.083	-1.51%
May 06, 2010	17.635	17.568	17.773	17.258	0.34%
May 07, 2010	18.385	17.650	18.678	17.480	4.25%
May 09, 2010	18.473	18.550	18.550	18.372	0.48%
May 10, 2010	18.525	18.470	18.670	18.225	0.28%
May 11, 2010	19.335	18.513	19.418	18.403	4.37%
May 12, 2010	19.570	19.318	19.728	19.115	1.22%
May 13, 2010	19.493	19.568	19.843	19.350	-0.39%
May 14, 2010	19.343	19.487	19.733	18.985	-0.77%
May 16, 2010	19.335	19.337	19.355	19.233	-0.04%
May 17, 2010	18.973	19.330	19.413	18.743	-1.87%
May 18, 2010	18.932	18.973	19.142	18.653	-0.22%
May 19, 2010	18.278	18.933	18.940	17.953	-3.45%
May 20, 2010	17.685	18.280	18.322	17.487	-3.24%
May 21, 2010	17.665	17.668	17.885	17.420	-0.11%
May 23, 2010	17.763	17.677	17.763	17.648	0.55%
May 24, 2010	17.932	17.747	18.078	17.730	0.95%
May 25, 2010	18.130	17.943	18.130	17.535	1.10%
May 26, 2010	18.063	18.130	18.408	17.993	-0.37%
May 27, 2010	18.548	18.065	18.575	18.038	2.69%
May 28, 2010	18.395	18.540	18.642	18.245	-0.82%
May 30, 2010	18.363	18.423	18.428	18.353	-0.17%
May 31, 2010	18.558	18.365	18.638	18.355	1.06%
Jun 01, 2010	18.483	18.550	18.703	18.268	-0.40%
Jun 02, 2010	18.418	18.485	18.513	18.093	-0.35%
Jun 03, 2010	17.925	18.420	18.462	17.828	-2.68%
Jun 04, 2010	17.438	17.932	17.987	17.288	-2.72%
Jun 06, 2010	17.483	17.470	17.528	17.432	0.26%
Jun 07, 2010	18.145	17.480	18.278	17.205	3.79%
Jun 08, 2010	18.293	18.148	18.487	18.085	0.82%
Jun 09, 2010	18.165	18.300	18.370	18.098	-0.70%
Jun 10, 2010	18.265	18.148	18.440	17.908	0.55%
Jun 11, 2010	18.225	18.278	18.535	18.072	-0.22%
Jun 13, 2010	18.335	18.258	18.335	18.255	0.60%
Jun 14, 2010	18.265	18.333	18.565	18.205	-0.38%
Jun 15, 2010	18.560	18.267	18.678	18.252	1.62%
Jun 16, 2010	18.453	18.548	18.658	18.388	-0.58%
Jun 17, 2010	18.790	18.468	18.873	18.325	1.83%
Jun 18, 2010	19.220	18.793	19.320	18.745	2.29%
Jun 20, 2010	19.258	19.245	19.295	19.212	0.20%
Jun 21, 2010	18.790	19.270	19.505	18.695	-2.43%
Jun 22, 2010	18.853	18.822	19.023	18.630	0.34%
Jun 23, 2010	18.597	18.855	18.998	18.360	-1.36%
Jun 24, 2010	18.770	18.587	18.850	18.215	0.93%
Jun 25, 2010	19.112	18.773	19.173	18.633	1.82%
Jun 27, 2010	19.158	19.135	19.188	19.105	0.24%
Jun 28, 2010	18.773	19.165	19.270	18.663	-2.01%
Jun 29, 2010	18.495	18.775	18.793	18.415	-1.48%
Jun 30, 2010	18.630	18.508	18.813	18.487	0.73%
Jul 01, 2010	17.858	18.633	18.693	17.737	-4.14%
Jul 02, 2010	17.888	17.858	18.112	17.638	0.17%
Jul 04, 2010	17.845	17.888	17.888	17.818	-0.24%
Jul 05, 2010	17.818	17.850	17.928	17.745	-0.15%
Jul 06, 2010	17.828	17.815	18.038	17.625	0.06%
Jul 07, 2010	18.127	17.833	18.145	17.575	1.68%
Jul 08, 2010	17.923	18.135	18.188	17.730	-1.13%
Jul 09, 2010	18.158	17.918	18.228	17.830	1.31%
Jul 11, 2010	18.098	18.112	18.148	18.068	-0.33%
Jul 12, 2010	17.928	18.108	18.153	17.778	-0.94%
Jul 13, 2010	18.273	17.915	18.348	17.870	1.92%
Jul 14, 2010	18.315	18.270	18.485	18.120	0.23%
Jul 15, 2010	18.345	18.337	18.525	18.178	0.16%
Jul 16, 2010	17.850	18.348	18.362	17.750	-2.70%
Jul 18, 2010	17.815	17.863	17.865	17.815	-0.20%
Jul 19, 2010	17.595	17.843	17.920	17.493	-1.23%
Jul 20, 2010	17.793	17.598	17.793	17.453	1.13%
Jul 21, 2010	17.655	17.788	17.898	17.583	-0.78%
Jul 22, 2010	18.135	17.648	18.195	17.638	2.72%
Jul 23, 2010	18.112	18.128	18.280	18.063	-0.13%
Jul 25, 2010	18.170	18.115	18.170	18.105	0.32%
Jul 26, 2010	18.165	18.170	18.265	17.985	-0.03%
Jul 27, 2010	17.653	18.163	18.233	17.593	-2.82%
Jul 30, 2010	18.002	17.575	18.125	17.538	1.98%
Aug 01, 2010	18.008	18.023	18.023	17.978	0.03%
Aug 02, 2010	18.413	18.003	18.563	17.998	2.25%
Aug 03, 2010	18.487	18.400	18.608	18.313	0.40%
Aug 04, 2010	18.320	18.473	18.697	18.228	-0.90%
Aug 05, 2010	18.348	18.333	18.473	18.200	0.15%
Aug 06, 2010	18.458	18.345	18.583	18.288	0.60%
Aug 08, 2010	18.433	18.470	18.493	18.405	-0.14%
Aug 09, 2010	18.362	18.423	18.572	18.233	-0.39%
Aug 10, 2010	18.307	18.365	18.458	17.968	-0.30%
Aug 11, 2010	17.955	18.313	18.358	17.810	-1.92%
Aug 12, 2010	18.110	17.953	18.120	17.848	0.86%
Aug 13, 2010	18.115	18.108	18.178	17.968	0.03%
Aug 15, 2010	18.153	18.142	18.153	18.055	0.21%
Aug 16, 2010	18.388	18.142	18.485	18.142	1.29%
Aug 17, 2010	18.508	18.395	18.618	18.373	0.65%
Aug 18, 2010	18.480	18.502	18.568	18.168	-0.15%
Aug 19, 2010	18.378	18.453	18.635	18.273	-0.55%
Aug 20, 2010	18.063	18.375	18.385	17.900	-1.71%
Aug 22, 2010	17.988	18.060	18.087	17.988	-0.42%
Aug 23, 2010	17.965	18.005	18.127	17.940	-0.13%
Aug 24, 2010	18.400	17.962	18.520	17.790	2.42%
Aug 25, 2010	19.005	18.400	19.085	18.385	3.29%
Aug 26, 2010	18.975	19.008	19.205	18.943	-0.16%
Aug 27, 2010	19.112	18.968	19.368	18.940	0.72%
Aug 29, 2010	19.163	19.125	19.250	19.080	0.27%
Aug 30, 2010	19.078	19.155	19.235	19.017	-0.44%
Aug 31, 2010	19.380	19.070	19.443	18.862	1.58%
Sep 01, 2010	19.413	19.385	19.523	19.322	0.17%
Sep 02, 2010	19.630	19.408	19.735	19.345	1.12%
Sep 03, 2010	19.888	19.627	19.980	19.508	1.31%
Sep 05, 2010	19.895	19.875	19.945	19.862	0.04%
Sep 06, 2010	19.868	19.885	19.973	19.818	-0.14%
Sep 07, 2010	19.890	19.850	20.043	19.585	0.11%
Sep 08, 2010	19.962	19.892	20.178	19.872	0.36%
Sep 09, 2010	19.750	19.935	20.090	19.710	-1.06%
Sep 10, 2010	19.898	19.748	20.063	19.703	0.75%
Sep 12, 2010	19.837	19.898	19.908	19.837	-0.31%
Sep 13, 2010	20.135	19.848	20.245	19.822	1.50%
Sep 14, 2010	20.523	20.130	20.557	20.108	1.93%
Sep 15, 2010	20.628	20.503	20.697	20.348	0.51%
Sep 16, 2010	20.778	20.630	20.843	20.478	0.73%
Sep 17, 2010	20.755	20.763	21.023	20.638	-0.11%
Sep 19, 2010	20.793	20.785	20.830	20.743	0.18%
Sep 20, 2010	20.760	20.813	20.995	20.728	-0.16%
Sep 21, 2010	20.962	20.760	21.100	20.525	0.97%
Sep 22, 2010	21.173	20.965	21.190	20.932	1.01%
Sep 23, 2010	21.155	21.170	21.258	20.895	-0.09%
Sep 24, 2010	21.487	21.160	21.487	21.123	1.57%
Sep 26, 2010	21.473	21.465	21.508	21.450	-0.07%
Sep 27, 2010	21.283	21.490	21.640	21.270	-0.88%
Sep 28, 2010	21.767	21.288	21.798	21.075	2.27%
Sep 29, 2010	21.923	21.780	22.072	21.712	0.72%
Sep 30, 2010	21.740	21.920	22.098	21.572	-0.83%
Oct 01, 2010	22.098	21.743	22.168	21.738	1.65%
Oct 03, 2010	22.163	22.133	22.225	22.093	0.29%
Oct 04, 2010	21.892	22.165	22.188	21.828	-1.22%
Oct 05, 2010	22.850	21.890	22.905	21.825	4.38%
Oct 06, 2010	23.120	22.848	23.197	22.765	1.18%
Oct 07, 2010	22.605	23.112	23.525	22.462	-2.23%
Oct 08, 2010	23.243	22.608	23.318	22.353	2.82%
Oct 10, 2010	23.633	23.398	23.648	23.320	1.68%
Oct 11, 2010	23.273	23.635	23.668	23.060	-1.52%
Oct 12, 2010	23.350	23.285	23.487	22.947	0.33%
Oct 13, 2010	24.098	23.353	24.138	23.343	3.20%
Oct 14, 2010	24.697	24.087	24.925	24.083	2.49%
Oct 15, 2010	24.290	24.690	24.853	24.078	-1.65%
Oct 17, 2010	24.175	24.303	24.307	24.130	-0.47%
Oct 18, 2010	24.337	24.178	24.510	23.718	0.67%
Oct 19, 2010	23.315	24.340	24.498	23.283	-4.20%
Oct 20, 2010	24.008	23.328	24.057	23.305	2.97%
Oct 21, 2010	23.173	24.010	24.020	23.033	-3.48%
Oct 22, 2010	23.278	23.163	23.392	22.843	0.45%
Oct 24, 2010	23.432	23.333	23.462	23.310	0.66%
Oct 25, 2010	23.633	23.430	23.853	23.383	0.86%
Oct 26, 2010	24.113	23.630	24.280	23.175	2.03%
Oct 27, 2010	23.690	24.108	24.178	23.365	-1.75%
Oct 28, 2010	23.983	23.730	24.035	23.502	1.24%
Oct 29, 2010	24.748	23.985	24.748	23.758	3.19%
Oct 31, 2010	24.988	24.752	25.040	24.613	0.97%
Nov 01, 2010	24.733	24.985	25.053	24.513	-1.02%
Nov 02, 2010	24.908	24.735	24.953	24.650	0.71%
Nov 03, 2010	24.858	24.910	25.038	23.943	-0.20%
Nov 04, 2010	26.158	24.855	26.363	24.855	5.23%
Nov 05, 2010	26.735	26.142	26.903	25.877	2.21%
Nov 07, 2010	26.943	26.822	26.943	26.718	0.78%
Nov 08, 2010	27.578	26.940	27.737	26.520	2.36%
Nov 09, 2010	27.318	27.583	29.335	26.443	-0.94%
Nov 10, 2010	27.193	27.320	28.170	26.498	-0.46%
Nov 11, 2010	27.525	27.195	27.828	26.910	1.22%
Nov 12, 2010	26.030	27.517	27.625	25.793	-5.43%
Nov 14, 2010	25.997	26.040	26.053	25.928	-0.13%
Nov 15, 2010	25.455	25.995	26.473	25.403	-2.08%
Nov 16, 2010	25.395	25.493	25.770	24.987	-0.24%
Nov 17, 2010	25.735	25.392	25.888	25.025	1.34%
Nov 18, 2010	27.345	25.740	27.380	25.708	6.26%
Nov 19, 2010	27.310	27.348	27.390	26.375	-0.13%
Nov 21, 2010	27.720	27.468	27.928	27.398	1.50%
Nov 22, 2010	27.773	27.712	27.915	27.105	0.19%
Nov 23, 2010	27.400	27.767	27.788	27.048	-1.34%
Nov 24, 2010	27.538	27.398	27.700	27.135	0.50%
Nov 25, 2010	27.510	27.540	27.590	27.350	-0.10%
Nov 26, 2010	26.725	27.515	27.578	26.430	-2.85%
Nov 28, 2010	26.665	26.788	26.858	26.653	-0.22%
Nov 29, 2010	27.160	26.663	27.278	26.480	1.86%
Nov 30, 2010	28.068	27.155	28.360	26.923	3.34%
Dec 01, 2010	28.455	28.070	28.855	28.003	1.38%
Dec 02, 2010	28.635	28.465	29.048	28.318	0.63%
Dec 03, 2010	29.390	28.747	29.587	28.633	2.64%
Dec 05, 2010	29.535	29.605	29.670	29.443	0.49%
Dec 06, 2010	30.035	29.533	30.318	29.462	1.69%
Dec 07, 2010	28.873	30.033	30.720	28.500	-3.87%
Dec 08, 2010	28.362	28.883	29.263	28.000	-1.77%
Dec 09, 2010	28.790	28.360	29.015	28.273	1.51%
Dec 10, 2010	28.688	28.793	29.230	28.043	-0.35%
Dec 12, 2010	28.530	28.697	28.697	28.447	-0.55%
Dec 13, 2010	29.608	28.493	29.715	28.473	3.78%
Dec 14, 2010	29.575	29.613	29.960	29.205	-0.11%
Dec 15, 2010	28.913	29.572	29.615	28.723	-2.24%
Dec 16, 2010	28.918	28.915	29.252	28.375	0.02%
Dec 17, 2010	29.193	28.920	29.345	28.688	0.95%
Dec 19, 2010	29.433	29.212	29.470	29.173	0.82%
Dec 20, 2010	29.368	29.418	29.553	28.813	-0.22%
Dec 21, 2010	29.370	29.383	29.598	29.055	0.01%
Dec 22, 2010	29.328	29.375	29.480	29.235	-0.14%
Dec 23, 2010	29.303	29.322	29.418	28.953	-0.09%
Dec 24, 2010	29.293	29.293	29.293	29.293	-0.03%
Dec 26, 2010	28.872	29.130	29.178	28.815	-1.44%
Dec 27, 2010	29.468	28.870	29.468	28.845	2.06%
Dec 28, 2010	30.250	29.432	30.362	29.368	2.65%
Dec 29, 2010	30.638	30.247	30.710	30.150	1.28%
Dec 30, 2010	30.563	30.642	30.928	30.362	-0.24%
Dec 31, 2010	30.915	30.585	30.970	30.575	1.15%
Jan 02, 2011	30.818	30.920	30.965	30.818	-0.31%
Jan 03, 2011	30.740	30.820	31.270	30.502	-0.25%
Jan 04, 2011	29.890	30.737	30.888	29.345	-2.77%
Jan 05, 2011	29.340	29.898	29.908	28.585	-1.84%
Jan 06, 2011	29.040	29.343	29.598	28.825	-1.02%
Jan 07, 2011	28.682	29.043	29.375	28.358	-1.23%
Jan 09, 2011	28.840	28.752	28.918	28.623	0.55%
Jan 10, 2011	29.095	28.837	29.133	28.655	0.88%
Jan 11, 2011	29.538	29.100	29.703	29.075	1.52%
Jan 12, 2011	29.705	29.528	29.840	29.398	0.57%
Jan 13, 2011	28.807	29.708	29.800	28.535	-3.02%
Jan 14, 2011	28.483	28.805	28.965	28.108	-1.12%
Jan 16, 2011	28.635	28.543	28.678	28.478	0.53%
Jan 17, 2011	28.318	28.628	28.678	28.053	-1.11%
Jan 18, 2011	28.872	28.322	29.055	28.228	1.96%
Jan 19, 2011	28.755	28.858	29.483	28.627	-0.41%
Jan 20, 2011	27.540	28.738	28.775	27.385	-4.23%
Jan 21, 2011	27.470	27.538	27.633	27.083	-0.25%
Jan 23, 2011	27.603	27.483	27.650	27.483	0.48%
Jan 24, 2011	27.030	27.608	27.947	26.828	-2.08%
Jan 25, 2011	26.820	27.023	27.033	26.555	-0.78%
Jan 26, 2011	27.603	26.815	27.640	26.658	2.92%
Jan 27, 2011	27.008	27.610	27.790	26.755	-2.16%
Jan 28, 2011	27.962	27.010	28.028	26.375	3.53%
Jan 30, 2011	28.310	28.038	28.392	28.023	1.24%
Jan 31, 2011	28.093	28.320	28.423	27.525	-0.77%
Feb 01, 2011	28.555	28.103	28.630	27.855	1.64%
Feb 02, 2011	28.343	28.553	28.723	28.108	-0.74%
Feb 03, 2011	28.833	28.333	28.978	27.970	1.73%
Feb 04, 2011	29.123	28.875	29.280	28.725	1.01%
Feb 06, 2011	29.020	29.168	29.168	29.008	-0.35%
Feb 07, 2011	29.385	29.045	29.453	29.045	1.26%
Feb 08, 2011	30.237	29.383	30.343	29.263	2.90%
Feb 09, 2011	30.190	30.235	30.495	30.053	-0.16%
Feb 10, 2011	30.153	30.193	30.260	29.655	-0.12%
Feb 11, 2011	29.883	30.170	30.267	29.695	-0.90%
Feb 13, 2011	29.870	29.913	29.915	29.795	-0.04%
Feb 14, 2011	30.533	29.865	30.705	29.813	2.22%
Feb 15, 2011	30.695	30.538	30.898	30.473	0.53%
Feb 16, 2011	30.655	30.697	30.947	30.267	-0.13%
Feb 17, 2011	31.735	30.648	31.785	30.553	3.52%
Feb 18, 2011	32.603	31.695	32.843	31.618	2.74%
Feb 20, 2011	32.750	32.642	32.760	32.582	0.45%
Feb 21, 2011	34.078	32.745	34.250	32.722	4.05%
Feb 22, 2011	33.042	34.082	34.308	32.375	-3.04%
Feb 23, 2011	33.605	33.048	33.755	32.670	1.70%
Feb 24, 2011	32.395	33.610	33.743	31.725	-3.60%
Feb 25, 2011	33.388	32.392	33.388	32.362	3.07%
Feb 27, 2011	33.515	33.345	33.518	33.292	0.38%
Feb 28, 2011	33.905	33.508	33.968	33.268	1.16%
Mar 01, 2011	34.725	33.878	34.730	33.798	2.42%
Mar 02, 2011	34.588	34.718	34.968	34.225	-0.39%
Mar 03, 2011	34.250	34.585	34.953	34.033	-0.98%
Mar 04, 2011	35.620	34.272	35.620	34.263	4.00%
Mar 06, 2011	35.890	35.625	35.980	35.608	0.76%
Mar 07, 2011	35.903	35.893	36.745	35.813	0.04%
Mar 08, 2011	36.048	35.905	36.528	35.513	0.40%
Mar 09, 2011	36.020	36.045	36.435	35.623	-0.08%
Mar 10, 2011	35.340	36.023	36.185	34.670	-1.89%
Mar 11, 2011	35.915	35.343	36.170	34.052	1.63%
Mar 13, 2011	36.310	35.943	36.503	35.838	1.10%
Mar 14, 2011	35.865	36.313	36.445	35.518	-1.23%
Mar 15, 2011	34.253	35.840	35.858	33.573	-4.49%
Mar 16, 2011	33.808	34.238	35.078	33.740	-1.30%
Mar 17, 2011	34.453	33.787	34.660	33.680	1.91%
Mar 18, 2011	35.238	34.463	35.413	34.463	2.28%
Mar 20, 2011	35.668	35.370	35.778	35.315	1.22%
Mar 21, 2011	36.048	35.665	36.213	35.613	1.07%
Mar 22, 2011	36.368	36.067	36.470	35.765	0.89%
Mar 23, 2011	37.313	36.350	37.435	36.160	2.60%
Mar 24, 2011	37.298	37.308	38.173	36.858	-0.04%
Mar 25, 2011	37.365	37.303	37.787	36.885	0.18%
Mar 27, 2011	37.175	37.290	37.420	37.090	-0.51%
Mar 28, 2011	37.130	37.140	37.343	36.438	-0.12%
Mar 29, 2011	37.040	37.125	37.218	36.537	-0.24%
Mar 30, 2011	37.435	37.030	37.763	36.908	1.07%
Mar 31, 2011	37.660	37.423	37.972	37.380	0.60%
Apr 01, 2011	37.815	37.658	37.868	37.095	0.41%
Apr 03, 2011	38.005	37.843	38.037	37.780	0.50%
Apr 04, 2011	38.655	38.003	38.758	37.957	1.71%
Apr 05, 2011	39.188	38.643	39.328	38.080	1.38%
Apr 06, 2011	39.503	39.193	39.783	39.128	0.80%
Apr 07, 2011	39.613	39.508	39.705	39.235	0.28%
Apr 08, 2011	40.957	39.595	40.957	39.518	3.39%
Apr 10, 2011	41.207	40.990	41.238	40.925	0.61%
Apr 11, 2011	40.388	41.215	41.970	39.785	-1.99%
Apr 12, 2011	40.068	40.395	40.908	39.743	-0.79%
Apr 13, 2011	40.542	40.063	40.773	40.063	1.18%
Apr 14, 2011	42.285	40.538	42.470	40.457	4.30%
Apr 15, 2011	43.020	42.288	43.020	41.853	1.74%
Apr 17, 2011	43.273	43.070	43.317	43.065	0.59%
Apr 18, 2011	43.253	43.283	43.580	42.228	-0.05%
Apr 19, 2011	44.045	43.250	44.185	42.780	1.83%
Apr 20, 2011	45.085	44.043	45.410	43.900	2.36%
Apr 21, 2011	46.623	45.105	46.703	45.100	3.41%
Apr 22, 2011	46.620	46.620	46.620	46.620	-0.01%
Apr 24, 2011	47.738	47.300	47.785	47.238	2.40%
Apr 25, 2011	46.503	47.743	49.813	45.718	-2.59%
Apr 26, 2011	46.060	46.510	46.772	44.653	-0.95%
Apr 27, 2011	48.207	46.063	48.768	44.875	4.66%
Apr 28, 2011	48.302	48.183	49.535	47.273	0.20%
Apr 29, 2011	47.865	48.305	49.207	47.552	-0.90%
May 01, 2011	43.745	48.093	48.163	42.228	-8.61%
May 02, 2011	44.760	43.722	47.360	43.245	2.32%
May 03, 2011	41.162	44.808	45.575	40.597	-8.04%
May 04, 2011	39.018	41.155	42.317	38.945	-5.21%
May 05, 2011	34.325	39.043	39.558	34.268	-12.03%
May 06, 2011	35.605	34.310	36.420	33.045	3.73%
May 08, 2011	35.835	35.660	36.048	35.248	0.65%
May 09, 2011	37.735	35.838	37.965	35.615	5.30%
May 10, 2011	38.613	37.748	38.810	37.302	2.33%
May 11, 2011	35.575	38.605	39.470	35.023	-7.87%
May 12, 2011	34.885	35.573	35.888	32.315	-1.94%
May 13, 2011	35.340	34.888	36.442	33.920	1.30%
May 15, 2011	35.120	35.283	35.378	34.720	-0.62%
May 16, 2011	33.830	35.115	35.360	33.485	-3.67%
May 17, 2011	34.075	33.840	34.370	32.988	0.72%
May 18, 2011	35.258	34.065	35.523	34.010	3.47%
May 19, 2011	35.135	35.265	35.763	34.535	-0.35%
May 20, 2011	35.053	35.147	35.553	34.203	-0.23%
May 22, 2011	35.398	35.015	35.398	35.005	0.98%
May 23, 2011	34.957	35.388	35.388	34.353	-1.25%
May 24, 2011	36.623	34.953	36.675	34.950	4.77%
May 25, 2011	37.858	36.655	37.963	36.243	3.37%
May 26, 2011	37.458	37.828	38.830	36.298	-1.06%
May 27, 2011	37.980	37.453	38.183	37.390	1.39%
May 29, 2011	38.220	38.013	38.268	38.013	0.63%
May 30, 2011	38.235	38.225	38.380	37.780	0.04%
May 31, 2011	38.433	38.233	38.753	37.960	0.52%
Jun 01, 2011	37.088	38.448	38.448	36.375	-3.50%
Jun 02, 2011	36.238	37.085	37.413	35.597	-2.29%
Jun 03, 2011	36.228	36.235	36.427	35.093	-0.03%
Jun 05, 2011	36.483	36.245	36.490	36.100	0.70%
Jun 06, 2011	36.820	36.478	37.287	36.365	0.92%
Jun 07, 2011	37.138	36.825	37.508	36.490	0.86%
Jun 08, 2011	36.738	37.135	37.162	36.067	-1.08%
Jun 09, 2011	37.620	36.743	37.680	36.570	2.40%
Jun 10, 2011	36.218	37.623	37.858	36.085	-3.73%
Jun 12, 2011	36.060	36.195	36.195	35.692	-0.44%
Jun 13, 2011	34.975	36.058	36.303	34.563	-3.01%
Jun 14, 2011	35.490	34.968	35.595	34.423	1.47%
Jun 15, 2011	35.618	35.480	35.972	34.813	0.36%
Jun 16, 2011	35.558	35.610	35.780	35.177	-0.17%
Jun 17, 2011	35.900	35.573	35.912	34.923	0.96%
Jun 19, 2011	35.980	36.025	36.160	35.975	0.22%
Jun 20, 2011	35.908	35.988	36.123	35.263	-0.20%
Jun 21, 2011	36.417	35.910	36.578	35.683	1.42%
Jun 22, 2011	36.308	36.408	36.768	35.898	-0.30%
Jun 23, 2011	35.332	36.313	36.353	34.698	-2.69%
Jun 24, 2011	34.325	35.343	35.395	34.163	-2.85%
Jun 26, 2011	34.213	34.308	34.335	33.910	-0.33%
Jun 27, 2011	33.802	34.170	34.180	33.393	-1.20%
Jun 28, 2011	33.875	33.823	34.143	33.542	0.22%
Jun 29, 2011	34.883	33.883	34.948	33.868	2.98%
Jun 30, 2011	34.770	34.880	35.155	34.468	-0.32%
Jul 01, 2011	33.860	34.768	34.793	33.475	-2.62%
Jul 03, 2011	34.138	33.910	34.170	33.800	0.82%
Jul 04, 2011	34.097	34.150	34.203	33.910	-0.12%
Jul 05, 2011	35.383	34.120	35.685	33.875	3.77%
Jul 06, 2011	35.945	35.403	36.273	35.073	1.59%
Jul 07, 2011	36.445	35.953	36.648	35.718	1.39%
Jul 08, 2011	36.758	36.450	36.865	36.020	0.86%
Jul 10, 2011	36.698	36.710	36.755	36.498	-0.16%
Jul 11, 2011	35.800	36.685	36.940	35.548	-2.45%
Jul 12, 2011	36.263	35.835	36.443	34.817	1.29%
Jul 13, 2011	38.528	36.270	38.538	36.063	6.25%
Jul 14, 2011	38.408	38.525	39.385	38.010	-0.31%
Jul 15, 2011	39.320	38.393	39.320	37.898	2.37%
Jul 17, 2011	39.743	39.325	39.792	39.273	1.08%
Jul 18, 2011	40.585	39.760	40.728	39.613	2.12%
Jul 19, 2011	39.273	40.578	40.875	38.625	-3.23%
Jul 20, 2011	39.918	39.265	40.238	38.233	1.64%
Jul 21, 2011	39.393	39.923	40.370	38.868	-1.32%
Jul 22, 2011	40.083	39.385	40.290	38.880	1.75%
Jul 24, 2011	40.453	40.355	40.623	40.298	0.92%
Jul 25, 2011	40.347	40.442	41.093	39.873	-0.26%
Jul 26, 2011	40.845	40.350	40.983	40.023	1.23%
Jul 27, 2011	40.305	40.843	41.463	40.120	-1.32%
Jul 28, 2011	39.718	40.310	40.590	39.347	-1.46%
Jul 29, 2011	39.908	39.715	40.388	39.338	0.48%
Jul 31, 2011	39.770	39.445	39.823	39.310	-0.35%
Aug 01, 2011	39.302	39.773	40.048	39.052	-1.18%
Aug 02, 2011	40.630	39.300	40.883	39.298	3.38%
Aug 03, 2011	41.638	40.635	42.048	40.580	2.48%
Aug 04, 2011	38.990	41.668	42.280	38.505	-6.36%
Aug 05, 2011	38.368	38.988	39.858	37.563	-1.60%
Aug 07, 2011	39.225	38.943	39.268	38.328	2.23%
Aug 08, 2011	39.255	39.228	40.390	38.528	0.08%
Aug 09, 2011	38.508	39.250	39.538	37.030	-1.90%
Aug 10, 2011	39.457	38.453	39.858	37.663	2.46%
Aug 11, 2011	38.743	39.465	39.618	37.965	-1.81%
Aug 12, 2011	39.090	38.735	39.218	38.218	0.90%
Aug 14, 2011	38.983	39.108	39.273	38.908	-0.27%
Aug 15, 2011	39.740	38.978	39.978	38.738	1.94%
Aug 16, 2011	39.940	39.750	40.145	39.305	0.50%
Aug 17, 2011	40.220	39.943	40.613	39.793	0.70%
Aug 18, 2011	40.558	40.218	40.935	40.078	0.84%
Aug 19, 2011	42.948	40.565	42.948	40.565	5.89%
Aug 21, 2011	43.722	43.475	43.972	43.250	1.80%
Aug 22, 2011	43.868	43.668	44.188	42.508	0.33%
Aug 23, 2011	42.213	43.880	43.968	41.530	-3.77%
Aug 24, 2011	39.685	42.218	42.468	39.103	-5.99%
Aug 25, 2011	40.832	39.683	41.188	38.780	2.89%
Aug 26, 2011	41.320	40.820	41.488	40.133	1.20%
Aug 28, 2011	41.328	41.695	41.795	41.263	0.02%
Aug 29, 2011	40.908	41.330	41.398	40.355	-1.02%
Aug 30, 2011	41.345	40.908	41.693	40.470	1.07%
Aug 31, 2011	41.688	41.343	42.095	41.143	0.83%
Sep 01, 2011	41.633	41.710	41.868	41.290	-0.13%
Sep 02, 2011	43.288	41.630	43.433	41.578	3.98%
Sep 04, 2011	43.287	43.033	43.450	43.033	-0.00%
Sep 05, 2011	43.067	43.302	43.385	42.393	-0.51%
Sep 06, 2011	42.192	43.075	43.315	41.615	-2.03%
Sep 07, 2011	41.480	42.215	42.275	40.488	-1.69%
Sep 08, 2011	42.378	41.475	42.713	41.457	2.16%
Sep 09, 2011	41.522	42.380	42.770	41.287	-2.02%
Sep 11, 2011	41.508	41.470	41.530	41.048	-0.03%
Sep 12, 2011	40.643	41.495	41.542	39.783	-2.08%
Sep 13, 2011	41.167	40.648	41.368	40.097	1.29%
Sep 14, 2011	40.810	41.162	41.400	40.380	-0.87%
Sep 15, 2011	39.750	40.808	40.843	39.412	-2.60%
Sep 16, 2011	40.690	39.748	40.980	39.460	2.36%
Sep 18, 2011	40.730	40.677	40.898	40.662	0.10%
Sep 19, 2011	39.658	40.725	40.828	39.043	-2.63%
Sep 20, 2011	39.850	39.675	40.368	39.235	0.48%
Sep 21, 2011	39.743	39.853	40.768	39.450	-0.27%
Sep 22, 2011	36.313	39.768	39.795	35.552	-8.63%
Sep 23, 2011	31.185	36.308	36.678	29.895	-14.12%
Sep 25, 2011	30.642	30.793	30.915	29.237	-1.74%
Sep 26, 2011	30.318	30.630	30.958	26.153	-1.06%
Sep 27, 2011	31.780	30.343	33.538	30.295	4.82%
Sep 28, 2011	29.200	31.778	32.863	29.182	-8.12%
Sep 29, 2011	30.793	29.215	31.525	29.108	5.46%
Sep 30, 2011	29.918	30.805	31.320	29.673	-2.84%
Oct 02, 2011	30.418	29.930	30.578	29.810	1.67%
Oct 03, 2011	30.788	30.410	31.420	30.065	1.22%
Oct 04, 2011	30.175	30.780	31.337	28.673	-1.99%
Oct 05, 2011	30.333	30.180	30.640	28.438	0.52%
Oct 06, 2011	31.913	30.328	32.203	30.258	5.21%
Oct 07, 2011	31.170	31.923	32.853	30.718	-2.33%
Oct 09, 2011	31.685	31.315	31.743	31.243	1.65%
Oct 10, 2011	32.155	31.682	32.350	31.487	1.48%
Oct 11, 2011	32.015	32.158	32.677	31.363	-0.44%
Oct 12, 2011	32.665	32.025	33.065	31.862	2.03%
Oct 13, 2011	31.822	32.673	32.792	31.462	-2.58%
Oct 14, 2011	32.185	31.778	32.540	31.278	1.14%
Oct 16, 2011	32.285	32.215	32.380	32.153	0.31%
Oct 17, 2011	31.908	32.288	32.667	31.493	-1.17%
Oct 18, 2011	31.920	31.910	32.347	30.403	0.04%
Oct 19, 2011	31.163	31.908	32.142	30.905	-2.37%
Oct 20, 2011	30.333	31.158	31.368	29.945	-2.66%
Oct 21, 2011	31.388	30.337	31.515	30.283	3.48%
Oct 23, 2011	31.483	31.395	31.505	31.168	0.30%
Oct 24, 2011	31.653	31.485	32.035	31.233	0.54%
Oct 25, 2011	33.005	31.645	33.378	31.360	4.27%
Oct 26, 2011	33.463	33.010	33.945	32.975	1.39%
Oct 27, 2011	35.330	33.490	35.373	33.153	5.58%
Oct 28, 2011	35.278	35.328	35.668	34.722	-0.15%
Oct 30, 2011	35.308	35.253	35.365	35.163	0.09%
Oct 31, 2011	34.203	35.325	35.423	34.088	-3.13%
Nov 01, 2011	33.175	34.198	34.705	32.130	-3.01%
Nov 02, 2011	34.030	33.165	34.423	33.108	2.58%
Nov 03, 2011	34.258	34.023	34.903	33.295	0.67%
Nov 04, 2011	34.145	34.250	34.715	33.830	-0.33%
Nov 06, 2011	34.265	34.070	34.423	33.965	0.35%
Nov 07, 2011	34.955	34.268	35.008	33.853	2.01%
Nov 08, 2011	35.033	34.953	35.340	34.513	0.22%
Nov 09, 2011	34.125	35.008	35.245	33.825	-2.59%
Nov 10, 2011	33.855	34.135	34.333	33.145	-0.79%
Nov 11, 2011	34.667	33.850	34.847	33.703	2.40%
Nov 13, 2011	34.847	34.730	34.918	34.730	0.52%
Nov 14, 2011	34.325	34.830	34.883	33.957	-1.50%
Nov 15, 2011	34.408	34.328	34.828	33.758	0.24%
Nov 16, 2011	33.715	34.423	34.620	33.555	-2.01%
Nov 17, 2011	31.765	33.718	33.978	31.058	-5.78%
Nov 18, 2011	32.347	31.745	32.587	30.928	1.83%
Nov 20, 2011	32.163	32.408	32.433	32.045	-0.57%
Nov 21, 2011	31.470	32.168	32.260	30.665	-2.15%
Nov 22, 2011	32.660	31.465	33.028	31.168	3.78%
Nov 23, 2011	31.745	32.633	32.873	31.230	-2.80%
Nov 24, 2011	31.663	31.752	32.195	31.498	-0.26%
Nov 25, 2011	30.985	31.625	31.840	30.950	-2.14%
Nov 27, 2011	31.610	31.365	31.865	31.325	2.02%
Nov 28, 2011	32.125	31.615	32.362	31.370	1.63%
Nov 29, 2011	31.960	32.135	32.233	31.550	-0.51%
Nov 30, 2011	32.775	31.962	32.988	31.178	2.55%
Dec 01, 2011	32.878	32.765	33.483	32.533	0.31%
Dec 02, 2011	32.605	32.880	33.730	32.388	-0.83%
Dec 04, 2011	32.948	32.653	33.082	32.653	1.05%
Dec 05, 2011	32.170	32.953	33.042	31.915	-2.36%
Dec 06, 2011	32.662	32.167	32.945	31.655	1.53%
Dec 07, 2011	32.583	32.665	32.847	32.265	-0.24%
Dec 08, 2011	31.758	32.567	33.288	31.465	-2.53%
Dec 09, 2011	32.228	31.735	32.377	31.520	1.48%
Dec 11, 2011	32.198	32.252	32.300	32.148	-0.09%
Dec 12, 2011	31.330	32.222	32.252	30.930	-2.70%
Dec 13, 2011	30.775	31.295	32.022	30.462	-1.77%
Dec 14, 2011	29.043	30.790	31.058	28.545	-5.63%
Dec 15, 2011	29.400	29.025	29.400	28.133	1.23%
Dec 16, 2011	29.710	29.355	29.930	29.208	1.05%
Dec 18, 2011	29.708	29.752	29.790	29.678	-0.01%
Dec 19, 2011	28.738	29.705	29.733	28.682	-3.27%
Dec 20, 2011	29.575	28.743	29.620	28.743	2.91%
Dec 21, 2011	29.305	29.572	30.200	29.138	-0.91%
Dec 22, 2011	29.200	29.303	29.685	29.005	-0.36%
Dec 23, 2011	29.083	29.205	29.447	29.033	-0.40%
Dec 25, 2011	29.090	29.090	29.090	29.090	0.02%
Dec 26, 2011	29.093	29.090	29.180	29.045	0.01%
Dec 27, 2011	28.670	29.087	29.153	28.618	-1.45%
Dec 28, 2011	27.028	28.642	28.773	26.843	-5.73%
Dec 29, 2011	27.693	27.043	27.835	26.140	2.46%
Dec 30, 2011	27.800	27.685	28.458	27.278	0.39%
Jan 02, 2012	28.160	27.815	28.160	27.815	1.29%
Jan 03, 2012	29.620	28.158	29.723	28.110	5.18%
Jan 04, 2012	29.140	29.615	29.728	28.915	-1.62%
Jan 05, 2012	29.210	29.142	29.618	28.690	0.24%
Jan 06, 2012	28.693	29.208	29.445	28.583	-1.77%
Jan 08, 2012	28.848	28.773	28.940	28.625	0.54%
Jan 09, 2012	28.960	28.840	29.203	28.553	0.39%
Jan 10, 2012	29.918	28.970	30.293	28.935	3.31%
Jan 11, 2012	29.965	29.915	30.233	29.553	0.16%
Jan 12, 2012	30.158	29.962	30.655	29.923	0.64%
Jan 13, 2012	29.723	30.155	30.243	29.425	-1.44%
Jan 15, 2012	29.785	29.708	29.888	29.618	0.21%
Jan 16, 2012	29.930	29.788	30.028	29.462	0.49%
Jan 17, 2012	30.103	29.933	30.565	29.903	0.58%
Jan 18, 2012	30.485	30.098	30.587	29.745	1.27%
Jan 19, 2012	30.587	30.478	30.862	30.337	0.33%
Jan 20, 2012	32.175	30.595	32.175	30.293	5.19%
Jan 22, 2012	31.793	32.095	32.138	31.793	-1.19%
Jan 23, 2012	32.435	31.803	32.767	31.800	2.02%
Jan 24, 2012	32.133	32.438	32.468	31.868	-0.93%
Jan 25, 2012	33.075	32.130	33.393	31.543	2.93%
Jan 26, 2012	33.388	33.078	33.787	32.990	0.95%
Jan 27, 2012	33.903	33.390	33.938	33.270	1.54%
Jan 29, 2012	33.908	33.843	34.013	33.832	0.01%
Jan 30, 2012	33.472	33.910	33.918	33.055	-1.29%
Jan 31, 2012	33.178	33.470	34.093	32.948	-0.88%
Feb 01, 2012	33.785	33.175	33.988	33.075	1.83%
Feb 02, 2012	34.228	33.790	34.403	33.455	1.31%
Feb 03, 2012	33.647	34.243	34.390	33.333	-1.70%
Feb 05, 2012	33.648	33.655	33.692	33.595	0.00%
Feb 06, 2012	33.660	33.650	33.860	32.993	0.04%
Feb 07, 2012	34.125	33.655	34.368	33.158	1.38%
Feb 08, 2012	33.910	34.115	34.515	33.673	-0.63%
Feb 09, 2012	33.940	33.913	34.438	33.680	0.09%
Feb 10, 2012	33.575	33.938	34.058	33.177	-1.08%
Feb 12, 2012	33.805	33.753	33.843	33.705	0.69%
Feb 13, 2012	33.575	33.813	34.030	33.455	-0.68%
Feb 14, 2012	33.568	33.573	33.830	33.263	-0.02%
Feb 15, 2012	33.423	33.578	33.968	33.110	-0.43%
Feb 16, 2012	33.472	33.415	33.553	32.648	0.15%
Feb 17, 2012	33.278	33.480	33.685	33.063	-0.58%
Feb 19, 2012	33.603	33.370	33.610	33.358	0.98%
Feb 20, 2012	33.508	33.608	33.670	33.368	-0.28%
Feb 21, 2012	34.275	33.513	34.450	33.457	2.29%
Feb 22, 2012	34.300	34.278	34.493	33.927	0.07%
Feb 23, 2012	35.345	34.303	35.605	34.238	3.05%
Feb 24, 2012	35.378	35.343	35.722	35.198	0.09%
Feb 26, 2012	35.508	35.503	35.567	35.457	0.37%
Feb 27, 2012	35.470	35.505	35.700	35.133	-0.11%
Feb 28, 2012	37.025	35.472	37.290	35.393	4.38%
Feb 29, 2012	34.905	37.028	37.558	34.150	-5.73%
Mar 01, 2012	35.493	34.910	35.700	34.463	1.68%
Mar 02, 2012	34.813	35.490	35.528	34.433	-1.92%
Mar 04, 2012	34.770	34.728	34.870	34.693	-0.12%
Mar 05, 2012	34.080	34.768	34.948	33.563	-1.98%
Mar 06, 2012	32.975	34.078	34.207	32.493	-3.24%
Mar 07, 2012	33.438	32.968	33.605	32.752	1.40%
Mar 08, 2012	33.885	33.440	34.183	33.363	1.34%
Mar 09, 2012	34.310	33.888	34.438	33.153	1.25%
Mar 11, 2012	34.323	34.273	34.403	34.265	0.04%
Mar 12, 2012	33.683	34.325	34.333	33.385	-1.86%
Mar 13, 2012	33.383	33.685	33.838	33.020	-0.89%
Mar 14, 2012	32.225	33.385	33.448	31.640	-3.47%
Mar 15, 2012	32.500	32.220	32.870	31.958	0.85%
Mar 16, 2012	32.530	32.502	32.752	32.140	0.09%
Mar 18, 2012	32.587	32.565	32.600	32.463	0.18%
Mar 19, 2012	32.910	32.582	33.082	32.343	0.99%
Mar 20, 2012	32.070	32.918	32.940	31.783	-2.55%
Mar 21, 2012	32.160	32.068	32.403	31.872	0.28%
Mar 22, 2012	31.650	32.162	32.350	31.103	-1.59%
Mar 23, 2012	32.218	31.648	32.295	31.438	1.79%
Mar 25, 2012	32.377	32.248	32.417	32.180	0.49%
Mar 26, 2012	32.767	32.383	32.925	32.028	1.20%
Mar 27, 2012	32.608	32.770	33.183	32.483	-0.49%
Mar 28, 2012	32.165	32.605	32.675	31.778	-1.36%
Mar 29, 2012	32.228	32.173	32.302	31.638	0.20%
Mar 30, 2012	32.233	32.225	32.625	32.148	0.02%
Apr 01, 2012	32.463	32.423	32.558	32.392	0.71%
Apr 02, 2012	33.035	32.470	33.238	32.358	1.76%
Apr 03, 2012	32.627	33.042	33.290	32.475	-1.24%
Apr 04, 2012	31.360	32.625	32.662	30.978	-3.88%
Apr 05, 2012	31.723	31.358	31.805	31.188	1.16%
Apr 08, 2012	31.873	31.883	32.095	31.837	0.47%
Apr 09, 2012	31.613	31.875	31.910	31.313	-0.82%
Apr 10, 2012	31.590	31.618	31.928	31.165	-0.07%
Apr 11, 2012	31.603	31.595	31.807	31.370	0.04%
Apr 12, 2012	32.350	31.598	32.575	31.425	2.36%
Apr 13, 2012	31.497	32.355	32.428	31.307	-2.64%
Apr 15, 2012	31.410	31.453	31.493	31.290	-0.28%
Apr 16, 2012	31.458	31.413	31.693	31.185	0.15%
Apr 17, 2012	31.705	31.460	31.883	31.320	0.79%
Apr 18, 2012	31.618	31.700	31.877	31.345	-0.27%
Apr 19, 2012	31.690	31.613	32.000	31.307	0.23%
Apr 20, 2012	31.660	31.683	31.895	31.538	-0.09%
Apr 22, 2012	31.700	31.658	31.710	31.630	0.13%
Apr 23, 2012	30.830	31.708	31.747	30.523	-2.74%
Apr 24, 2012	30.855	30.837	31.175	30.723	0.08%
Apr 25, 2012	30.738	30.853	31.030	29.997	-0.38%
Apr 26, 2012	31.110	30.735	31.333	30.665	1.21%
Apr 27, 2012	31.295	31.108	31.468	30.947	0.59%
Apr 29, 2012	31.380	31.335	31.383	31.293	0.27%
Apr 30, 2012	31.108	31.383	31.438	30.615	-0.87%
May 01, 2012	31.038	31.105	31.362	30.800	-0.23%
May 02, 2012	30.630	31.035	31.053	30.423	-1.31%
May 03, 2012	30.145	30.625	30.678	29.885	-1.58%
May 04, 2012	30.385	30.142	30.470	29.783	0.80%
May 06, 2012	30.153	30.258	30.273	29.993	-0.76%
May 07, 2012	30.075	30.158	30.388	29.690	-0.26%
May 08, 2012	29.348	30.083	30.098	29.135	-2.42%
May 09, 2012	29.173	29.343	29.423	28.628	-0.60%
May 10, 2012	29.010	29.170	29.453	28.945	-0.56%
May 11, 2012	28.888	29.008	29.098	28.438	-0.42%
May 13, 2012	28.793	28.863	28.870	28.767	-0.33%
May 14, 2012	28.195	28.798	28.985	28.080	-2.08%
May 15, 2012	27.642	28.212	28.425	27.568	-1.96%
May 16, 2012	27.313	27.640	27.965	26.745	-1.19%
May 17, 2012	28.075	27.333	28.293	27.328	2.79%
May 18, 2012	28.708	28.078	28.892	27.798	2.25%
May 20, 2012	28.705	28.688	28.853	28.633	-0.01%
May 21, 2012	28.545	28.708	28.828	28.038	-0.56%
May 22, 2012	28.068	28.533	28.770	27.925	-1.67%
May 23, 2012	27.642	28.078	28.078	27.087	-1.52%
May 24, 2012	28.140	27.645	28.513	27.595	1.80%
May 25, 2012	28.475	28.138	28.560	27.885	1.19%
May 27, 2012	28.587	28.555	28.725	28.528	0.39%
May 28, 2012	28.375	28.585	28.755	28.288	-0.74%
May 29, 2012	27.720	28.373	28.658	27.653	-2.31%
May 30, 2012	27.903	27.728	28.142	27.358	0.66%
May 31, 2012	27.683	27.888	28.188	27.513	-0.79%
Jun 01, 2012	28.475	27.665	28.673	27.178	2.86%
Jun 03, 2012	28.322	28.620	28.655	28.322	-0.54%
Jun 04, 2012	28.273	28.330	28.598	27.958	-0.17%
Jun 05, 2012	28.483	28.270	28.543	28.083	0.74%
Jun 06, 2012	29.425	28.480	29.868	28.475	3.31%
Jun 07, 2012	28.645	29.420	29.665	28.362	-2.65%
Jun 08, 2012	28.453	28.642	28.648	27.913	-0.67%
Jun 10, 2012	28.918	28.962	28.998	28.773	1.63%
Jun 11, 2012	28.375	28.910	28.950	28.263	-1.88%
Jun 12, 2012	28.810	28.373	29.013	28.333	1.53%
Jun 13, 2012	28.828	28.815	29.087	28.705	0.06%
Jun 14, 2012	28.563	28.825	29.075	28.170	-0.92%
Jun 15, 2012	28.638	28.560	28.805	28.495	0.26%
Jun 17, 2012	28.585	28.998	29.010	28.368	-0.19%
Jun 18, 2012	28.725	28.572	28.833	28.237	0.49%
Jun 19, 2012	28.415	28.728	28.895	28.285	-1.08%
Jun 20, 2012	27.965	28.413	28.575	27.678	-1.58%
Jun 21, 2012	26.980	27.968	27.975	26.805	-3.52%
Jun 22, 2012	26.837	26.975	26.985	26.517	-0.53%
Jun 24, 2012	26.697	26.915	26.970	26.642	-0.52%
Jun 25, 2012	27.505	26.700	27.653	26.642	3.03%
Jun 26, 2012	27.070	27.510	27.553	26.805	-1.58%
Jun 27, 2012	26.930	27.065	27.337	26.668	-0.52%
Jun 28, 2012	26.315	26.928	27.127	26.112	-2.28%
Jun 29, 2012	27.468	26.310	27.905	26.288	4.38%
Jul 01, 2012	27.520	27.468	27.523	27.423	0.19%
Jul 02, 2012	27.445	27.508	27.603	27.193	-0.27%
Jul 03, 2012	28.258	27.447	28.430	27.403	2.96%
Jul 04, 2012	28.135	28.252	28.322	28.030	-0.44%
Jul 05, 2012	27.740	28.140	28.375	27.500	-1.40%
Jul 06, 2012	27.070	27.743	27.788	26.913	-2.42%
Jul 08, 2012	26.965	27.035	27.035	26.910	-0.39%
Jul 09, 2012	27.305	26.962	27.480	26.925	1.26%
Jul 10, 2012	26.923	27.303	27.553	26.720	-1.40%
Jul 11, 2012	27.105	26.925	27.237	26.798	0.68%
Jul 12, 2012	27.105	27.103	27.343	26.430	0.00%
Jul 13, 2012	27.283	27.115	27.545	27.063	0.66%
Jul 15, 2012	27.378	27.405	27.420	27.303	0.35%
Jul 16, 2012	27.298	27.372	27.390	26.865	-0.29%
Jul 17, 2012	27.290	27.308	27.595	26.767	-0.03%
Jul 18, 2012	27.123	27.283	27.340	26.865	-0.61%
Jul 19, 2012	27.265	27.125	27.570	27.115	0.52%
Jul 20, 2012	27.267	27.248	27.395	26.773	0.01%
Jul 22, 2012	27.188	27.178	27.288	27.118	-0.29%
Jul 23, 2012	26.995	27.203	27.210	26.627	-0.71%
Jul 24, 2012	26.920	27.008	27.133	26.578	-0.28%
Jul 25, 2012	27.263	26.903	27.520	26.783	1.27%
Jul 26, 2012	27.420	27.265	27.778	27.208	0.58%
Jul 27, 2012	27.685	27.423	27.810	27.333	0.97%
Jul 29, 2012	27.642	27.670	27.740	27.635	-0.16%
Jul 30, 2012	28.085	27.645	28.193	27.515	1.60%
Jul 31, 2012	27.895	28.080	28.333	27.880	-0.68%
Aug 01, 2012	27.403	27.898	28.020	27.075	-1.76%
Aug 02, 2012	27.120	27.408	27.760	26.938	-1.03%
Aug 03, 2012	27.740	27.118	27.858	26.998	2.29%
Aug 05, 2012	27.753	27.775	27.780	27.668	0.05%
Aug 06, 2012	27.822	27.747	27.945	27.563	0.25%
Aug 07, 2012	28.000	27.818	28.180	27.733	0.64%
Aug 08, 2012	27.987	28.002	28.203	27.668	-0.05%
Aug 09, 2012	28.068	27.993	28.182	27.837	0.29%
Aug 10, 2012	28.053	28.055	28.280	27.557	-0.05%
Aug 12, 2012	28.090	28.095	28.123	28.065	0.13%
Aug 13, 2012	27.763	28.095	28.148	27.693	-1.16%
Aug 14, 2012	27.778	27.765	27.965	27.578	0.05%
Aug 15, 2012	27.775	27.773	27.958	27.458	-0.01%
Aug 16, 2012	28.135	27.773	28.235	27.697	1.30%
Aug 17, 2012	28.015	28.138	28.283	27.962	-0.43%
Aug 19, 2012	28.075	28.043	28.125	28.033	0.21%
Aug 20, 2012	28.648	28.070	28.788	27.883	2.04%
Aug 21, 2012	29.225	28.645	29.460	28.612	2.01%
Aug 22, 2012	29.808	29.223	29.878	29.178	1.99%
Aug 23, 2012	30.435	29.822	30.785	29.783	2.10%
Aug 24, 2012	30.735	30.430	30.760	30.195	0.99%
Aug 26, 2012	30.945	30.855	30.983	30.835	0.68%
Aug 27, 2012	30.822	30.953	31.310	30.688	-0.40%
Aug 28, 2012	30.895	30.820	31.048	30.578	0.24%
Aug 29, 2012	30.758	30.898	31.025	30.615	-0.44%
Aug 30, 2012	30.445	30.755	30.965	30.270	-1.02%
Aug 31, 2012	31.767	30.447	31.818	30.310	4.34%
Sep 02, 2012	31.655	31.735	31.785	31.615	-0.35%
Sep 03, 2012	32.185	31.653	32.358	31.578	1.67%
Sep 04, 2012	32.258	32.180	32.468	31.970	0.23%
Sep 05, 2012	32.258	32.255	32.415	32.002	0.00%
Sep 06, 2012	32.623	32.263	33.037	32.252	1.13%
Sep 07, 2012	33.722	32.610	33.773	32.010	3.37%
Sep 09, 2012	33.690	33.705	33.722	33.638	-0.09%
Sep 10, 2012	33.503	33.693	34.008	33.290	-0.56%
Sep 11, 2012	33.565	33.500	33.863	33.398	0.19%
Sep 12, 2012	33.283	33.563	34.138	32.523	-0.84%
Sep 13, 2012	34.620	33.285	34.860	32.725	4.02%
Sep 14, 2012	34.695	34.618	34.980	34.343	0.22%
Sep 16, 2012	34.758	34.640	34.905	34.640	0.18%
Sep 17, 2012	34.253	34.755	34.798	33.863	-1.45%
Sep 18, 2012	34.722	34.248	35.073	34.023	1.37%
Sep 19, 2012	34.688	34.735	35.023	34.325	-0.10%
Sep 20, 2012	34.675	34.683	34.795	34.133	-0.04%
Sep 21, 2012	34.570	34.690	35.228	34.383	-0.30%
Sep 23, 2012	34.483	34.530	34.580	34.448	-0.25%
Sep 24, 2012	34.063	34.478	34.485	33.665	-1.22%
Sep 25, 2012	33.815	34.055	34.535	33.713	-0.73%
Sep 26, 2012	34.040	33.813	34.105	33.388	0.67%
Sep 27, 2012	34.660	34.037	34.810	33.948	1.82%
Sep 28, 2012	34.530	34.658	34.923	34.332	-0.38%
Sep 30, 2012	34.343	34.525	34.530	34.332	-0.54%
Oct 01, 2012	34.778	34.338	35.442	34.220	1.27%
Oct 02, 2012	34.578	34.780	35.113	34.457	-0.58%
Oct 03, 2012	34.750	34.575	34.920	34.515	0.50%
Oct 04, 2012	35.037	34.753	35.168	34.688	0.83%
Oct 05, 2012	34.548	35.035	35.143	34.345	-1.40%
Oct 07, 2012	34.542	34.550	34.597	34.445	-0.02%
Oct 08, 2012	34.145	34.540	34.567	33.763	-1.15%
Oct 09, 2012	33.838	34.138	34.258	33.597	-0.90%
Oct 10, 2012	33.963	33.835	34.188	33.748	0.37%
Oct 11, 2012	34.100	33.960	34.378	33.815	0.40%
Oct 12, 2012	33.485	34.088	34.162	33.463	-1.80%
Oct 14, 2012	33.150	33.485	33.485	33.075	-1.00%
Oct 15, 2012	32.733	33.140	33.383	32.575	-1.26%
Oct 16, 2012	33.138	32.728	33.158	32.707	1.24%
Oct 17, 2012	33.150	33.133	33.295	32.885	0.04%
Oct 18, 2012	32.853	33.153	33.320	32.707	-0.90%
Oct 19, 2012	32.088	32.847	32.918	31.945	-2.33%
Oct 21, 2012	31.880	31.993	32.005	31.738	-0.65%
Oct 22, 2012	32.410	31.883	32.493	31.880	1.66%
Oct 23, 2012	31.815	32.408	32.450	31.580	-1.84%
Oct 24, 2012	31.868	31.820	32.053	31.545	0.17%
Oct 25, 2012	32.180	31.865	32.260	31.835	0.98%
Oct 26, 2012	32.095	32.175	32.360	31.608	-0.26%
Oct 28, 2012	32.068	32.133	32.133	31.975	-0.08%
Oct 29, 2012	31.818	32.065	32.228	31.682	-0.78%
Oct 30, 2012	31.885	31.820	32.148	31.763	0.21%
Oct 31, 2012	32.298	31.888	32.438	31.835	1.30%
Nov 01, 2012	32.330	32.302	32.683	32.190	0.10%
Nov 02, 2012	30.920	32.332	32.362	30.818	-4.36%
Nov 04, 2012	31.053	30.880	31.063	30.865	0.43%
Nov 05, 2012	31.193	31.050	31.243	30.660	0.45%
Nov 06, 2012	31.890	31.195	32.273	31.068	2.23%
Nov 07, 2012	31.820	31.892	32.408	31.225	-0.22%
Nov 08, 2012	32.307	31.818	32.435	31.640	1.53%
Nov 09, 2012	32.590	32.320	32.783	32.067	0.88%
Nov 11, 2012	32.680	32.633	32.745	32.578	0.28%
Nov 12, 2012	32.320	32.673	32.743	32.200	-1.10%
Nov 13, 2012	32.502	32.328	32.808	32.115	0.56%
Nov 14, 2012	32.603	32.498	32.923	32.362	0.31%
Nov 15, 2012	32.608	32.615	32.767	32.153	0.02%
Nov 16, 2012	32.308	32.605	32.638	32.023	-0.92%
Nov 18, 2012	32.405	32.300	32.423	32.300	0.30%
Nov 19, 2012	33.063	32.410	33.210	32.313	2.03%
Nov 20, 2012	33.120	33.055	33.238	32.863	0.17%
Nov 21, 2012	33.388	33.118	33.433	32.838	0.81%
Nov 22, 2012	33.340	33.385	33.442	33.270	-0.14%
Nov 23, 2012	34.118	33.347	34.150	33.240	2.33%
Nov 25, 2012	34.100	34.170	34.185	34.085	-0.05%
Nov 26, 2012	34.258	34.110	34.310	33.978	0.46%
Nov 27, 2012	34.080	34.260	34.368	34.005	-0.52%
Nov 28, 2012	33.845	34.083	34.135	32.995	-0.69%
Nov 29, 2012	34.283	33.838	34.485	33.613	1.29%
Nov 30, 2012	33.475	34.285	34.423	33.225	-2.36%
Dec 02, 2012	33.475	33.475	33.475	33.475	0.00%
Dec 03, 2012	33.683	33.603	33.905	33.475	0.62%
Dec 04, 2012	32.930	33.677	33.703	32.752	-2.24%
Dec 05, 2012	32.893	32.927	33.298	32.593	-0.11%
Dec 06, 2012	33.055	32.888	33.328	32.610	0.49%
Dec 07, 2012	33.128	33.058	33.323	32.688	0.22%
Dec 09, 2012	33.155	33.140	33.203	33.118	0.08%
Dec 10, 2012	33.300	33.153	33.493	33.148	0.44%
Dec 11, 2012	33.030	33.295	33.310	32.843	-0.81%
Dec 12, 2012	33.412	33.028	33.870	32.995	1.16%
Dec 13, 2012	32.615	33.408	33.428	32.287	-2.39%
Dec 14, 2012	32.330	32.620	32.793	32.248	-0.87%
Dec 16, 2012	32.375	32.430	32.470	32.362	0.14%
Dec 17, 2012	32.317	32.373	32.483	32.090	-0.18%
Dec 18, 2012	31.820	32.313	32.597	31.413	-1.54%
Dec 19, 2012	31.115	31.813	31.862	31.033	-2.22%
Dec 20, 2012	30.017	31.110	31.273	29.660	-3.53%
Dec 21, 2012	30.043	30.015	30.315	29.673	0.09%
Dec 23, 2012	30.127	30.025	30.163	30.015	0.28%
Dec 24, 2012	29.945	30.125	30.390	29.865	-0.60%
Dec 25, 2012	29.940	29.960	30.050	29.940	-0.02%
Dec 26, 2012	30.078	29.940	30.250	29.875	0.46%
Dec 27, 2012	30.188	30.072	30.513	29.728	0.37%
Dec 28, 2012	30.040	30.190	30.365	29.908	-0.49%
Dec 30, 2012	30.100	30.078	30.113	30.070	0.20%
Dec 31, 2012	30.368	30.105	30.478	29.923	0.89%
Jan 01, 2013	30.248	30.353	30.388	30.228	-0.40%
Jan 02, 2013	31.085	30.240	31.525	30.233	2.77%
Jan 03, 2013	30.135	31.083	31.223	30.025	-3.06%
Jan 04, 2013	30.228	30.128	30.293	29.240	0.31%
Jan 06, 2013	30.197	30.267	30.267	30.165	-0.10%
Jan 07, 2013	30.253	30.203	30.473	29.872	0.19%
Jan 08, 2013	30.470	30.258	30.557	30.087	0.72%
Jan 09, 2013	30.355	30.478	30.578	30.068	-0.38%
Jan 10, 2013	30.835	30.353	30.947	30.258	1.58%
Jan 11, 2013	30.462	30.837	30.873	30.197	-1.21%
Jan 13, 2013	30.413	30.445	30.473	30.388	-0.16%
Jan 14, 2013	31.080	30.410	31.163	30.388	2.19%
Jan 15, 2013	31.428	31.072	31.543	30.962	1.12%
Jan 16, 2013	31.478	31.420	31.568	31.093	0.16%
Jan 17, 2013	31.725	31.480	31.923	31.053	0.78%
Jan 18, 2013	31.862	31.728	32.135	31.673	0.43%
Jan 20, 2013	31.998	31.862	32.008	31.862	0.43%
Jan 21, 2013	32.013	31.993	32.112	31.870	0.05%
Jan 22, 2013	32.200	32.010	32.360	31.822	0.58%
Jan 23, 2013	32.222	32.203	32.478	32.108	0.07%
Jan 24, 2013	31.658	32.228	32.233	31.612	-1.75%
Jan 25, 2013	31.185	31.668	31.783	31.130	-1.49%
Jan 27, 2013	31.248	31.180	31.258	31.180	0.20%
Jan 28, 2013	30.935	31.240	31.318	30.750	-1.00%
Jan 29, 2013	31.390	30.938	31.470	30.925	1.47%
Jan 30, 2013	32.025	31.392	32.258	31.258	2.02%
Jan 31, 2013	31.460	32.023	32.127	31.118	-1.76%
Feb 01, 2013	31.830	31.462	32.158	31.305	1.18%
Feb 03, 2013	31.837	31.868	31.883	31.783	0.02%
Feb 04, 2013	31.775	31.830	31.920	31.388	-0.19%
Feb 05, 2013	31.885	31.770	32.112	31.623	0.35%
Feb 06, 2013	31.880	31.890	31.890	31.608	-0.02%
Feb 07, 2013	31.505	31.883	31.920	31.300	-1.18%
Feb 08, 2013	31.413	31.500	31.693	31.335	-0.29%
Feb 10, 2013	31.435	31.450	31.462	31.418	0.07%
Feb 11, 2013	30.935	31.433	31.533	30.822	-1.59%
Feb 12, 2013	31.153	30.938	31.190	30.583	0.70%
Feb 13, 2013	30.810	31.155	31.220	30.733	-1.10%
Feb 14, 2013	30.418	30.813	31.057	30.223	-1.27%
Feb 15, 2013	29.765	30.420	30.458	29.673	-2.15%
Feb 17, 2013	29.865	29.805	29.870	29.778	0.34%
Feb 18, 2013	30.043	29.860	30.145	29.845	0.60%
Feb 19, 2013	29.418	30.048	30.118	29.203	-2.08%
Feb 20, 2013	28.712	29.415	29.610	28.258	-2.40%
Feb 21, 2013	28.703	28.708	28.868	28.293	-0.03%
Feb 22, 2013	28.675	28.697	28.892	28.337	-0.10%
Feb 24, 2013	28.730	28.805	28.815	28.723	0.19%
Feb 25, 2013	29.085	28.728	29.275	28.598	1.24%
Feb 26, 2013	29.380	29.072	29.485	28.612	1.01%
Feb 27, 2013	29.020	29.383	29.413	28.868	-1.23%
Feb 28, 2013	28.570	29.023	29.188	28.408	-1.55%
Mar 01, 2013	28.587	28.568	28.783	27.947	0.06%
Mar 03, 2013	28.663	28.675	28.728	28.642	0.27%
Mar 04, 2013	28.608	28.648	28.813	28.432	-0.19%
Mar 05, 2013	28.770	28.613	29.080	28.523	0.57%
Mar 06, 2013	28.940	28.758	29.068	28.533	0.59%
Mar 07, 2013	28.888	28.935	29.060	28.743	-0.18%
Mar 08, 2013	28.960	28.890	29.245	28.335	0.25%
Mar 10, 2013	28.938	28.990	29.010	28.908	-0.08%
Mar 11, 2013	29.002	28.932	29.083	28.705	0.22%
Mar 12, 2013	29.158	28.990	29.343	28.875	0.54%
Mar 13, 2013	28.898	29.155	29.267	28.843	-0.89%
Mar 14, 2013	28.795	28.903	28.953	28.540	-0.36%
Mar 15, 2013	28.748	28.800	29.002	28.703	-0.16%
Mar 17, 2013	29.000	28.795	29.108	28.795	0.88%
Mar 18, 2013	28.932	28.995	29.035	28.590	-0.23%
Mar 19, 2013	28.898	28.935	29.070	28.627	-0.12%
Mar 20, 2013	28.783	28.903	28.987	28.488	-0.40%
Mar 21, 2013	29.127	28.785	29.313	28.712	1.20%
Mar 22, 2013	28.708	29.133	29.168	28.513	-1.44%
Mar 24, 2013	28.645	28.693	28.743	28.593	-0.22%
Mar 25, 2013	28.843	28.648	28.883	28.468	0.69%
Mar 26, 2013	28.755	28.845	28.845	28.610	-0.31%
Mar 27, 2013	28.650	28.763	28.783	28.085	-0.37%
Mar 28, 2013	28.305	28.688	28.807	28.173	-1.20%
Mar 31, 2013	28.248	28.263	28.345	28.158	-0.20%
Apr 01, 2013	28.072	28.253	28.320	27.818	-0.62%
Apr 02, 2013	27.203	28.050	28.138	27.153	-3.10%
Apr 03, 2013	26.885	27.197	27.295	26.688	-1.17%
Apr 04, 2013	26.815	26.888	26.925	26.580	-0.26%
Apr 05, 2013	27.263	26.822	27.290	26.733	1.67%
Apr 07, 2013	27.250	27.293	27.378	27.237	-0.05%
Apr 08, 2013	27.188	27.255	27.313	27.080	-0.23%
Apr 09, 2013	27.885	27.182	28.015	27.142	2.56%
Apr 10, 2013	27.430	27.888	27.962	27.348	-1.63%
Apr 11, 2013	27.600	27.432	27.780	27.358	0.62%
Apr 12, 2013	25.915	27.605	27.642	25.860	-6.11%
Apr 14, 2013	25.923	25.913	26.023	25.783	0.03%
Apr 15, 2013	22.685	25.918	26.030	22.520	-12.49%
Apr 16, 2013	23.458	22.712	23.947	22.015	3.41%
Apr 17, 2013	23.223	23.455	23.723	22.840	-1.00%
Apr 18, 2013	23.290	23.225	23.638	22.443	0.29%
Apr 19, 2013	23.193	23.295	23.813	22.873	-0.42%
Apr 21, 2013	23.215	23.322	23.322	23.180	0.09%
Apr 22, 2013	23.235	23.228	23.645	23.078	0.09%
Apr 23, 2013	22.875	23.230	23.353	22.553	-1.55%
Apr 24, 2013	23.118	22.898	23.310	22.807	1.06%
Apr 25, 2013	24.423	23.090	24.438	23.023	5.64%
Apr 26, 2013	23.945	24.420	24.788	23.608	-1.96%
Apr 28, 2013	24.023	24.065	24.123	23.945	0.33%
Apr 29, 2013	24.428	24.020	24.578	23.993	1.69%
Apr 30, 2013	24.305	24.418	24.520	24.025	-0.50%
May 01, 2013	23.640	24.325	24.337	23.228	-2.74%
May 02, 2013	23.750	23.638	24.182	23.375	0.47%
May 03, 2013	24.083	23.753	24.372	23.615	1.40%
May 05, 2013	24.090	24.133	24.153	24.033	0.03%
May 06, 2013	23.943	24.093	24.410	23.830	-0.61%
May 07, 2013	23.830	23.940	23.983	23.413	-0.47%
May 08, 2013	23.885	23.828	24.055	23.645	0.23%
May 09, 2013	23.583	23.880	24.153	23.497	-1.26%
May 10, 2013	23.830	23.590	23.873	23.153	1.05%
May 12, 2013	23.668	23.822	23.835	23.653	-0.68%
May 13, 2013	23.638	23.653	23.795	23.473	-0.13%
May 14, 2013	23.435	23.645	23.758	23.087	-0.86%
May 15, 2013	22.587	23.428	23.430	22.462	-3.62%
May 16, 2013	22.625	22.583	22.767	22.068	0.17%
May 17, 2013	22.190	22.633	22.743	22.112	-1.92%
May 19, 2013	21.425	22.255	22.325	20.215	-3.45%
May 20, 2013	22.648	21.420	23.123	21.130	5.71%
May 21, 2013	22.435	22.645	22.877	22.023	-0.94%
May 22, 2013	22.168	22.432	23.288	22.110	-1.19%
May 23, 2013	22.447	22.145	22.638	21.925	1.26%
May 24, 2013	22.335	22.450	22.598	22.270	-0.50%
May 26, 2013	22.345	22.360	22.392	22.300	0.04%
May 27, 2013	22.585	22.340	22.708	22.288	1.07%
May 28, 2013	22.267	22.583	22.587	22.112	-1.41%
May 29, 2013	22.465	22.278	22.478	22.133	0.89%
May 30, 2013	22.773	22.462	23.055	22.313	1.37%
May 31, 2013	22.193	22.775	22.853	22.120	-2.55%
Jun 02, 2013	22.368	22.205	22.388	22.203	0.79%
Jun 03, 2013	22.648	22.360	22.908	22.263	1.25%
Jun 04, 2013	22.480	22.650	22.728	22.235	-0.74%
Jun 05, 2013	22.445	22.483	22.697	22.293	-0.16%
Jun 06, 2013	22.528	22.440	22.835	22.267	0.37%
Jun 07, 2013	21.583	22.523	22.755	21.513	-4.19%
Jun 09, 2013	21.678	21.595	21.730	21.388	0.44%
Jun 10, 2013	21.818	21.675	22.017	21.340	0.65%
Jun 11, 2013	21.635	21.820	21.870	21.428	-0.84%
Jun 12, 2013	21.653	21.640	21.943	21.572	0.08%
Jun 13, 2013	21.760	21.630	21.913	21.508	0.49%
Jun 14, 2013	22.013	21.758	22.240	21.627	1.16%
Jun 16, 2013	21.985	22.060	22.060	21.947	-0.13%
Jun 17, 2013	21.830	21.978	21.995	21.620	-0.71%
Jun 18, 2013	21.630	21.833	21.878	21.453	-0.92%
Jun 19, 2013	21.127	21.627	21.752	21.118	-2.33%
Jun 20, 2013	19.560	21.118	21.235	19.517	-7.42%
Jun 21, 2013	20.035	19.550	20.063	19.313	2.43%
Jun 23, 2013	20.170	20.087	20.197	20.042	0.67%
Jun 24, 2013	19.668	20.173	20.175	19.420	-2.49%
Jun 25, 2013	19.540	19.680	19.813	19.435	-0.65%
Jun 26, 2013	18.557	19.530	19.610	18.390	-5.03%
Jun 27, 2013	18.553	18.580	18.950	18.360	-0.02%
Jun 28, 2013	19.633	18.548	19.642	18.183	5.82%
Jun 30, 2013	19.883	19.535	20.065	19.535	1.27%
Jul 01, 2013	19.630	19.878	19.900	19.370	-1.27%
Jul 02, 2013	19.400	19.627	19.788	19.228	-1.17%
Jul 03, 2013	19.778	19.398	19.875	19.315	1.95%
Jul 04, 2013	19.520	19.775	19.813	19.383	-1.30%
Jul 05, 2013	18.863	19.515	19.583	18.675	-3.37%
Jul 07, 2013	18.835	18.848	19.080	18.805	-0.15%
Jul 08, 2013	18.973	18.837	19.263	18.675	0.73%
Jul 09, 2013	19.195	18.978	19.483	18.960	1.17%
Jul 10, 2013	19.745	19.178	19.898	18.987	2.87%
Jul 11, 2013	20.075	19.767	20.245	19.623	1.67%
Jul 12, 2013	19.895	20.072	20.188	19.620	-0.90%
Jul 14, 2013	20.008	19.870	20.133	19.868	0.57%
Jul 15, 2013	19.865	20.005	20.103	19.548	-0.71%
Jul 16, 2013	19.938	19.855	20.023	19.663	0.37%
Jul 17, 2013	19.360	19.930	20.133	19.243	-2.90%
Jul 18, 2013	19.375	19.358	19.540	19.212	0.08%
Jul 19, 2013	19.462	19.378	19.587	19.290	0.45%
Jul 21, 2013	19.810	19.513	19.895	19.508	1.79%
Jul 22, 2013	20.468	19.813	20.572	19.658	3.32%
Jul 23, 2013	20.392	20.465	20.517	20.087	-0.37%
Jul 24, 2013	20.093	20.410	20.465	19.973	-1.47%
Jul 25, 2013	20.293	20.095	20.310	19.763	1.00%
Jul 26, 2013	19.970	20.295	20.298	19.638	-1.59%
Jul 28, 2013	19.892	19.938	20.008	19.877	-0.39%
Jul 29, 2013	19.783	19.895	20.182	19.668	-0.55%
Jul 30, 2013	19.735	19.790	19.873	19.502	-0.24%
Jul 31, 2013	19.790	19.745	20.078	19.365	0.28%
Aug 01, 2013	19.572	19.783	19.953	19.510	-1.10%
Aug 02, 2013	19.858	19.600	20.258	19.182	1.46%
Aug 04, 2013	19.845	19.833	19.913	19.815	-0.07%
Aug 05, 2013	19.688	19.848	19.985	19.528	-0.79%
Aug 06, 2013	19.480	19.680	19.770	19.443	-1.06%
Aug 07, 2013	19.517	19.478	19.595	19.123	0.19%
Aug 08, 2013	20.212	19.515	20.307	19.495	3.56%
Aug 09, 2013	20.517	20.215	20.553	20.068	1.51%
Aug 11, 2013	20.803	20.693	20.985	20.660	1.39%
Aug 12, 2013	21.283	20.813	21.440	20.625	2.31%
Aug 13, 2013	21.415	21.280	21.745	21.120	0.62%
Aug 14, 2013	21.908	21.413	21.955	21.267	2.30%
Aug 15, 2013	22.903	21.910	23.168	21.710	4.54%
Aug 16, 2013	23.233	22.913	23.398	22.765	1.44%
Aug 18, 2013	23.270	23.275	23.322	23.197	0.16%
Aug 19, 2013	23.158	23.275	23.600	22.990	-0.48%
Aug 20, 2013	22.993	23.160	23.298	22.295	-0.71%
Aug 21, 2013	22.568	22.990	23.350	22.545	-1.85%
Aug 22, 2013	23.093	22.555	23.320	22.455	2.33%
Aug 23, 2013	24.068	23.090	24.105	22.888	4.22%
Aug 25, 2013	24.013	24.100	24.335	23.918	-0.23%
Aug 26, 2013	24.310	24.010	24.458	23.950	1.24%
Aug 27, 2013	24.613	24.313	24.740	24.033	1.25%
Aug 28, 2013	24.428	24.615	25.165	24.295	-0.75%
Aug 29, 2013	23.778	24.433	24.460	23.712	-2.66%
Aug 30, 2013	23.555	23.775	24.050	23.425	-0.94%
Sep 01, 2013	23.348	23.458	23.473	23.118	-0.88%
Sep 02, 2013	24.223	23.318	24.405	23.318	3.75%
Sep 03, 2013	24.348	24.230	24.528	24.028	0.52%
Sep 04, 2013	23.545	24.368	24.432	23.377	-3.30%
Sep 05, 2013	23.238	23.548	23.673	23.043	-1.30%
Sep 06, 2013	23.888	23.233	23.965	23.085	2.80%
Sep 08, 2013	23.930	23.860	24.133	23.850	0.18%
Sep 09, 2013	23.758	23.928	23.973	23.445	-0.72%
Sep 10, 2013	23.090	23.755	23.765	22.845	-2.81%
Sep 11, 2013	23.178	23.087	23.247	22.795	0.38%
Sep 12, 2013	22.017	23.183	23.195	21.755	-5.01%
Sep 13, 2013	22.243	22.015	22.273	21.423	1.03%
Sep 15, 2013	22.290	22.438	22.438	22.220	0.21%
Sep 16, 2013	21.833	22.288	22.295	21.690	-2.05%
Sep 17, 2013	21.735	21.830	22.127	21.650	-0.45%
Sep 18, 2013	23.015	21.708	23.245	21.228	5.89%
Sep 19, 2013	23.068	23.008	23.443	22.868	0.23%
Sep 20, 2013	21.800	23.065	23.078	21.767	-5.50%
Sep 22, 2013	21.958	21.843	21.960	21.765	0.72%
Sep 23, 2013	21.788	21.950	21.953	21.325	-0.77%
Sep 24, 2013	21.763	21.785	22.033	21.335	-0.11%
Sep 25, 2013	21.815	21.767	21.958	21.502	0.24%
Sep 26, 2013	21.750	21.818	22.120	21.673	-0.30%
Sep 27, 2013	21.805	21.748	22.130	21.520	0.25%
Sep 29, 2013	21.835	21.900	22.100	21.718	0.14%
Sep 30, 2013	21.723	21.837	22.068	21.447	-0.51%
Oct 01, 2013	21.148	21.730	21.968	20.642	-2.65%
Oct 02, 2013	21.730	21.155	22.023	20.990	2.75%
Oct 03, 2013	21.703	21.733	21.858	21.447	-0.12%
Oct 04, 2013	21.752	21.700	21.913	21.505	0.23%
Oct 06, 2013	21.813	21.775	21.890	21.775	0.28%
Oct 07, 2013	22.325	21.805	22.473	21.655	2.35%
Oct 08, 2013	22.380	22.328	22.502	22.145	0.25%
Oct 09, 2013	21.855	22.377	22.408	21.783	-2.35%
Oct 10, 2013	21.718	21.848	22.225	21.558	-0.63%
Oct 11, 2013	21.348	21.725	21.855	20.978	-1.70%
Oct 13, 2013	21.330	21.443	21.470	21.313	-0.08%
Oct 14, 2013	21.300	21.325	21.680	21.115	-0.14%
Oct 15, 2013	21.173	21.295	21.517	20.505	-0.60%
Oct 16, 2013	21.337	21.180	21.432	21.130	0.77%
Oct 17, 2013	21.818	21.340	22.190	21.105	2.25%
Oct 18, 2013	21.928	21.825	22.040	21.737	0.50%
