Oct 18, 2013	2.583	2.601	2.605	2.540	-0.35%
Oct 17, 2013	2.592	2.671	2.672	2.581	-2.81%
Oct 16, 2013	2.667	2.740	2.759	2.663	-2.24%
Oct 15, 2013	2.728	2.739	2.740	2.691	-0.46%
Oct 14, 2013	2.740	2.740	2.742	2.737	1.84%
Oct 11, 2013	2.691	2.687	2.693	2.645	0.30%
Oct 10, 2013	2.683	2.667	2.722	2.667	0.83%
Oct 09, 2013	2.661	2.623	2.674	2.616	0.87%
Oct 08, 2013	2.638	2.626	2.659	2.614	0.30%
Oct 07, 2013	2.630	2.634	2.637	2.606	-0.21%
Oct 06, 2013	2.636	2.634	2.636	2.634	-0.36%
Oct 04, 2013	2.645	2.610	2.659	2.610	1.54%
Oct 03, 2013	2.605	2.617	2.652	2.581	-0.53%
Oct 02, 2013	2.619	2.659	2.661	2.592	-1.17%
Oct 01, 2013	2.650	2.614	2.666	2.612	1.34%
Sep 30, 2013	2.615	2.595	2.645	2.590	0.76%
Sep 29, 2013	2.595	2.628	2.628	2.592	-1.24%
Sep 27, 2013	2.628	2.648	2.670	2.605	-0.76%
Sep 26, 2013	2.648	2.635	2.659	2.622	0.84%
Sep 25, 2013	2.626	2.657	2.666	2.610	-1.09%
Sep 24, 2013	2.655	2.703	2.708	2.642	-1.70%
Sep 23, 2013	2.701	2.736	2.758	2.697	-1.26%
Sep 22, 2013	2.736	2.736	2.736	2.736	-0.01%
Sep 20, 2013	2.736	2.752	2.774	2.717	-0.58%
Sep 19, 2013	2.752	2.704	2.757	2.675	2.23%
Sep 18, 2013	2.692	2.844	2.900	2.673	-5.51%
Sep 17, 2013	2.849	2.868	2.874	2.829	-0.45%
Sep 16, 2013	2.862	2.890	2.890	2.777	-0.98%
Sep 15, 2013	2.890	2.890	2.890	2.890	0.01%
Sep 13, 2013	2.890	2.914	2.957	2.879	-0.52%
Sep 12, 2013	2.905	2.920	2.920	2.862	-0.24%
Sep 11, 2013	2.912	2.970	2.979	2.908	-1.82%
Sep 10, 2013	2.966	2.918	2.972	2.916	1.78%
Sep 09, 2013	2.914	2.942	2.951	2.875	-0.94%
Sep 08, 2013	2.942	2.934	2.943	2.934	0.26%
Sep 07, 2013	2.934	2.934	2.934	2.934	0.01%
Sep 06, 2013	2.934	2.990	3.007	2.864	-2.07%
Sep 05, 2013	2.996	2.895	3.001	2.885	3.42%
Sep 04, 2013	2.897	2.865	2.908	2.847	1.19%
Sep 03, 2013	2.863	2.837	2.913	2.813	0.97%
Sep 02, 2013	2.835	2.837	2.837	2.826	1.65%
Sep 01, 2013	2.789	2.789	2.789	2.789	0.01%
Aug 30, 2013	2.789	2.771	2.793	2.744	0.98%
Aug 29, 2013	2.762	2.778	2.831	2.743	-0.11%
Aug 28, 2013	2.765	2.718	2.795	2.705	2.07%
Aug 27, 2013	2.709	2.798	2.813	2.707	-2.80%
Aug 26, 2013	2.787	2.824	2.840	2.783	-1.30%
Aug 25, 2013	2.824	2.824	2.826	2.822	0.21%
Aug 23, 2013	2.818	2.894	2.922	2.804	-2.56%
Aug 22, 2013	2.892	2.899	2.936	2.873	0.00%
Aug 21, 2013	2.892	2.823	2.895	2.811	2.63%
Aug 20, 2013	2.818	2.873	2.884	2.804	-2.22%
Aug 19, 2013	2.882	2.843	2.900	2.836	1.29%
Aug 18, 2013	2.845	2.844	2.847	2.840	0.72%
Aug 16, 2013	2.825	2.764	2.866	2.761	2.21%
Aug 15, 2013	2.764	2.703	2.823	2.701	1.92%
Aug 14, 2013	2.712	2.723	2.730	2.694	-0.33%
Aug 13, 2013	2.721	2.629	2.730	2.627	3.78%
Aug 12, 2013	2.622	2.580	2.625	2.552	1.83%
Aug 11, 2013	2.575	2.580	2.580	2.573	-0.21%
Aug 10, 2013	2.580	2.580	2.580	2.580	0.01%
Aug 09, 2013	2.580	2.600	2.611	2.575	-0.27%
Aug 08, 2013	2.587	2.609	2.614	2.573	-0.46%
Aug 07, 2013	2.599	2.636	2.644	2.587	-1.63%
Aug 06, 2013	2.642	2.638	2.665	2.625	0.08%
Aug 05, 2013	2.640	2.604	2.661	2.598	1.62%
Aug 03, 2013	2.598	2.598	2.598	2.598	-0.00%
Aug 02, 2013	2.598	2.716	2.749	2.596	-4.06%
Aug 01, 2013	2.708	2.584	2.723	2.584	4.64%
Jul 31, 2013	2.588	2.604	2.702	2.571	-0.69%
Jul 30, 2013	2.606	2.602	2.612	2.572	0.27%
Jul 29, 2013	2.599	2.560	2.606	2.547	1.35%
Jul 27, 2013	2.564	2.564	2.564	2.564	0.01%
Jul 26, 2013	2.564	2.582	2.589	2.545	-0.50%
Jul 25, 2013	2.577	2.590	2.634	2.569	-0.27%
Jul 24, 2013	2.584	2.509	2.626	2.509	3.07%
Jul 23, 2013	2.507	2.486	2.533	2.477	0.93%
Jul 22, 2013	2.484	2.482	2.493	2.465	0.08%
Jul 20, 2013	2.482	2.482	2.482	2.482	0.00%
Jul 19, 2013	2.482	2.532	2.544	2.478	-2.05%
Jul 18, 2013	2.534	2.487	2.549	2.467	1.73%
Jul 17, 2013	2.491	2.534	2.560	2.461	-1.62%
Jul 16, 2013	2.532	2.541	2.562	2.513	-0.43%
Jul 15, 2013	2.543	2.592	2.637	2.535	-1.88%
Jul 13, 2013	2.592	2.592	2.592	2.592	-0.02%
Jul 12, 2013	2.592	2.570	2.605	2.518	0.78%
Jul 11, 2013	2.572	2.566	2.615	2.553	-3.81%
Jul 10, 2013	2.674	2.641	2.691	2.621	1.29%
Jul 09, 2013	2.640	2.641	2.664	2.617	0.08%
Jul 08, 2013	2.638	2.736	2.755	2.636	-3.59%
Jul 06, 2013	2.736	2.736	2.736	2.736	0.01%
Jul 05, 2013	2.736	2.522	2.742	2.516	9.30%
Jul 04, 2013	2.503	2.503	2.503	2.503	0.01%
Jul 03, 2013	2.503	2.477	2.505	2.415	1.30%
Jul 02, 2013	2.471	2.478	2.495	2.451	-0.24%
Jul 01, 2013	2.477	2.495	2.551	2.471	-0.42%
Jun 29, 2013	2.487	2.487	2.487	2.487	0.02%
Jun 28, 2013	2.487	2.478	2.553	2.446	0.53%
Jun 27, 2013	2.474	2.537	2.552	2.463	-2.64%
Jun 26, 2013	2.541	2.623	2.623	2.507	-2.72%
Jun 25, 2013	2.612	2.527	2.616	2.483	2.67%
Jun 24, 2013	2.544	2.535	2.667	2.516	0.07%
Jun 23, 2013	2.542	2.542	2.542	2.542	0.00%
Jun 22, 2013	2.542	2.542	2.542	2.542	0.01%
Jun 21, 2013	2.542	2.402	2.548	2.380	5.00%
Jun 20, 2013	2.421	2.371	2.471	2.345	2.85%
Jun 19, 2013	2.354	2.187	2.362	2.166	7.73%
Jun 18, 2013	2.185	2.178	2.218	2.169	0.32%
Jun 17, 2013	2.178	2.144	2.193	2.110	2.28%
Jun 16, 2013	2.130	2.130	2.130	2.130	0.00%
Jun 15, 2013	2.130	2.130	2.130	2.130	-0.02%
Jun 14, 2013	2.130	2.156	2.161	2.097	-0.88%
Jun 13, 2013	2.149	2.233	2.233	2.126	-3.55%
Jun 12, 2013	2.228	2.186	2.239	2.167	1.74%
Jun 11, 2013	2.190	2.215	2.293	2.172	-1.04%
Jun 10, 2013	2.213	2.177	2.231	2.154	1.56%
Jun 08, 2013	2.179	2.179	2.179	2.179	0.00%
Jun 07, 2013	2.179	2.073	2.183	2.043	4.81%
Jun 06, 2013	2.079	2.093	2.127	1.999	-0.57%
Jun 05, 2013	2.091	2.153	2.155	2.084	-2.74%
Jun 04, 2013	2.150	2.123	2.164	2.109	1.03%
Jun 03, 2013	2.128	2.157	2.187	2.069	-0.17%
Jun 01, 2013	2.132	2.132	2.132	2.132	-0.01%
May 31, 2013	2.132	2.114	2.211	2.066	0.61%
May 30, 2013	2.119	2.121	2.160	2.094	0.00%
May 29, 2013	2.119	2.165	2.235	2.112	-2.22%
May 28, 2013	2.167	2.028	2.180	2.025	7.77%
May 25, 2013	2.011	2.011	2.011	2.011	-0.01%
May 24, 2013	2.011	2.026	2.039	1.981	-0.25%
May 23, 2013	2.016	2.047	2.069	1.965	-1.03%
May 22, 2013	2.037	1.923	2.044	1.888	5.54%
May 21, 2013	1.930	1.958	1.998	1.923	-1.78%
May 20, 2013	1.965	1.956	1.975	1.919	0.56%
May 18, 2013	1.954	1.954	1.954	1.954	0.01%
May 17, 2013	1.954	1.881	1.956	1.860	3.99%
May 16, 2013	1.879	1.936	1.957	1.858	-3.14%
May 15, 2013	1.940	1.971	1.985	1.921	-2.12%
May 14, 2013	1.982	1.914	1.984	1.895	3.39%
May 13, 2013	1.917	1.940	1.943	1.891	0.90%
May 11, 2013	1.900	1.900	1.900	1.900	-0.01%
May 10, 2013	1.900	1.815	1.928	1.814	4.80%
May 09, 2013	1.813	1.810	1.820	1.776	2.58%
May 08, 2013	1.767	1.778	1.798	1.750	-0.68%
May 07, 2013	1.780	1.761	1.790	1.747	0.88%
May 06, 2013	1.764	1.740	1.776	1.730	1.39%
May 03, 2013	1.740	1.624	1.752	1.624	7.15%
May 02, 2013	1.624	1.631	1.665	1.624	-0.53%
May 01, 2013	1.632	1.668	1.679	1.614	-2.45%
Apr 30, 2013	1.673	1.672	1.679	1.638	0.40%
Apr 29, 2013	1.667	1.665	1.680	1.651	0.10%
Apr 26, 2013	1.665	1.713	1.713	1.662	-2.61%
Apr 25, 2013	1.710	1.705	1.727	1.700	0.39%
Apr 24, 2013	1.703	1.708	1.727	1.693	-0.21%
Apr 23, 2013	1.706	1.696	1.710	1.643	0.70%
Apr 22, 2013	1.695	1.710	1.734	1.681	-0.60%
Apr 19, 2013	1.705	1.691	1.715	1.690	1.10%
Apr 18, 2013	1.686	1.695	1.719	1.679	-0.71%
Apr 17, 2013	1.698	1.722	1.733	1.673	-1.39%
Apr 16, 2013	1.722	1.690	1.736	1.681	2.02%
Apr 15, 2013	1.688	1.719	1.741	1.676	-1.89%
Apr 12, 2013	1.721	1.795	1.795	1.717	-3.94%
Apr 11, 2013	1.791	1.805	1.814	1.781	-0.76%
Apr 10, 2013	1.805	1.755	1.810	1.743	3.03%
Apr 09, 2013	1.752	1.743	1.764	1.723	0.39%
Apr 08, 2013	1.745	1.701	1.750	1.697	1.79%
Apr 05, 2013	1.714	1.769	1.783	1.677	-2.92%
Apr 04, 2013	1.766	1.806	1.823	1.757	-2.74%
Apr 03, 2013	1.816	1.861	1.875	1.797	-2.50%
Apr 02, 2013	1.862	1.837	1.868	1.823	1.50%
Apr 01, 2013	1.835	1.875	1.888	1.831	-0.93%
Mar 28, 2013	1.852	1.845	1.871	1.830	0.36%
Mar 27, 2013	1.845	1.915	1.920	1.833	-3.44%
Mar 26, 2013	1.911	1.920	1.944	1.901	-0.45%
Mar 25, 2013	1.920	1.948	1.974	1.895	-0.36%
Mar 22, 2013	1.927	1.911	1.944	1.897	0.63%
Mar 21, 2013	1.915	1.956	1.967	1.910	-2.22%
Mar 20, 2013	1.958	1.904	1.962	1.899	2.83%
Mar 19, 2013	1.904	1.951	1.970	1.892	-2.57%
Mar 18, 2013	1.955	1.908	1.965	1.898	-1.84%
Mar 15, 2013	1.991	2.035	2.045	1.991	-2.23%
Mar 14, 2013	2.037	2.026	2.068	2.019	0.69%
Mar 13, 2013	2.023	2.021	2.052	2.000	0.17%
Mar 12, 2013	2.019	2.070	2.073	2.012	-2.04%
Mar 11, 2013	2.061	2.049	2.073	2.037	0.60%
Mar 08, 2013	2.049	2.000	2.087	1.995	2.71%
Mar 07, 2013	1.995	1.934	2.000	1.922	2.86%
Mar 06, 2013	1.939	1.898	1.944	1.894	2.18%
Mar 05, 2013	1.898	1.874	1.910	1.869	1.01%
Mar 04, 2013	1.879	1.841	1.881	1.827	1.86%
Mar 01, 2013	1.845	1.877	1.881	1.841	-1.92%
Feb 28, 2013	1.881	1.896	1.907	1.872	-0.99%
Feb 27, 2013	1.900	1.886	1.912	1.843	0.73%
Feb 26, 2013	1.886	1.877	1.896	1.836	1.10%
Feb 25, 2013	1.865	1.977	2.003	1.859	-4.91%
Feb 22, 2013	1.962	1.979	1.997	1.958	-0.62%
Feb 21, 2013	1.974	2.010	2.021	1.957	-1.81%
Feb 20, 2013	2.010	2.028	2.052	2.005	-0.86%
Feb 19, 2013	2.028	2.012	2.031	1.988	1.13%
Feb 15, 2013	2.005	2.005	2.036	1.977	0.35%
Feb 14, 2013	1.998	2.056	2.064	1.995	-1.45%
Feb 13, 2013	2.028	1.977	2.035	1.973	2.47%
Feb 12, 2013	1.979	1.964	1.986	1.950	0.73%
Feb 11, 2013	1.964	1.950	1.982	1.945	0.74%
Feb 08, 2013	1.950	1.960	1.991	1.935	-0.44%
Feb 07, 2013	1.959	1.964	1.993	1.932	-0.27%
Feb 06, 2013	1.964	2.007	2.016	1.959	-2.06%
Feb 05, 2013	2.005	1.962	2.020	1.955	2.48%
Feb 04, 2013	1.957	2.039	2.059	1.951	-3.37%
Feb 01, 2013	2.025	1.990	2.037	1.926	2.01%
Jan 31, 2013	1.985	1.990	2.007	1.965	-0.36%
Jan 30, 2013	1.992	1.997	2.037	1.974	-0.36%
Jan 29, 2013	1.999	1.961	2.003	1.949	1.74%
Jan 28, 2013	1.965	1.959	2.006	1.933	0.83%
Jan 25, 2013	1.949	1.856	1.954	1.851	5.20%
Jan 24, 2013	1.852	1.821	1.870	1.805	1.36%
Jan 23, 2013	1.828	1.842	1.849	1.814	-0.86%
Jan 22, 2013	1.843	1.865	1.879	1.829	0.20%
Jan 18, 2013	1.840	1.882	1.896	1.835	-2.34%
Jan 17, 2013	1.884	1.820	1.891	1.804	3.60%
Jan 16, 2013	1.819	1.840	1.840	1.803	-0.95%
Jan 15, 2013	1.836	1.854	1.854	1.810	-0.67%
Jan 14, 2013	1.848	1.866	1.868	1.831	-0.94%
Jan 11, 2013	1.866	1.915	1.930	1.859	-1.76%
Jan 10, 2013	1.899	1.862	1.908	1.862	2.09%
Jan 09, 2013	1.860	1.874	1.890	1.846	-0.18%
Jan 08, 2013	1.864	1.897	1.911	1.862	-1.95%
Jan 07, 2013	1.901	1.903	1.917	1.881	-0.09%
Jan 04, 2013	1.903	1.911	1.975	1.897	-0.45%
Jan 03, 2013	1.911	1.835	1.920	1.820	4.14%
Jan 02, 2013	1.835	1.757	1.860	1.757	4.49%
Dec 31, 2012	1.756	1.701	1.765	1.694	3.27%
Dec 28, 2012	1.701	1.744	1.744	1.692	-1.90%
Dec 27, 2012	1.734	1.755	1.783	1.702	-0.89%
Dec 26, 2012	1.749	1.784	1.809	1.746	-1.47%
Dec 24, 2012	1.776	1.770	1.781	1.765	0.30%
Dec 21, 2012	1.770	1.801	1.803	1.735	-1.64%
Dec 20, 2012	1.800	1.793	1.807	1.767	-0.38%
Dec 19, 2012	1.807	1.817	1.833	1.773	-0.76%
Dec 18, 2012	1.821	1.768	1.847	1.761	2.66%
Dec 17, 2012	1.773	1.727	1.777	1.711	4.07%
Dec 14, 2012	1.704	1.727	1.749	1.695	-1.59%
Dec 13, 2012	1.732	1.695	1.744	1.685	1.73%
Dec 12, 2012	1.702	1.654	1.709	1.635	2.81%
Dec 11, 2012	1.656	1.616	1.659	1.610	2.33%
Dec 10, 2012	1.618	1.623	1.627	1.598	-0.31%
Dec 07, 2012	1.623	1.589	1.633	1.570	2.36%
Dec 06, 2012	1.586	1.598	1.601	1.564	-0.33%
Dec 05, 2012	1.591	1.606	1.620	1.576	-0.85%
Dec 04, 2012	1.605	1.620	1.642	1.599	-1.05%
Dec 03, 2012	1.622	1.618	1.656	1.610	0.32%
Nov 30, 2012	1.616	1.618	1.630	1.596	-0.22%
Nov 29, 2012	1.620	1.630	1.645	1.611	-0.83%
Nov 28, 2012	1.633	1.635	1.642	1.601	-0.31%
Nov 27, 2012	1.639	1.664	1.680	1.637	-1.64%
Nov 26, 2012	1.666	1.697	1.699	1.640	-1.62%
Nov 23, 2012	1.693	1.680	1.700	1.664	0.82%
Nov 21, 2012	1.680	1.663	1.695	1.644	0.72%
Nov 20, 2012	1.668	1.599	1.669	1.599	3.38%
Nov 19, 2012	1.613	1.598	1.627	1.591	1.82%
Nov 16, 2012	1.584	1.599	1.599	1.556	-0.64%
Nov 15, 2012	1.595	1.589	1.618	1.572	0.32%
Nov 14, 2012	1.589	1.594	1.633	1.579	-0.32%
Nov 13, 2012	1.595	1.615	1.622	1.572	-1.15%
Nov 09, 2012	1.613	1.622	1.642	1.579	-0.32%
Nov 08, 2012	1.618	1.685	1.697	1.613	-1.57%
Nov 07, 2012	1.644	1.747	1.747	1.618	-6.09%
Nov 06, 2012	1.751	1.693	1.754	1.684	4.28%
Nov 05, 2012	1.679	1.717	1.724	1.674	-2.24%
Nov 02, 2012	1.717	1.730	1.781	1.712	-0.71%
Nov 01, 2012	1.730	1.702	1.740	1.700	2.07%
Oct 31, 2012	1.694	1.740	1.763	1.684	-1.52%
Oct 29, 2012	1.721	1.726	1.749	1.705	-1.60%
Oct 26, 2012	1.749	1.835	1.837	1.743	-3.49%
Oct 25, 2012	1.812	1.789	1.856	1.789	0.99%
Oct 24, 2012	1.794	1.763	1.796	1.761	1.90%
Oct 23, 2012	1.761	1.819	1.819	1.750	-3.00%
Oct 22, 2012	1.815	1.764	1.819	1.761	2.79%
Oct 19, 2012	1.766	1.833	1.834	1.761	-3.54%
Oct 18, 2012	1.831	1.811	1.836	1.783	0.48%
Oct 17, 2012	1.822	1.743	1.824	1.720	5.80%
Oct 16, 2012	1.722	1.668	1.727	1.663	3.23%
Oct 15, 2012	1.668	1.663	1.689	1.651	0.74%
Oct 12, 2012	1.656	1.675	1.698	1.634	-0.73%
Oct 11, 2012	1.668	1.677	1.732	1.666	-0.72%
Oct 10, 2012	1.680	1.713	1.750	1.675	-1.93%
Oct 09, 2012	1.713	1.704	1.729	1.682	-1.09%
Oct 05, 2012	1.732	1.670	1.748	1.659	3.51%
Oct 04, 2012	1.673	1.620	1.677	1.620	3.52%
Oct 03, 2012	1.616	1.622	1.640	1.599	-0.22%
Oct 02, 2012	1.620	1.622	1.649	1.610	0.11%
Oct 01, 2012	1.618	1.623	1.651	1.613	-0.94%
Sep 28, 2012	1.633	1.653	1.654	1.599	-1.35%
Sep 27, 2012	1.656	1.620	1.659	1.616	2.88%
Sep 26, 2012	1.609	1.666	1.678	1.610	-3.70%
Sep 25, 2012	1.671	1.716	1.734	1.668	-2.52%
Sep 24, 2012	1.715	1.751	1.758	1.706	-2.27%
Sep 21, 2012	1.754	1.770	1.796	1.748	-0.58%
Sep 20, 2012	1.765	1.775	1.788	1.723	-0.49%
Sep 19, 2012	1.774	1.810	1.831	1.765	-2.11%
Sep 18, 2012	1.812	1.840	1.840	1.780	-1.71%
Sep 17, 2012	1.843	1.870	1.889	1.821	-1.40%
Sep 14, 2012	1.869	1.730	1.894	1.727	8.61%
Sep 13, 2012	1.721	1.756	1.832	1.713	-2.07%
Sep 12, 2012	1.758	1.695	1.773	1.694	3.36%
Sep 11, 2012	1.700	1.659	1.704	1.647	2.81%
Sep 10, 2012	1.654	1.656	1.690	1.637	-0.82%
Sep 07, 2012	1.668	1.685	1.740	1.591	-0.51%
Sep 06, 2012	1.676	1.596	1.681	1.591	5.04%
Sep 05, 2012	1.596	1.569	1.599	1.550	1.40%
Sep 04, 2012	1.574	1.552	1.596	1.542	1.65%
Aug 31, 2012	1.548	1.627	1.658	1.543	-4.91%
Aug 30, 2012	1.628	1.657	1.657	1.610	-1.45%
Aug 29, 2012	1.652	1.639	1.675	1.625	0.94%
Aug 28, 2012	1.637	1.652	1.659	1.615	-0.93%
Aug 27, 2012	1.652	1.692	1.692	1.644	-2.03%
Aug 24, 2012	1.687	1.690	1.690	1.632	0.72%
Aug 23, 2012	1.675	1.699	1.714	1.659	-1.21%
Aug 22, 2012	1.695	1.797	1.798	1.690	-5.93%
Aug 21, 2012	1.802	1.807	1.863	1.793	-0.48%
Aug 20, 2012	1.810	1.824	1.859	1.795	-0.19%
Aug 17, 2012	1.814	1.831	1.840	1.797	-1.13%
Aug 16, 2012	1.835	1.819	1.862	1.784	0.96%
Aug 15, 2012	1.817	1.731	1.817	1.722	4.88%
Aug 14, 2012	1.733	1.659	1.740	1.656	4.00%
Aug 13, 2012	1.666	1.645	1.669	1.630	0.42%
Aug 10, 2012	1.659	1.683	1.686	1.630	-2.12%
Aug 09, 2012	1.695	1.679	1.731	1.671	2.67%
Aug 08, 2012	1.651	1.627	1.663	1.601	1.38%
Aug 07, 2012	1.628	1.563	1.642	1.558	4.06%
Aug 06, 2012	1.565	1.577	1.580	1.531	-0.22%
Aug 03, 2012	1.568	1.483	1.592	1.471	6.11%
Aug 02, 2012	1.478	1.538	1.577	1.446	-3.02%
Aug 01, 2012	1.524	1.468	1.543	1.468	3.70%
Jul 31, 2012	1.470	1.509	1.522	1.466	-2.04%
Jul 30, 2012	1.500	1.541	1.567	1.495	-2.87%
Jul 27, 2012	1.545	1.445	1.591	1.431	7.43%
Jul 26, 2012	1.438	1.408	1.445	1.391	2.88%
Jul 25, 2012	1.397	1.382	1.436	1.381	0.48%
Jul 24, 2012	1.391	1.425	1.465	1.386	-3.29%
Jul 23, 2012	1.438	1.448	1.448	1.398	-1.39%
Jul 20, 2012	1.458	1.509	1.511	1.447	-3.49%
Jul 19, 2012	1.511	1.494	1.523	1.486	1.13%
Jul 18, 2012	1.494	1.508	1.511	1.472	-0.90%
Jul 17, 2012	1.508	1.486	1.511	1.469	2.52%
Jul 16, 2012	1.471	1.491	1.491	1.442	-1.36%
Jul 13, 2012	1.491	1.471	1.518	1.464	0.90%
Jul 12, 2012	1.478	1.513	1.513	1.473	-2.46%
Jul 11, 2012	1.515	1.507	1.523	1.452	0.90%
Jul 10, 2012	1.502	1.515	1.534	1.498	-0.79%
Jul 09, 2012	1.513	1.544	1.549	1.507	-2.30%
Jul 06, 2012	1.549	1.602	1.602	1.537	-3.10%
Jul 05, 2012	1.599	1.602	1.626	1.580	-1.79%
Jul 03, 2012	1.628	1.583	1.635	1.583	2.58%
Jul 02, 2012	1.587	1.652	1.660	1.556	-3.43%
Jun 29, 2012	1.643	1.572	1.678	1.572	3.76%
Jun 28, 2012	1.584	1.630	1.637	1.568	-2.31%
Jun 27, 2012	1.621	1.628	1.650	1.614	-0.42%
Jun 26, 2012	1.628	1.613	1.652	1.606	1.49%
Jun 25, 2012	1.604	1.662	1.666	1.602	-4.28%
Jun 22, 2012	1.676	1.620	1.678	1.613	3.48%
Jun 21, 2012	1.620	1.654	1.666	1.596	-1.86%
Jun 20, 2012	1.650	1.620	1.685	1.601	1.89%
Jun 19, 2012	1.620	1.574	1.642	1.555	2.92%
Jun 18, 2012	1.574	1.638	1.650	1.557	-0.75%
Jun 15, 2012	1.586	1.633	1.637	1.564	-3.43%
Jun 14, 2012	1.642	1.605	1.647	1.591	2.66%
Jun 13, 2012	1.599	1.657	1.700	1.589	-3.89%
Jun 12, 2012	1.664	1.583	1.668	1.581	4.93%
Jun 11, 2012	1.586	1.714	1.728	1.584	-2.81%
Jun 08, 2012	1.632	1.646	1.646	1.556	-0.73%
Jun 07, 2012	1.644	1.666	1.685	1.623	-1.02%
Jun 06, 2012	1.661	1.574	1.671	1.554	5.61%
Jun 05, 2012	1.573	1.524	1.581	1.510	3.20%
Jun 04, 2012	1.524	1.449	1.532	1.449	4.47%
Jun 01, 2012	1.459	1.570	1.580	1.442	-6.66%
May 31, 2012	1.563	1.619	1.654	1.533	-3.45%
May 30, 2012	1.619	1.741	1.741	1.610	-7.42%
May 29, 2012	1.748	1.750	1.767	1.707	0.22%
May 28, 2012	1.744	1.744	1.744	1.744	-0.11%
May 25, 2012	1.746	1.777	1.788	1.740	-2.03%
May 24, 2012	1.783	1.741	1.783	1.711	2.87%
May 23, 2012	1.733	1.772	1.774	1.707	-2.50%
May 22, 2012	1.777	1.748	1.805	1.748	1.97%
May 21, 2012	1.743	1.726	1.771	1.723	1.19%
May 18, 2012	1.723	1.701	1.743	1.695	1.91%
May 17, 2012	1.690	1.770	1.795	1.690	-3.88%
May 16, 2012	1.759	1.772	1.819	1.750	-0.67%
May 15, 2012	1.770	1.772	1.810	1.760	0.10%
May 14, 2012	1.769	1.824	1.839	1.765	-3.92%
May 11, 2012	1.841	1.857	1.869	1.838	-1.76%
May 10, 2012	1.874	1.855	1.921	1.848	2.61%
May 09, 2012	1.826	1.844	1.847	1.793	-0.85%
May 08, 2012	1.842	1.872	1.884	1.816	-1.68%
May 07, 2012	1.873	1.844	1.882	1.825	-0.28%
May 04, 2012	1.879	1.929	1.956	1.873	-2.81%
May 03, 2012	1.933	1.928	1.956	1.915	0.27%
May 02, 2012	1.928	1.949	1.966	1.900	-0.90%
May 01, 2012	1.945	1.919	1.961	1.900	1.37%
Apr 30, 2012	1.919	1.933	1.965	1.907	-0.90%
Apr 27, 2012	1.937	1.924	1.958	1.884	-0.54%
Apr 26, 2012	1.947	1.984	1.996	1.930	-2.03%
Apr 25, 2012	1.988	1.975	2.039	1.961	0.71%
Apr 24, 2012	1.974	1.937	1.980	1.917	1.72%
Apr 23, 2012	1.940	1.963	1.967	1.910	-0.98%
Apr 20, 2012	1.959	1.970	1.996	1.958	-0.45%
Apr 19, 2012	1.968	1.979	2.000	1.949	-0.36%
Apr 18, 2012	1.975	2.003	2.017	1.972	-1.06%
Apr 17, 2012	1.996	1.982	2.017	1.965	0.71%
Apr 16, 2012	1.982	1.988	1.998	1.946	-0.35%
Apr 13, 2012	1.989	2.044	2.049	1.979	-3.26%
Apr 12, 2012	2.056	2.035	2.065	2.012	0.96%
Apr 11, 2012	2.037	1.989	2.047	1.989	2.57%
Apr 10, 2012	1.986	2.046	2.067	1.965	-3.01%
Apr 09, 2012	2.047	2.042	2.076	2.019	0.00%
Apr 06, 2012	2.047	2.182	2.225	2.044	-6.10%
Apr 05, 2012	2.180	2.236	2.238	2.139	-1.93%
Apr 04, 2012	2.223	2.301	2.306	2.223	-3.06%
Apr 03, 2012	2.293	2.189	2.308	2.152	5.19%
Apr 02, 2012	2.180	2.237	2.254	2.162	-1.53%
Mar 30, 2012	2.214	2.161	2.237	2.141	2.57%
Mar 29, 2012	2.159	2.212	2.214	2.148	-1.94%
Mar 28, 2012	2.201	2.191	2.225	2.159	0.65%
Mar 27, 2012	2.187	2.255	2.266	2.175	-2.93%
Mar 26, 2012	2.253	2.246	2.291	2.234	0.88%
Mar 23, 2012	2.233	2.287	2.298	2.212	-2.11%
Mar 22, 2012	2.282	2.301	2.312	2.244	-0.62%
Mar 21, 2012	2.296	2.352	2.383	2.283	-2.83%
Mar 20, 2012	2.363	2.375	2.399	2.328	-0.53%
Mar 19, 2012	2.375	2.301	2.392	2.262	3.38%
Mar 16, 2012	2.298	2.287	2.363	2.272	0.80%
Mar 15, 2012	2.279	2.274	2.348	2.253	0.24%
Mar 14, 2012	2.274	2.133	2.290	2.121	6.95%
Mar 13, 2012	2.126	2.033	2.132	2.028	4.40%
Mar 12, 2012	2.037	2.026	2.037	1.990	0.34%
Mar 09, 2012	2.030	2.017	2.059	2.009	0.69%
Mar 08, 2012	2.016	1.979	2.024	1.970	2.21%
Mar 07, 2012	1.972	1.950	1.986	1.946	1.15%
Mar 06, 2012	1.950	2.016	2.017	1.931	-2.86%
Mar 05, 2012	2.007	1.984	2.017	1.964	1.40%
Mar 02, 2012	1.979	2.028	2.038	1.970	-2.49%
Mar 01, 2012	2.030	1.983	2.065	1.979	2.82%
Feb 29, 2012	1.974	1.946	2.007	1.915	1.69%
Feb 28, 2012	1.941	1.931	1.946	1.896	0.81%
Feb 27, 2012	1.925	1.977	1.979	1.912	-2.62%
Feb 24, 2012	1.977	2.005	2.012	1.969	-0.96%
Feb 23, 2012	1.996	2.010	2.045	1.972	-0.26%
Feb 22, 2012	2.002	2.064	2.080	1.998	-2.87%
Feb 21, 2012	2.061	2.030	2.080	2.016	1.13%
Feb 20, 2012	2.038	2.038	2.038	2.038	1.89%
Feb 17, 2012	2.000	1.986	2.038	1.983	0.79%
Feb 16, 2012	1.984	1.929	2.014	1.909	2.68%
Feb 15, 2012	1.933	1.943	1.962	1.900	-0.27%
Feb 14, 2012	1.938	1.960	1.984	1.917	-2.00%
Feb 13, 2012	1.978	1.997	2.028	1.959	-0.35%
Feb 10, 2012	1.984	2.030	2.035	1.955	-2.55%
Feb 09, 2012	2.036	2.021	2.076	1.998	2.73%
Feb 08, 2012	1.982	1.966	2.005	1.959	0.27%
Feb 07, 2012	1.977	1.914	1.993	1.900	3.98%
Feb 06, 2012	1.901	1.922	1.945	1.886	-1.18%
Feb 03, 2012	1.924	1.821	1.956	1.811	5.55%
Feb 02, 2012	1.823	1.844	1.853	1.813	-0.38%
Feb 01, 2012	1.830	1.797	1.853	1.797	1.93%
Jan 31, 2012	1.795	1.844	1.882	1.792	-2.73%
Jan 30, 2012	1.846	1.889	1.895	1.814	-2.40%
Jan 27, 2012	1.891	1.944	1.970	1.888	-2.53%
Jan 26, 2012	1.940	1.991	1.991	1.923	-3.07%
Jan 25, 2012	2.002	2.063	2.078	1.916	-3.00%
Jan 24, 2012	2.063	2.055	2.085	2.033	0.26%
Jan 23, 2012	2.058	2.012	2.094	1.993	1.66%
Jan 20, 2012	2.025	1.975	2.035	1.961	2.13%
Jan 19, 2012	1.982	1.900	1.998	1.883	4.43%
Jan 18, 2012	1.898	1.855	1.903	1.836	2.15%
Jan 17, 2012	1.858	1.858	1.905	1.846	-0.93%
Jan 16, 2012	1.876	1.876	1.876	1.876	0.28%
Jan 13, 2012	1.871	1.932	1.940	1.836	-2.90%
Jan 12, 2012	1.926	1.911	1.942	1.891	1.10%
Jan 11, 2012	1.905	1.970	1.975	1.898	-2.94%
Jan 10, 2012	1.963	1.968	2.007	1.953	0.36%
Jan 09, 2012	1.956	1.958	1.986	1.919	-0.09%
Jan 06, 2012	1.958	1.995	2.046	1.946	-1.93%
Jan 05, 2012	1.996	1.981	2.021	1.944	0.62%
Jan 04, 2012	1.984	1.960	2.012	1.934	1.43%
Jan 03, 2012	1.956	1.876	1.965	1.876	4.45%
Jan 02, 2012	1.873	1.873	1.873	1.873	-0.18%
Dec 30, 2011	1.876	1.908	1.923	1.857	-1.19%
Dec 29, 2011	1.899	1.921	1.941	1.885	-1.18%
Dec 28, 2011	1.921	2.009	2.012	1.906	-4.01%
Dec 27, 2011	2.002	2.042	2.056	2.002	-1.18%
Dec 26, 2011	2.026	2.026	2.026	2.026	0.24%
Dec 23, 2011	2.021	1.953	2.039	1.953	3.49%
Dec 22, 2011	1.953	1.967	1.975	1.920	-0.88%
Dec 21, 2011	1.970	1.927	1.977	1.896	2.25%
Dec 20, 2011	1.927	1.816	1.930	1.816	6.48%
Dec 19, 2011	1.810	1.863	1.878	1.798	-2.23%
Dec 16, 2011	1.851	1.908	1.941	1.835	-3.17%
Dec 15, 2011	1.911	1.904	1.944	1.863	0.36%
Dec 14, 2011	1.904	1.972	1.990	1.896	-3.00%
Dec 13, 2011	1.963	2.021	2.059	1.949	-2.68%
Dec 12, 2011	2.017	2.066	2.070	1.990	-2.21%
Dec 09, 2011	2.063	1.984	2.068	1.963	4.69%
Dec 08, 2011	1.970	2.037	2.098	1.965	-3.08%
Dec 07, 2011	2.033	2.091	2.124	2.012	-2.52%
Dec 06, 2011	2.086	2.063	2.098	2.033	2.58%
Dec 05, 2011	2.033	2.073	2.110	2.024	0.00%
Dec 02, 2011	2.033	2.094	2.167	2.030	-2.51%
Dec 01, 2011	2.086	2.079	2.142	2.047	0.68%
Nov 30, 2011	2.071	1.990	2.108	1.976	4.21%
Nov 29, 2011	1.988	1.984	2.049	1.965	0.88%
Nov 28, 2011	1.970	2.033	2.080	1.951	0.26%
Nov 25, 2011	1.965	1.931	1.969	1.910	3.77%
Nov 24, 2011	1.894	1.894	1.894	1.894	0.32%
Nov 23, 2011	1.888	1.922	1.964	1.872	-1.79%
Nov 22, 2011	1.922	1.953	1.995	1.919	-2.19%
Nov 21, 2011	1.965	1.993	1.993	1.943	-1.99%
Nov 18, 2011	2.005	1.959	2.036	1.946	2.03%
Nov 17, 2011	1.965	1.995	2.040	1.938	-1.73%
Nov 16, 2011	2.000	2.040	2.061	1.998	-2.37%
Nov 15, 2011	2.049	2.059	2.073	1.991	0.17%
Nov 14, 2011	2.045	2.129	2.139	2.026	-0.59%
Nov 11, 2011	2.057	2.057	2.057	2.057	0.00%
Nov 10, 2011	2.057	1.995	2.108	1.971	4.65%
Nov 09, 2011	1.966	2.088	2.089	1.929	-5.43%
Nov 08, 2011	2.079	2.026	2.091	1.999	2.89%
Nov 07, 2011	2.020	2.072	2.082	1.961	-0.86%
Nov 04, 2011	2.038	2.084	2.141	2.024	-1.71%
Nov 03, 2011	2.073	1.989	2.080	1.935	4.25%
Nov 02, 2011	1.989	1.982	2.079	1.982	-0.09%
Nov 01, 2011	1.991	2.135	2.153	1.950	-5.92%
Oct 31, 2011	2.116	2.304	2.315	2.111	-8.95%
Oct 28, 2011	2.324	2.400	2.420	2.291	-2.58%
Oct 27, 2011	2.385	2.203	2.407	2.184	8.10%
Oct 26, 2011	2.207	2.114	2.214	2.114	4.38%
Oct 25, 2011	2.114	2.226	2.273	2.104	-5.35%
Oct 24, 2011	2.234	2.198	2.243	2.173	0.81%
Oct 21, 2011	2.216	2.192	2.239	2.164	1.31%
Oct 20, 2011	2.187	2.176	2.207	2.112	1.40%
Oct 19, 2011	2.157	2.169	2.224	2.132	-0.82%
Oct 18, 2011	2.175	2.158	2.210	2.077	0.91%
Oct 17, 2011	2.155	2.251	2.294	2.151	-4.28%
Oct 14, 2011	2.251	2.167	2.264	2.157	3.19%
Oct 13, 2011	2.182	2.207	2.224	2.121	-1.37%
Oct 12, 2011	2.212	2.146	2.271	2.128	2.47%
Oct 11, 2011	2.159	2.180	2.183	2.111	4.30%
Oct 10, 2011	2.070	2.070	2.070	2.070	-0.28%
Oct 07, 2011	2.075	1.978	2.118	1.974	4.21%
Oct 06, 2011	1.992	1.884	1.997	1.867	5.31%
Oct 05, 2011	1.891	1.831	1.915	1.816	4.06%
Oct 04, 2011	1.817	1.770	1.840	1.717	3.89%
Oct 03, 2011	1.749	1.919	1.928	1.747	-8.76%
Sep 30, 2011	1.917	1.995	1.997	1.893	-4.25%
Sep 29, 2011	2.002	1.971	2.030	1.952	0.79%
Sep 28, 2011	1.987	1.969	2.067	1.940	0.35%
Sep 27, 2011	1.980	1.890	2.016	1.881	3.99%
Sep 26, 2011	1.904	1.854	1.909	1.781	4.03%
Sep 23, 2011	1.830	1.718	1.844	1.674	6.41%
Sep 22, 2011	1.720	1.859	1.859	1.698	-7.34%
Sep 21, 2011	1.856	1.951	1.970	1.856	-4.18%
Sep 20, 2011	1.937	1.945	1.992	1.932	-0.97%
Sep 19, 2011	1.956	2.057	2.057	1.928	-4.90%
Sep 16, 2011	2.057	2.069	2.118	2.048	-1.26%
Sep 15, 2011	2.083	1.992	2.118	1.979	4.54%
Sep 14, 2011	1.992	1.999	2.034	1.958	-0.01%
Sep 13, 2011	1.992	1.944	2.006	1.920	2.31%
Sep 12, 2011	1.948	1.917	1.956	1.879	1.71%
Sep 09, 2011	1.915	2.001	2.020	1.896	-3.15%
Sep 08, 2011	1.977	2.045	2.046	1.977	-3.14%
Sep 07, 2011	2.041	1.996	2.060	1.994	2.97%
Sep 06, 2011	1.982	1.926	2.000	1.908	-0.29%
Sep 05, 2011	1.988	1.988	1.988	1.988	-0.32%
Sep 02, 2011	1.994	2.137	2.149	1.982	-6.45%
Sep 01, 2011	2.132	2.222	2.278	2.130	-4.57%
Aug 31, 2011	2.234	2.172	2.243	2.137	2.67%
Aug 30, 2011	2.176	2.246	2.248	2.157	-3.90%
Aug 29, 2011	2.264	2.195	2.298	2.192	3.39%
Aug 26, 2011	2.190	2.232	2.250	2.122	-1.97%
Aug 25, 2011	2.234	2.280	2.312	2.209	-2.62%
Aug 24, 2011	2.294	2.165	2.303	2.115	6.30%
Aug 23, 2011	2.158	2.099	2.167	2.061	2.32%
Aug 22, 2011	2.109	2.054	2.134	2.052	2.02%
Aug 19, 2011	2.067	2.050	2.132	2.010	-0.00%
Aug 18, 2011	2.068	2.170	2.181	1.976	-4.58%
Aug 17, 2011	2.167	2.223	2.262	2.155	-2.61%
Aug 16, 2011	2.225	2.312	2.317	2.200	-3.60%
Aug 15, 2011	2.308	2.260	2.313	2.234	2.11%
Aug 12, 2011	2.260	2.333	2.333	2.223	-3.12%
Aug 11, 2011	2.333	2.174	2.359	2.130	11.35%
Aug 10, 2011	2.095	2.249	2.326	2.071	-7.89%
Aug 09, 2011	2.275	2.290	2.438	2.038	-1.80%
Aug 08, 2011	2.316	2.565	2.589	2.313	-9.63%
Aug 05, 2011	2.563	2.418	2.581	2.338	6.47%
Aug 04, 2011	2.407	2.625	2.650	2.393	-7.94%
Aug 03, 2011	2.615	2.608	2.647	2.546	0.06%
Aug 02, 2011	2.613	2.754	2.754	2.602	-5.07%
Aug 01, 2011	2.753	2.820	2.858	2.719	-1.43%
Jul 29, 2011	2.792	2.962	2.962	2.773	-5.49%
Jul 28, 2011	2.955	2.962	2.990	2.927	-0.93%
Jul 27, 2011	2.982	2.969	3.010	2.938	0.93%
Jul 26, 2011	2.955	2.999	3.039	2.940	-1.65%
Jul 25, 2011	3.004	2.984	3.032	2.942	1.36%
Jul 22, 2011	2.964	3.008	3.016	2.957	-1.65%
Jul 21, 2011	3.014	2.960	3.036	2.926	2.81%
Jul 20, 2011	2.931	2.897	2.944	2.893	1.83%
Jul 19, 2011	2.878	2.922	2.968	2.868	-1.43%
Jul 18, 2011	2.920	2.908	2.977	2.871	0.44%
Jul 15, 2011	2.908	2.953	2.984	2.898	-1.55%
Jul 14, 2011	2.953	2.915	2.959	2.881	2.40%
Jul 13, 2011	2.884	2.882	2.959	2.873	0.25%
Jul 12, 2011	2.877	2.932	2.939	2.816	-1.62%
Jul 11, 2011	2.924	3.012	3.040	2.913	-3.50%
Jul 08, 2011	3.030	3.143	3.184	3.008	-3.42%
Jul 07, 2011	3.138	3.119	3.175	3.106	0.89%
Jul 06, 2011	3.110	3.128	3.154	3.073	-0.29%
Jul 05, 2011	3.119	3.184	3.190	3.115	-2.52%
Jul 04, 2011	3.200	3.200	3.200	3.200	0.55%
Jul 01, 2011	3.182	3.162	3.223	3.138	0.71%
Jun 30, 2011	3.160	3.102	3.221	3.082	1.25%
Jun 29, 2011	3.121	3.040	3.132	3.018	2.85%
Jun 28, 2011	3.034	2.927	3.055	2.907	3.49%
Jun 27, 2011	2.932	2.867	2.934	2.842	2.14%
Jun 24, 2011	2.871	2.914	2.945	2.847	-1.50%
Jun 23, 2011	2.914	2.973	2.980	2.887	-2.19%
Jun 22, 2011	2.980	2.991	3.009	2.940	0.00%
Jun 21, 2011	2.980	2.969	3.000	2.951	0.80%
Jun 20, 2011	2.956	2.944	2.978	2.891	0.43%
Jun 17, 2011	2.944	2.945	2.980	2.911	0.62%
Jun 16, 2011	2.926	2.975	2.987	2.880	-1.41%
Jun 15, 2011	2.967	3.088	3.097	2.962	-4.25%
Jun 14, 2011	3.099	2.987	3.108	2.980	3.86%
Jun 13, 2011	2.984	2.971	3.015	2.949	0.37%
Jun 10, 2011	2.973	2.995	2.999	2.937	-0.79%
Jun 09, 2011	2.997	2.957	3.020	2.919	1.72%
Jun 08, 2011	2.946	3.006	3.011	2.933	-1.82%
Jun 07, 2011	3.000	3.000	3.055	2.982	0.12%
Jun 06, 2011	2.997	2.991	3.040	2.982	0.18%
Jun 03, 2011	2.991	3.021	3.030	2.948	-1.32%
Jun 02, 2011	3.031	2.954	3.037	2.948	2.96%
Jun 01, 2011	2.944	3.070	3.077	2.939	-3.74%
May 31, 2011	3.059	3.061	3.108	3.041	-0.09%
May 30, 2011	3.062	3.062	3.062	3.062	-0.33%
May 27, 2011	3.072	3.057	3.101	3.055	0.42%
May 26, 2011	3.059	3.136	3.162	3.053	-2.34%
May 25, 2011	3.132	3.121	3.140	3.094	0.53%
May 24, 2011	3.116	3.121	3.162	3.108	-0.41%
May 23, 2011	3.129	3.136	3.141	3.092	-0.58%
May 20, 2011	3.147	3.176	3.189	3.145	-0.81%
May 19, 2011	3.173	3.184	3.241	3.167	-0.35%
May 18, 2011	3.184	3.125	3.188	3.092	2.24%
May 17, 2011	3.114	3.143	3.173	3.098	-1.05%
May 16, 2011	3.147	3.160	3.198	3.143	-0.70%
May 13, 2011	3.169	3.234	3.236	3.131	-1.77%
May 12, 2011	3.226	3.189	3.249	3.164	2.21%
May 11, 2011	3.156	3.219	3.236	3.153	-1.77%
May 10, 2011	3.213	3.162	3.219	3.151	1.80%
May 09, 2011	3.157	3.175	3.188	3.135	0.23%
May 06, 2011	3.150	3.159	3.241	3.128	-0.07%
May 05, 2011	3.152	3.221	3.232	3.150	-2.17%
May 04, 2011	3.221	3.253	3.269	3.209	-0.91%
May 03, 2011	3.251	3.284	3.286	3.247	-0.90%
May 02, 2011	3.281	3.297	3.323	3.262	-0.29%
Apr 29, 2011	3.290	3.316	3.333	3.283	-0.79%
Apr 28, 2011	3.316	3.355	3.359	3.298	-1.22%
Apr 27, 2011	3.357	3.316	3.385	3.314	1.45%
Apr 26, 2011	3.309	3.363	3.378	3.303	-1.71%
Apr 25, 2011	3.366	3.404	3.406	3.357	-0.81%
Apr 22, 2011	3.394	3.394	3.394	3.394	-0.01%
Apr 21, 2011	3.394	3.415	3.421	3.368	-0.39%
Apr 20, 2011	3.408	3.372	3.411	3.371	1.27%
Apr 19, 2011	3.365	3.382	3.410	3.346	-0.44%
Apr 18, 2011	3.380	3.406	3.457	3.359	-0.98%
Apr 15, 2011	3.413	3.498	3.500	3.399	-2.36%
Apr 14, 2011	3.496	3.470	3.503	3.419	1.08%
Apr 13, 2011	3.458	3.509	3.545	3.458	-0.97%
Apr 12, 2011	3.492	3.583	3.583	3.474	-2.63%
Apr 11, 2011	3.587	3.606	3.609	3.558	0.10%
Apr 08, 2011	3.583	3.558	3.619	3.555	0.96%
Apr 07, 2011	3.549	3.556	3.579	3.523	0.00%
Apr 06, 2011	3.549	3.483	3.556	3.474	1.78%
Apr 05, 2011	3.487	3.450	3.500	3.399	1.80%
Apr 04, 2011	3.425	3.448	3.470	3.403	-0.70%
Apr 01, 2011	3.450	3.476	3.530	3.442	-0.60%
Mar 31, 2011	3.470	3.442	3.483	3.403	0.76%
Mar 30, 2011	3.444	3.489	3.508	3.439	-1.34%
Mar 29, 2011	3.491	3.429	3.502	3.422	1.46%
Mar 28, 2011	3.441	3.465	3.485	3.431	-0.06%
Mar 25, 2011	3.442	3.409	3.461	3.383	1.03%
Mar 24, 2011	3.407	3.341	3.415	3.324	1.60%
Mar 23, 2011	3.354	3.328	3.356	3.280	0.77%
Mar 22, 2011	3.328	3.334	3.363	3.315	-0.11%
Mar 21, 2011	3.332	3.301	3.369	3.297	1.96%
Mar 18, 2011	3.268	3.270	3.325	3.235	0.33%
Mar 17, 2011	3.257	3.168	3.290	3.163	2.05%
Mar 16, 2011	3.192	3.307	3.349	3.143	-3.47%
Mar 15, 2011	3.307	3.349	3.356	3.207	-1.75%
Mar 14, 2011	3.365	3.386	3.423	3.330	-1.09%
Mar 11, 2011	3.402	3.371	3.415	3.335	1.20%
Mar 10, 2011	3.362	3.475	3.480	3.357	-3.09%
Mar 09, 2011	3.469	3.552	3.557	3.449	-2.31%
Mar 08, 2011	3.551	3.520	3.555	3.492	1.01%
Mar 07, 2011	3.516	3.507	3.552	3.470	0.69%
Mar 04, 2011	3.492	3.563	3.598	3.477	-1.89%
Mar 03, 2011	3.559	3.475	3.574	3.462	2.52%
Mar 02, 2011	3.471	3.407	3.483	3.379	2.01%
Mar 01, 2011	3.403	3.440	3.490	3.396	-0.54%
Feb 28, 2011	3.422	3.414	3.429	3.390	0.16%
Feb 25, 2011	3.416	3.464	3.475	3.414	-0.97%
Feb 24, 2011	3.450	3.487	3.490	3.414	-0.96%
Feb 23, 2011	3.483	3.470	3.496	3.429	0.70%
Feb 22, 2011	3.459	3.544	3.550	3.455	-3.27%
Feb 21, 2011	3.576	3.576	3.576	3.576	-0.17%
Feb 18, 2011	3.582	3.582	3.632	3.580	0.15%
Feb 17, 2011	3.576	3.629	3.629	3.550	-1.29%
Feb 16, 2011	3.623	3.618	3.651	3.576	0.52%
Feb 15, 2011	3.604	3.631	3.663	3.601	-0.57%
Feb 14, 2011	3.625	3.638	3.664	3.601	-0.36%
Feb 11, 2011	3.638	3.702	3.712	3.608	-1.73%
Feb 10, 2011	3.702	3.674	3.721	3.638	1.36%
Feb 09, 2011	3.652	3.747	3.770	3.626	-2.27%
Feb 08, 2011	3.737	3.638	3.743	3.632	2.68%
Feb 07, 2011	3.640	3.644	3.696	3.634	0.06%
Feb 04, 2011	3.638	3.545	3.666	3.512	2.56%
Feb 03, 2011	3.547	3.485	3.557	3.467	1.95%
Feb 02, 2011	3.479	3.445	3.507	3.410	1.27%
Feb 01, 2011	3.435	3.372	3.469	3.372	1.81%
Jan 31, 2011	3.374	3.312	3.404	3.312	1.35%
Jan 28, 2011	3.329	3.399	3.455	3.312	-1.77%
Jan 27, 2011	3.389	3.415	3.476	3.379	-0.91%
Jan 26, 2011	3.421	3.346	3.442	3.344	2.71%
Jan 25, 2011	3.330	3.408	3.422	3.309	-2.23%
Jan 24, 2011	3.406	3.414	3.441	3.379	-0.05%
Jan 21, 2011	3.408	3.443	3.473	3.402	-1.23%
Jan 20, 2011	3.451	3.341	3.474	3.310	3.41%
Jan 19, 2011	3.337	3.372	3.391	3.327	-0.98%
Jan 18, 2011	3.370	3.300	3.413	3.279	1.65%
Jan 17, 2011	3.315	3.315	3.315	3.315	-0.47%
Jan 14, 2011	3.331	3.303	3.337	3.253	0.96%
Jan 13, 2011	3.299	3.381	3.389	3.295	-2.01%
Jan 12, 2011	3.367	3.343	3.418	3.330	0.82%
Jan 11, 2011	3.340	3.291	3.371	3.277	1.60%
Jan 10, 2011	3.287	3.335	3.376	3.277	-1.22%
Jan 07, 2011	3.328	3.401	3.458	3.295	-2.10%
Jan 06, 2011	3.399	3.461	3.473	3.391	-1.86%
Jan 05, 2011	3.463	3.338	3.497	3.286	3.75%
Jan 04, 2011	3.338	3.338	3.371	3.302	0.12%
Jan 03, 2011	3.334	3.305	3.440	3.301	1.42%
Dec 31, 2010	3.288	3.371	3.376	3.280	-2.34%
Dec 30, 2010	3.367	3.353	3.421	3.337	0.35%
Dec 29, 2010	3.355	3.474	3.495	3.320	-3.64%
Dec 28, 2010	3.482	3.349	3.495	3.316	4.63%
Dec 27, 2010	3.327	3.397	3.509	3.325	-2.53%
Dec 24, 2010	3.413	3.413	3.413	3.413	0.49%
Dec 23, 2010	3.397	3.350	3.407	3.346	1.47%
Dec 22, 2010	3.348	3.317	3.365	3.303	1.35%
Dec 21, 2010	3.303	3.338	3.382	3.295	-1.10%
Dec 20, 2010	3.340	3.334	3.371	3.249	0.24%
Dec 17, 2010	3.332	3.434	3.442	3.310	-2.98%
Dec 16, 2010	3.434	3.516	3.568	3.422	-2.93%
Dec 15, 2010	3.538	3.481	3.565	3.391	1.87%
Dec 14, 2010	3.473	3.271	3.494	3.269	5.98%
Dec 13, 2010	3.277	3.321	3.395	3.250	-1.38%
Dec 10, 2010	3.323	3.211	3.334	3.181	3.41%
Dec 09, 2010	3.213	3.255	3.280	3.177	-1.81%
Dec 08, 2010	3.272	3.139	3.330	3.133	4.37%
Dec 07, 2010	3.135	2.950	3.177	2.946	7.03%
Dec 06, 2010	2.929	2.981	2.985	2.926	-2.59%
Dec 03, 2010	3.007	2.989	3.054	2.903	0.38%
Dec 02, 2010	2.996	2.951	3.031	2.942	1.00%
Dec 01, 2010	2.966	2.809	2.987	2.797	6.05%
Nov 30, 2010	2.797	2.826	2.826	2.751	-1.03%
Nov 29, 2010	2.826	2.892	2.898	2.811	-1.53%
Nov 26, 2010	2.870	2.912	2.919	2.842	-1.41%
Nov 25, 2010	2.911	2.911	2.911	2.911	-0.03%
Nov 24, 2010	2.912	2.771	2.932	2.755	4.68%
Nov 23, 2010	2.782	2.809	2.809	2.727	-0.84%
Nov 22, 2010	2.806	2.893	2.906	2.798	-2.35%
Nov 19, 2010	2.873	2.895	2.910	2.858	-0.94%
Nov 18, 2010	2.901	2.873	2.960	2.873	0.64%
Nov 17, 2010	2.882	2.856	2.897	2.800	1.29%
Nov 16, 2010	2.845	2.941	2.963	2.835	-4.09%
Nov 15, 2010	2.967	2.769	2.967	2.765	6.38%
Nov 12, 2010	2.789	2.657	2.796	2.607	5.01%
Nov 11, 2010	2.656	2.656	2.656	2.656	0.63%
Nov 10, 2010	2.639	2.686	2.783	2.638	-0.89%
Nov 09, 2010	2.663	2.545	2.671	2.529	4.13%
Nov 08, 2010	2.558	2.527	2.567	2.514	0.71%
Nov 05, 2010	2.539	2.491	2.590	2.476	1.88%
Nov 04, 2010	2.493	2.563	2.581	2.458	-3.36%
Nov 03, 2010	2.579	2.592	2.654	2.525	-0.28%
Nov 02, 2010	2.587	2.625	2.639	2.585	-1.46%
Nov 01, 2010	2.625	2.621	2.641	2.559	0.84%
Oct 29, 2010	2.603	2.668	2.668	2.598	-2.12%
Oct 28, 2010	2.659	2.712	2.714	2.643	-2.29%
Oct 27, 2010	2.722	2.639	2.731	2.632	2.90%
Oct 26, 2010	2.645	2.554	2.648	2.550	3.11%
Oct 25, 2010	2.565	2.560	2.569	2.497	0.14%
Oct 22, 2010	2.561	2.542	2.587	2.525	0.78%
Oct 21, 2010	2.542	2.484	2.556	2.470	2.46%
Oct 20, 2010	2.481	2.479	2.518	2.452	-0.00%
Oct 19, 2010	2.481	2.511	2.561	2.456	-1.36%
Oct 18, 2010	2.515	2.553	2.553	2.486	-2.03%
Oct 15, 2010	2.567	2.502	2.596	2.452	2.29%
Oct 14, 2010	2.509	2.429	2.513	2.415	3.31%
Oct 13, 2010	2.429	2.429	2.490	2.417	-0.15%
Oct 12, 2010	2.433	2.381	2.436	2.344	1.84%
Oct 11, 2010	2.389	2.389	2.389	2.389	-0.28%
Oct 08, 2010	2.396	2.387	2.433	2.334	0.44%
Oct 07, 2010	2.385	2.396	2.421	2.371	-0.67%
Oct 06, 2010	2.401	2.472	2.472	2.357	-2.95%
Oct 05, 2010	2.474	2.474	2.497	2.431	-0.22%
Oct 04, 2010	2.479	2.499	2.508	2.465	-1.35%
Oct 01, 2010	2.513	2.515	2.578	2.490	0.07%
Sep 30, 2010	2.512	2.494	2.594	2.469	0.28%
Sep 29, 2010	2.505	2.473	2.512	2.451	1.52%
Sep 28, 2010	2.467	2.535	2.546	2.449	-2.54%
Sep 27, 2010	2.531	2.607	2.612	2.510	-3.03%
Sep 24, 2010	2.610	2.540	2.618	2.531	2.25%
Sep 23, 2010	2.553	2.549	2.580	2.481	-0.07%
Sep 22, 2010	2.555	2.567	2.569	2.505	-0.84%
Sep 21, 2010	2.576	2.703	2.712	2.575	-4.74%
Sep 20, 2010	2.704	2.739	2.752	2.701	-1.26%
Sep 17, 2010	2.739	2.759	2.805	2.695	-0.92%
Sep 16, 2010	2.764	2.726	2.796	2.690	1.54%
Sep 15, 2010	2.723	2.675	2.732	2.661	1.49%
Sep 14, 2010	2.683	2.755	2.755	2.661	-2.32%
Sep 13, 2010	2.746	2.823	2.849	2.723	-1.76%
Sep 10, 2010	2.795	2.746	2.823	2.733	1.19%
Sep 09, 2010	2.762	2.654	2.762	2.627	4.10%
Sep 08, 2010	2.654	2.607	2.683	2.573	2.14%
Sep 07, 2010	2.598	2.681	2.699	2.596	-4.27%
Sep 06, 2010	2.714	2.714	2.714	2.714	0.42%
Sep 03, 2010	2.702	2.625	2.770	2.616	2.95%
Sep 02, 2010	2.625	2.573	2.639	2.553	1.73%
Sep 01, 2010	2.580	2.482	2.627	2.482	4.46%
Aug 31, 2010	2.470	2.534	2.534	2.467	-2.38%
Aug 30, 2010	2.530	2.682	2.682	2.525	-4.39%
Aug 27, 2010	2.647	2.481	2.664	2.479	6.68%
Aug 26, 2010	2.481	2.536	2.553	2.477	-2.30%
Aug 25, 2010	2.539	2.500	2.557	2.419	2.06%
Aug 24, 2010	2.488	2.595	2.596	2.469	-4.37%
Aug 23, 2010	2.602	2.616	2.639	2.593	-0.48%
Aug 20, 2010	2.614	2.580	2.621	2.534	1.52%
Aug 19, 2010	2.575	2.627	2.679	2.557	-2.37%
Aug 18, 2010	2.638	2.641	2.650	2.580	-0.14%
Aug 17, 2010	2.641	2.577	2.661	2.575	2.63%
Aug 16, 2010	2.573	2.670	2.679	2.563	-3.94%
Aug 13, 2010	2.679	2.751	2.753	2.672	-2.68%
Aug 12, 2010	2.753	2.704	2.754	2.690	2.46%
Aug 11, 2010	2.687	2.754	2.761	2.683	-2.94%
Aug 10, 2010	2.768	2.834	2.839	2.743	-2.15%
Aug 09, 2010	2.829	2.824	2.840	2.807	0.25%
Aug 06, 2010	2.822	2.912	2.923	2.815	-2.91%
Aug 05, 2010	2.906	2.948	2.966	2.896	-1.59%
Aug 04, 2010	2.953	2.919	2.961	2.882	1.54%
Aug 03, 2010	2.909	2.959	2.959	2.891	-1.83%
Aug 02, 2010	2.963	2.925	2.972	2.920	1.98%
Jul 30, 2010	2.905	2.978	2.990	2.900	-2.78%
Jul 29, 2010	2.988	2.994	3.034	2.963	-0.07%
Jul 28, 2010	2.990	3.043	3.061	2.987	-1.91%
Jul 27, 2010	3.049	3.000	3.056	2.983	1.75%
Jul 26, 2010	2.996	2.991	3.036	2.973	-0.13%
Jul 23, 2010	3.000	2.951	3.002	2.926	2.32%
Jul 22, 2010	2.932	2.884	2.948	2.866	1.74%
Jul 21, 2010	2.882	2.950	2.968	2.855	-2.43%
Jul 20, 2010	2.954	2.961	2.975	2.896	-0.25%
Jul 19, 2010	2.961	2.930	2.977	2.916	1.22%
Jul 16, 2010	2.925	2.996	3.010	2.916	-2.41%
Jul 15, 2010	2.997	3.041	3.084	2.965	-1.72%
Jul 14, 2010	3.050	3.132	3.132	3.039	-2.39%
Jul 13, 2010	3.124	3.061	3.128	3.025	1.89%
Jul 12, 2010	3.066	3.056	3.068	3.009	0.35%
Jul 09, 2010	3.056	3.031	3.066	3.023	0.71%
Jul 08, 2010	3.034	2.987	3.050	2.973	1.62%
Jul 07, 2010	2.986	2.941	2.993	2.916	1.70%
Jul 06, 2010	2.936	2.925	2.995	2.914	-1.49%
Jul 05, 2010	2.980	2.980	2.980	2.980	-0.14%
Jul 02, 2010	2.984	2.949	2.991	2.909	1.02%
Jul 01, 2010	2.954	2.942	2.956	2.881	0.66%
Jun 30, 2010	2.935	2.953	2.988	2.928	-0.61%
Jun 29, 2010	2.953	3.035	3.035	2.951	-2.32%
Jun 28, 2010	3.023	3.101	3.108	3.016	-2.79%
Jun 25, 2010	3.110	3.137	3.168	3.081	-1.05%
Jun 24, 2010	3.143	3.125	3.146	3.065	0.58%
Jun 23, 2010	3.124	3.166	3.186	3.092	-1.27%
Jun 22, 2010	3.165	3.253	3.274	3.157	-2.43%
Jun 21, 2010	3.243	3.278	3.310	3.232	0.57%
Jun 18, 2010	3.225	3.203	3.232	3.179	0.97%
Jun 17, 2010	3.194	3.251	3.295	3.181	-2.14%
Jun 16, 2010	3.264	3.310	3.315	3.236	-1.28%
Jun 15, 2010	3.306	3.264	3.325	3.224	1.35%
Jun 14, 2010	3.262	3.257	3.330	3.249	0.91%
Jun 11, 2010	3.233	3.319	3.321	3.214	-2.77%
Jun 10, 2010	3.325	3.189	3.327	3.175	4.61%
Jun 09, 2010	3.178	3.197	3.244	3.175	-0.34%
Jun 08, 2010	3.189	3.162	3.195	3.142	1.38%
Jun 07, 2010	3.146	3.175	3.244	3.137	-1.93%
Jun 04, 2010	3.208	3.373	3.381	3.190	-4.80%
Jun 03, 2010	3.369	3.336	3.427	3.325	0.66%
Jun 02, 2010	3.347	3.276	3.349	3.256	2.59%
Jun 01, 2010	3.263	3.300	3.316	3.226	-1.12%
May 31, 2010	3.300	3.300	3.300	3.300	-0.10%
May 28, 2010	3.303	3.348	3.349	3.294	-1.59%
May 27, 2010	3.357	3.194	3.364	3.190	5.16%
May 26, 2010	3.192	3.187	3.267	3.151	1.03%
May 25, 2010	3.160	3.194	3.198	3.064	-1.19%
May 24, 2010	3.198	3.238	3.238	3.161	-1.18%
May 21, 2010	3.236	3.229	3.260	3.102	0.62%
May 20, 2010	3.216	3.368	3.374	3.198	-4.56%
May 19, 2010	3.370	3.326	3.398	3.311	0.50%
May 18, 2010	3.353	3.476	3.500	3.348	-3.93%
May 17, 2010	3.491	3.453	3.494	3.381	1.02%
May 14, 2010	3.455	3.522	3.545	3.413	-2.32%
May 13, 2010	3.537	3.577	3.609	3.524	-0.94%
May 12, 2010	3.571	3.522	3.584	3.495	1.24%
May 11, 2010	3.527	3.533	3.577	3.465	-0.48%
May 10, 2010	3.544	3.488	3.607	3.488	3.64%
May 07, 2010	3.420	3.398	3.516	3.297	0.44%
May 06, 2010	3.405	3.556	3.592	3.266	-3.99%
May 05, 2010	3.546	3.592	3.619	3.488	-1.43%
May 04, 2010	3.598	3.684	3.711	3.592	-2.54%
May 03, 2010	3.692	3.663	3.713	3.657	0.89%
Apr 30, 2010	3.659	3.728	3.755	3.655	-1.90%
Apr 29, 2010	3.730	3.765	3.788	3.726	-0.97%
Apr 28, 2010	3.767	3.693	3.778	3.674	1.98%
Apr 27, 2010	3.693	3.805	3.809	3.674	-3.04%
Apr 26, 2010	3.809	3.823	3.840	3.780	-0.20%
Apr 23, 2010	3.817	3.769	3.833	3.759	1.24%
Apr 22, 2010	3.770	3.743	3.784	3.711	0.88%
Apr 21, 2010	3.738	3.797	3.817	3.736	-1.57%
Apr 20, 2010	3.797	3.793	3.825	3.792	-0.15%
Apr 19, 2010	3.803	3.743	3.807	3.739	0.87%
Apr 16, 2010	3.770	3.834	3.840	3.759	-1.71%
Apr 15, 2010	3.836	3.861	3.891	3.826	-0.75%
Apr 14, 2010	3.865	3.826	3.869	3.803	1.17%
Apr 13, 2010	3.820	3.848	3.848	3.801	-0.45%
Apr 12, 2010	3.838	3.918	3.925	3.830	-1.10%
Apr 09, 2010	3.881	3.894	3.927	3.875	-0.25%
Apr 08, 2010	3.890	3.867	3.898	3.838	0.71%
Apr 07, 2010	3.863	3.954	3.968	3.857	-2.37%
Apr 06, 2010	3.956	3.972	3.980	3.937	-0.83%
Apr 05, 2010	3.990	3.943	4.013	3.941	1.19%
Apr 02, 2010	3.943	3.870	3.952	3.859	1.87%
Apr 01, 2010	3.870	3.839	3.888	3.826	0.97%
Mar 31, 2010	3.833	3.866	3.872	3.818	-0.65%
Mar 30, 2010	3.858	3.866	3.901	3.853	-0.20%
Mar 29, 2010	3.866	3.870	3.889	3.847	0.40%
Mar 26, 2010	3.851	3.868	3.901	3.847	-0.79%
Mar 25, 2010	3.881	3.845	3.928	3.822	0.70%
Mar 24, 2010	3.854	3.685	3.856	3.682	4.53%
Mar 23, 2010	3.687	3.666	3.691	3.647	0.73%
Mar 22, 2010	3.661	3.689	3.716	3.657	-0.87%
Mar 19, 2010	3.693	3.682	3.712	3.649	0.31%
Mar 18, 2010	3.682	3.645	3.682	3.619	1.10%
Mar 17, 2010	3.642	3.653	3.668	3.628	-0.31%
Mar 16, 2010	3.653	3.699	3.716	3.647	-1.18%
Mar 15, 2010	3.697	3.712	3.731	3.691	-0.15%
Mar 12, 2010	3.703	3.737	3.781	3.685	-0.71%
Mar 11, 2010	3.729	3.729	3.752	3.706	0.20%
Mar 10, 2010	3.721	3.704	3.748	3.693	0.57%
Mar 09, 2010	3.700	3.718	3.723	3.678	-0.56%
Mar 08, 2010	3.721	3.693	3.731	3.689	1.08%
Mar 05, 2010	3.682	3.608	3.702	3.600	2.09%
Mar 04, 2010	3.606	3.623	3.653	3.593	-0.42%
Mar 03, 2010	3.621	3.614	3.655	3.604	0.37%
Mar 02, 2010	3.608	3.615	3.653	3.606	0.00%
Mar 01, 2010	3.608	3.625	3.640	3.595	-0.31%
Feb 26, 2010	3.619	3.640	3.657	3.585	-0.36%
Feb 25, 2010	3.632	3.700	3.702	3.629	-1.69%
Feb 24, 2010	3.695	3.697	3.716	3.659	0.15%
Feb 23, 2010	3.689	3.797	3.803	3.683	-2.85%
Feb 22, 2010	3.797	3.784	3.807	3.778	0.56%
Feb 19, 2010	3.776	3.818	3.828	3.773	-0.80%
Feb 18, 2010	3.807	3.727	3.820	3.710	1.94%
Feb 17, 2010	3.735	3.676	3.755	3.670	1.96%
Feb 16, 2010	3.663	3.697	3.727	3.657	-0.87%
Feb 12, 2010	3.695	3.727	3.727	3.668	-0.71%
Feb 11, 2010	3.721	3.715	3.765	3.685	0.85%
Feb 10, 2010	3.690	3.651	3.711	3.614	1.18%
Feb 09, 2010	3.647	3.566	3.647	3.563	2.39%
Feb 08, 2010	3.562	3.579	3.606	3.562	-0.27%
Feb 05, 2010	3.571	3.617	3.645	3.537	-1.07%
Feb 04, 2010	3.610	3.697	3.711	3.588	-2.62%
Feb 03, 2010	3.707	3.650	3.709	3.644	1.82%
Feb 02, 2010	3.640	3.664	3.675	3.633	-0.42%
Feb 01, 2010	3.656	3.606	3.668	3.598	1.89%
Jan 29, 2010	3.588	3.636	3.695	3.582	-1.48%
Jan 28, 2010	3.642	3.659	3.696	3.638	-0.21%
Jan 27, 2010	3.650	3.628	3.656	3.576	0.80%
Jan 26, 2010	3.621	3.632	3.642	3.563	-0.26%
Jan 25, 2010	3.630	3.621	3.654	3.611	0.80%
Jan 22, 2010	3.601	3.601	3.632	3.580	0.17%
Jan 21, 2010	3.595	3.649	3.688	3.592	-1.58%
Jan 20, 2010	3.653	3.702	3.704	3.636	-1.20%
Jan 19, 2010	3.698	3.667	3.729	3.644	0.58%
Jan 15, 2010	3.676	3.742	3.744	3.657	-1.76%
Jan 14, 2010	3.742	3.781	3.801	3.709	-1.34%
Jan 13, 2010	3.793	3.715	3.795	3.709	2.05%
Jan 12, 2010	3.717	3.808	3.810	3.707	-2.81%
Jan 11, 2010	3.824	3.804	3.848	3.796	-0.31%
Jan 08, 2010	3.836	3.827	3.859	3.775	0.21%
Jan 07, 2010	3.827	3.829	3.861	3.800	-0.05%
Jan 06, 2010	3.829	3.767	3.839	3.761	1.77%
Jan 05, 2010	3.763	3.825	3.831	3.749	-1.58%
Jan 04, 2010	3.823	3.858	3.904	3.808	-0.35%
Dec 31, 2009	3.837	3.793	3.918	3.792	1.14%
Dec 30, 2009	3.793	3.815	3.827	3.780	-0.26%
Dec 29, 2009	3.803	3.850	3.866	3.797	-1.17%
Dec 28, 2009	3.848	3.803	3.866	3.801	1.14%
Dec 24, 2009	3.805	3.754	3.811	3.729	1.36%
Dec 23, 2009	3.754	3.760	3.773	3.690	-0.10%
Dec 22, 2009	3.758	3.669	3.765	3.667	2.10%
Dec 21, 2009	3.680	3.539	3.698	3.527	3.78%
Dec 18, 2009	3.546	3.476	3.552	3.470	1.85%
Dec 17, 2009	3.482	3.594	3.596	3.476	-3.22%
Dec 16, 2009	3.598	3.588	3.607	3.540	0.11%
Dec 15, 2009	3.594	3.550	3.620	3.540	1.18%
Dec 14, 2009	3.552	3.544	3.559	3.514	-0.05%
Dec 11, 2009	3.554	3.499	3.584	3.484	1.52%
Dec 10, 2009	3.501	3.431	3.521	3.410	1.97%
Dec 09, 2009	3.433	3.390	3.450	3.367	1.44%
Dec 08, 2009	3.384	3.438	3.446	3.347	-1.31%
Dec 07, 2009	3.429	3.495	3.502	3.420	-1.40%
Dec 04, 2009	3.478	3.388	3.512	3.362	2.94%
Dec 03, 2009	3.379	3.321	3.401	3.317	1.96%
Dec 02, 2009	3.314	3.284	3.323	3.266	0.90%
Dec 01, 2009	3.284	3.207	3.288	3.196	2.70%
Nov 30, 2009	3.198	3.209	3.249	3.190	-0.29%
Nov 27, 2009	3.207	3.181	3.249	3.154	-1.85%
Nov 25, 2009	3.268	3.314	3.349	3.260	-1.12%
Nov 24, 2009	3.304	3.356	3.360	3.303	-1.44%
Nov 23, 2009	3.353	3.371	3.416	3.351	-0.50%
Nov 20, 2009	3.369	3.342	3.381	3.319	0.83%
Nov 19, 2009	3.342	3.362	3.375	3.308	-0.72%
Nov 18, 2009	3.366	3.332	3.377	3.316	1.28%
Nov 17, 2009	3.323	3.338	3.390	3.314	-0.77%
Nov 16, 2009	3.349	3.429	3.431	3.329	-2.17%
Nov 13, 2009	3.423	3.446	3.472	3.421	-0.60%
Nov 12, 2009	3.444	3.459	3.528	3.421	-0.01%
Nov 11, 2009	3.444	3.444	3.444	3.444	-0.98%
Nov 10, 2009	3.478	3.491	3.507	3.435	-0.16%
Nov 09, 2009	3.484	3.514	3.535	3.463	-0.49%
Nov 06, 2009	3.501	3.514	3.556	3.457	-0.75%
Nov 05, 2009	3.527	3.526	3.554	3.490	0.21%
Nov 04, 2009	3.520	3.465	3.563	3.458	1.47%
Nov 03, 2009	3.469	3.418	3.492	3.371	1.31%
Nov 02, 2009	3.424	3.396	3.446	3.388	1.05%
Oct 30, 2009	3.388	3.503	3.507	3.383	-3.06%
Oct 29, 2009	3.495	3.417	3.528	3.400	2.36%
Oct 28, 2009	3.415	3.462	3.475	3.391	-1.09%
Oct 27, 2009	3.452	3.556	3.564	3.447	-2.97%
Oct 26, 2009	3.558	3.486	3.581	3.482	1.84%
Oct 23, 2009	3.494	3.439	3.496	3.430	2.13%
Oct 22, 2009	3.421	3.380	3.454	3.378	0.83%
Oct 21, 2009	3.393	3.343	3.428	3.326	1.56%
Oct 20, 2009	3.341	3.410	3.411	3.311	-1.37%
Oct 19, 2009	3.387	3.428	3.453	3.376	-0.71%
Oct 16, 2009	3.412	3.481	3.481	3.400	-1.52%
Oct 15, 2009	3.464	3.423	3.479	3.402	1.20%
Oct 14, 2009	3.423	3.351	3.442	3.339	2.11%
Oct 13, 2009	3.352	3.360	3.362	3.301	-1.00%
Oct 12, 2009	3.386	3.386	3.386	3.386	0.07%
Oct 09, 2009	3.384	3.272	3.402	3.240	4.19%
Oct 08, 2009	3.248	3.184	3.262	3.158	1.95%
Oct 07, 2009	3.186	3.261	3.263	3.169	-2.24%
Oct 06, 2009	3.259	3.220	3.268	3.206	1.25%
Oct 05, 2009	3.219	3.213	3.231	3.177	-0.00%
Oct 02, 2009	3.219	3.179	3.233	3.106	1.19%
Oct 01, 2009	3.181	3.318	3.322	3.172	-3.77%
Sep 30, 2009	3.305	3.298	3.329	3.278	0.39%
Sep 29, 2009	3.292	3.291	3.344	3.276	0.34%
Sep 28, 2009	3.281	3.307	3.342	3.274	-1.22%
Sep 25, 2009	3.322	3.370	3.401	3.318	-1.81%
Sep 24, 2009	3.383	3.418	3.441	3.361	-0.92%
Sep 23, 2009	3.415	3.450	3.517	3.404	-0.81%
Sep 22, 2009	3.443	3.487	3.515	3.443	-1.13%
Sep 21, 2009	3.482	3.484	3.495	3.415	0.37%
Sep 18, 2009	3.469	3.395	3.487	3.372	2.46%
Sep 17, 2009	3.385	3.463	3.501	3.380	-2.57%
Sep 16, 2009	3.475	3.452	3.501	3.384	0.81%
Sep 15, 2009	3.447	3.417	3.490	3.400	0.70%
Sep 14, 2009	3.423	3.349	3.426	3.327	2.20%
Sep 11, 2009	3.349	3.358	3.369	3.272	-0.17%
Sep 10, 2009	3.354	3.477	3.499	3.327	-3.46%
Sep 09, 2009	3.475	3.480	3.534	3.454	-0.16%
Sep 08, 2009	3.481	3.445	3.488	3.401	1.02%
Sep 04, 2009	3.445	3.342	3.449	3.338	2.91%
Sep 03, 2009	3.348	3.304	3.359	3.304	1.16%
Sep 02, 2009	3.309	3.370	3.392	3.287	-1.80%
Sep 01, 2009	3.370	3.403	3.464	3.348	-0.92%
Aug 31, 2009	3.401	3.460	3.505	3.390	-1.39%
Aug 28, 2009	3.449	3.464	3.527	3.436	-0.11%
Aug 27, 2009	3.453	3.437	3.513	3.416	0.54%
Aug 26, 2009	3.435	3.437	3.464	3.418	-0.11%
Aug 25, 2009	3.438	3.476	3.520	3.437	-1.01%
Aug 24, 2009	3.474	3.554	3.610	3.472	-2.66%
Aug 21, 2009	3.569	3.439	3.576	3.374	4.11%
Aug 20, 2009	3.428	3.467	3.505	3.418	-0.80%
Aug 19, 2009	3.455	3.515	3.522	3.402	-1.74%
Aug 18, 2009	3.517	3.485	3.530	3.468	1.28%
Aug 17, 2009	3.472	3.559	3.559	3.465	-2.81%
Aug 14, 2009	3.572	3.597	3.625	3.493	-0.68%
Aug 13, 2009	3.597	3.717	3.774	3.586	-3.08%
Aug 12, 2009	3.711	3.678	3.773	3.636	1.08%
Aug 11, 2009	3.672	3.783	3.803	3.670	-2.67%
Aug 10, 2009	3.772	3.866	3.893	3.759	-2.12%
Aug 07, 2009	3.854	3.762	3.888	3.735	2.61%
Aug 06, 2009	3.756	3.748	3.800	3.697	-0.15%
Aug 05, 2009	3.762	3.688	3.768	3.639	2.04%
Aug 04, 2009	3.687	3.645	3.730	3.586	1.35%
Aug 03, 2009	3.637	3.512	3.667	3.510	4.48%
Jul 31, 2009	3.482	3.621	3.647	3.476	-3.70%
Jul 30, 2009	3.615	3.672	3.727	3.605	-1.33%
Jul 29, 2009	3.664	3.676	3.737	3.623	-0.58%
Jul 28, 2009	3.686	3.715	3.743	3.619	-1.06%
Jul 27, 2009	3.725	3.668	3.766	3.658	1.78%
Jul 24, 2009	3.660	3.654	3.703	3.644	0.06%
Jul 23, 2009	3.658	3.539	3.714	3.513	3.19%
Jul 22, 2009	3.544	3.490	3.562	3.461	1.72%
Jul 21, 2009	3.484	3.614	3.671	3.454	-3.54%
Jul 20, 2009	3.612	3.651	3.722	3.569	-1.01%
Jul 17, 2009	3.649	3.569	3.659	3.530	2.14%
Jul 16, 2009	3.573	3.577	3.606	3.511	-1.13%
Jul 15, 2009	3.614	3.468	3.637	3.445	4.01%
Jul 14, 2009	3.474	3.346	3.482	3.329	3.41%
Jul 13, 2009	3.360	3.308	3.365	3.261	1.66%
Jul 10, 2009	3.304	3.411	3.411	3.265	-3.16%
Jul 09, 2009	3.413	3.316	3.428	3.316	3.22%
Jul 08, 2009	3.306	3.453	3.460	3.280	-4.29%
Jul 07, 2009	3.454	3.512	3.555	3.443	-1.58%
Jul 06, 2009	3.510	3.502	3.560	3.477	0.22%
Jul 02, 2009	3.502	3.552	3.572	3.464	-1.29%
Jul 01, 2009	3.548	3.527	3.610	3.519	0.33%
Jun 30, 2009	3.537	3.486	3.583	3.473	1.61%
Jun 29, 2009	3.481	3.536	3.556	3.454	-1.36%
Jun 26, 2009	3.529	3.548	3.598	3.492	-0.43%
Jun 25, 2009	3.544	3.683	3.718	3.528	-3.94%
Jun 24, 2009	3.689	3.634	3.703	3.576	1.77%
Jun 23, 2009	3.625	3.697	3.728	3.623	-1.63%
Jun 22, 2009	3.685	3.789	3.800	3.677	-2.33%
Jun 19, 2009	3.773	3.818	3.882	3.771	-1.48%
Jun 18, 2009	3.830	3.712	3.853	3.677	3.78%
Jun 17, 2009	3.690	3.667	3.700	3.580	0.75%
Jun 16, 2009	3.663	3.709	3.782	3.649	-1.41%
Jun 15, 2009	3.715	3.786	3.788	3.705	-2.32%
Jun 12, 2009	3.803	3.850	3.853	3.754	-1.52%
Jun 11, 2009	3.862	3.951	4.008	3.809	-2.16%
Jun 10, 2009	3.947	3.866	4.002	3.864	2.06%
Jun 09, 2009	3.868	3.874	3.899	3.818	-0.76%
Jun 08, 2009	3.897	3.846	3.925	3.795	1.50%
Jun 05, 2009	3.840	3.706	3.903	3.704	3.34%
Jun 04, 2009	3.716	3.551	3.745	3.546	5.08%
Jun 03, 2009	3.536	3.615	3.644	3.532	-2.13%
Jun 02, 2009	3.613	3.673	3.721	3.607	-1.84%
Jun 01, 2009	3.680	3.492	3.743	3.492	6.33%
May 29, 2009	3.461	3.626	3.643	3.446	-4.18%
May 28, 2009	3.612	3.723	3.754	3.578	-3.37%
May 27, 2009	3.738	3.531	3.744	3.512	5.40%
May 26, 2009	3.547	3.451	3.553	3.395	2.82%
May 22, 2009	3.450	3.368	3.463	3.316	2.42%
May 21, 2009	3.368	3.202	3.383	3.151	5.42%
May 20, 2009	3.195	3.249	3.273	3.180	-1.54%
May 19, 2009	3.245	3.243	3.280	3.221	0.11%
May 18, 2009	3.241	3.123	3.245	3.090	3.41%
May 15, 2009	3.134	3.099	3.156	3.072	1.36%
May 14, 2009	3.092	3.121	3.138	3.078	-0.65%
May 13, 2009	3.112	3.176	3.211	3.088	-2.08%
May 12, 2009	3.178	3.175	3.226	3.152	0.06%
May 11, 2009	3.176	3.274	3.299	3.160	-3.43%
May 08, 2009	3.289	3.347	3.383	3.265	-1.51%
May 07, 2009	3.340	3.213	3.347	3.180	5.84%
May 06, 2009	3.155	3.165	3.194	3.112	-0.42%
May 05, 2009	3.169	3.155	3.203	3.127	0.61%
May 04, 2009	3.150	3.161	3.199	3.131	-0.24%
May 01, 2009	3.157	3.115	3.209	3.109	1.23%
Apr 30, 2009	3.119	3.107	3.166	3.019	0.37%
Apr 29, 2009	3.107	3.024	3.122	2.979	2.88%
Apr 28, 2009	3.020	2.912	3.024	2.873	3.65%
Apr 27, 2009	2.914	2.962	2.998	2.906	-2.80%
Apr 24, 2009	2.998	2.930	3.015	2.919	2.36%
Apr 23, 2009	2.929	2.941	2.986	2.921	-0.38%
Apr 22, 2009	2.940	2.902	2.975	2.873	1.28%
Apr 21, 2009	2.902	2.856	2.915	2.783	1.89%
Apr 20, 2009	2.849	2.954	2.954	2.834	-3.45%
Apr 17, 2009	2.951	2.839	2.958	2.816	3.92%
Apr 16, 2009	2.840	2.768	2.849	2.766	2.45%
Apr 15, 2009	2.772	2.790	2.832	2.753	-0.66%
Apr 14, 2009	2.790	2.863	2.882	2.772	-2.56%
Apr 13, 2009	2.863	2.924	2.941	2.839	-2.21%
Apr 09, 2009	2.928	2.863	2.950	2.858	2.40%
Apr 08, 2009	2.860	2.900	2.917	2.841	-1.39%
Apr 07, 2009	2.900	2.932	2.932	2.872	-1.09%
Apr 06, 2009	2.932	2.895	2.946	2.895	1.28%
Apr 03, 2009	2.895	2.779	2.919	2.743	4.17%
Apr 02, 2009	2.779	2.652	2.788	2.652	4.79%
Apr 01, 2009	2.652	2.668	2.669	2.650	-0.60%
Mar 31, 2009	2.668	2.723	2.752	2.663	-2.02%
Mar 30, 2009	2.723	2.764	2.764	2.708	-1.43%
Mar 27, 2009	2.763	2.746	2.788	2.703	0.66%
Mar 26, 2009	2.744	2.799	2.837	2.721	-1.76%
Mar 25, 2009	2.793	2.706	2.812	2.683	3.08%
Mar 24, 2009	2.710	2.654	2.752	2.645	2.11%
Mar 23, 2009	2.654	2.634	2.690	2.611	0.82%
Mar 20, 2009	2.633	2.609	2.656	2.556	0.82%
Mar 19, 2009	2.611	2.547	2.618	2.466	2.52%
Mar 18, 2009	2.547	3.014	3.023	2.462	-15.44%
Mar 17, 2009	3.012	2.949	3.016	2.907	1.88%
Mar 16, 2009	2.957	2.896	2.997	2.872	2.10%
Mar 13, 2009	2.896	2.865	2.968	2.832	1.15%
Mar 12, 2009	2.863	2.912	2.936	2.821	-1.64%
Mar 11, 2009	2.910	3.010	3.043	2.888	-3.37%
Mar 10, 2009	3.012	2.864	3.016	2.863	5.28%
Mar 09, 2009	2.861	2.875	2.940	2.848	-0.44%
Mar 06, 2009	2.873	2.815	2.890	2.768	2.14%
Mar 05, 2009	2.813	2.976	3.023	2.786	-5.53%
Mar 04, 2009	2.978	2.886	3.045	2.886	3.18%
Mar 03, 2009	2.886	2.864	2.976	2.864	0.76%
Mar 02, 2009	2.864	3.020	3.020	2.862	-5.17%
Feb 27, 2009	3.021	3.000	3.054	2.923	0.68%
Feb 26, 2009	3.000	2.932	3.032	2.906	2.58%
Feb 25, 2009	2.925	2.800	2.961	2.777	4.22%
Feb 24, 2009	2.806	2.759	2.820	2.692	1.84%
Feb 23, 2009	2.755	2.797	2.879	2.752	-1.29%
Feb 20, 2009	2.792	2.855	2.862	2.687	-2.28%
Feb 19, 2009	2.857	2.768	2.879	2.734	3.27%
Feb 18, 2009	2.766	2.653	2.904	2.619	4.33%
Feb 17, 2009	2.651	2.895	2.906	2.635	-8.56%
Feb 16, 2009	2.900	2.900	2.900	2.900	0.16%
Feb 13, 2009	2.895	2.791	2.904	2.772	3.83%
Feb 12, 2009	2.788	2.797	2.837	2.720	1.12%
Feb 11, 2009	2.757	2.821	2.847	2.729	-2.19%
Feb 10, 2009	2.819	2.992	3.011	2.807	-5.83%
Feb 09, 2009	2.993	2.988	3.058	2.952	0.17%
Feb 06, 2009	2.988	2.919	3.004	2.872	2.37%
Feb 05, 2009	2.919	2.941	2.953	2.859	-0.67%
Feb 04, 2009	2.939	2.889	2.960	2.838	1.59%
Feb 03, 2009	2.893	2.851	2.898	2.703	6.46%
Feb 02, 2009	2.717	2.851	2.854	2.703	-4.68%
Jan 30, 2009	2.851	2.862	2.867	2.758	-0.45%
Jan 29, 2009	2.864	2.673	2.894	2.642	7.19%
Jan 28, 2009	2.672	2.533	2.694	2.507	5.64%
Jan 27, 2009	2.529	2.643	2.667	2.519	-4.43%
Jan 26, 2009	2.646	2.624	2.690	2.596	1.18%
Jan 23, 2009	2.615	2.599	2.683	2.540	0.63%
Jan 22, 2009	2.599	2.541	2.639	2.488	2.08%
Jan 21, 2009	2.546	2.382	2.553	2.380	6.89%
Jan 20, 2009	2.382	2.307	2.499	2.307	-4.47%
Jan 19, 2009	2.494	2.494	2.494	2.494	6.46%
Jan 16, 2009	2.342	2.209	2.403	2.207	5.96%
Jan 15, 2009	2.211	2.201	2.237	2.148	0.21%
Jan 14, 2009	2.206	2.294	2.334	2.165	-3.98%
Jan 13, 2009	2.297	2.308	2.348	2.281	-0.52%
Jan 12, 2009	2.309	2.407	2.452	2.303	-3.51%
Jan 09, 2009	2.393	2.448	2.505	2.350	-2.10%
Jan 08, 2009	2.445	2.450	2.509	2.409	-2.11%
Jan 07, 2009	2.498	2.477	2.540	2.448	1.92%
Jan 06, 2009	2.450	2.495	2.612	2.430	-1.37%
Jan 05, 2009	2.485	2.374	2.524	2.371	5.26%
Jan 02, 2009	2.361	2.250	2.433	2.160	6.30%
Dec 31, 2008	2.220	2.084	2.255	2.060	7.99%
Dec 30, 2008	2.056	2.114	2.154	2.051	-2.25%
Dec 29, 2008	2.104	2.137	2.153	2.052	-1.54%
Dec 26, 2008	2.137	2.188	2.195	2.129	-2.37%
Dec 24, 2008	2.188	2.186	2.213	2.136	0.27%
Dec 23, 2008	2.183	2.180	2.225	2.129	0.43%
Dec 22, 2008	2.173	2.126	2.191	2.110	1.98%
Dec 19, 2008	2.131	2.087	2.177	2.052	2.20%
Dec 18, 2008	2.085	2.203	2.209	2.040	-5.20%
Dec 17, 2008	2.200	2.262	2.312	2.076	-2.84%
Dec 16, 2008	2.264	2.516	2.551	2.259	-10.14%
Dec 15, 2008	2.519	2.574	2.622	2.503	-2.18%
Dec 12, 2008	2.576	2.607	2.748	2.480	-1.27%
Dec 11, 2008	2.609	2.710	2.713	2.595	-2.99%
Dec 10, 2008	2.689	2.633	2.758	2.630	1.41%
Dec 09, 2008	2.652	2.769	2.772	2.631	-3.32%
Dec 08, 2008	2.743	2.707	2.802	2.676	1.58%
Dec 05, 2008	2.700	2.555	2.726	2.510	5.77%
Dec 04, 2008	2.553	2.660	2.681	2.538	-3.91%
Dec 03, 2008	2.657	2.679	2.777	2.648	-1.34%
Dec 02, 2008	2.693	2.736	2.801	2.659	-1.33%
Dec 01, 2008	2.729	2.960	2.962	2.651	-6.53%
Nov 28, 2008	2.920	3.111	3.111	2.908	-2.55%
Nov 27, 2008	2.996	2.996	2.996	2.996	0.25%
Nov 26, 2008	2.989	3.113	3.124	2.973	-3.93%
Nov 25, 2008	3.111	3.331	3.335	3.060	-6.54%
Nov 24, 2008	3.329	3.201	3.371	3.176	3.30%
Nov 21, 2008	3.223	3.333	3.333	3.001	7.14%
Nov 20, 2008	3.008	3.346	3.360	2.990	-9.86%
Nov 19, 2008	3.337	3.531	3.540	3.326	-5.45%
Nov 18, 2008	3.529	3.673	3.675	3.514	-3.51%
Nov 17, 2008	3.658	3.714	3.750	3.647	-1.96%
Nov 14, 2008	3.731	3.891	3.895	3.701	-3.25%
Nov 13, 2008	3.856	3.737	3.893	3.695	5.48%
Nov 12, 2008	3.656	3.757	3.760	3.637	-2.73%
Nov 10, 2008	3.759	3.789	3.864	3.747	-0.91%
Nov 07, 2008	3.793	3.698	3.803	3.654	2.77%
Nov 06, 2008	3.691	3.704	3.787	3.651	-0.36%
Nov 05, 2008	3.704	3.734	3.814	3.660	-0.76%
Nov 04, 2008	3.732	3.916	3.955	3.723	-4.60%
Nov 03, 2008	3.912	3.959	3.984	3.897	-1.46%
Oct 31, 2008	3.970	3.899	3.984	3.843	-0.05%
Oct 30, 2008	3.972	3.912	3.984	3.901	2.95%
Oct 29, 2008	3.858	3.820	3.893	3.761	0.30%
Oct 28, 2008	3.847	3.799	3.862	3.737	4.17%
Oct 27, 2008	3.693	3.646	3.761	3.629	0.31%
Oct 24, 2008	3.682	3.504	3.735	3.484	0.10%
Oct 23, 2008	3.678	3.562	3.690	3.518	2.24%
Oct 22, 2008	3.598	3.661	3.701	3.592	-3.73%
Oct 21, 2008	3.737	3.838	3.840	3.695	-3.21%
Oct 20, 2008	3.861	3.963	3.974	3.836	-1.95%
Oct 17, 2008	3.938	3.968	3.997	3.882	-0.78%
Oct 16, 2008	3.969	3.997	4.068	3.922	0.34%
Oct 15, 2008	3.955	4.029	4.110	3.949	-3.09%
Oct 14, 2008	4.081	4.030	4.085	3.982	4.66%
Oct 13, 2008	3.900	3.900	3.900	3.900	0.60%
Oct 10, 2008	3.876	3.808	3.917	3.766	2.41%
Oct 09, 2008	3.785	3.734	3.846	3.659	3.77%
Oct 08, 2008	3.648	3.536	3.842	3.402	4.02%
Oct 07, 2008	3.506	3.488	3.590	3.459	1.27%
Oct 06, 2008	3.462	3.514	3.612	3.420	-3.90%
Oct 03, 2008	3.603	3.577	3.768	3.564	-0.78%
Oct 02, 2008	3.631	3.716	3.729	3.626	-3.05%
Oct 01, 2008	3.746	3.748	3.808	3.646	-2.18%
Sep 30, 2008	3.829	3.635	3.859	3.615	7.14%
Sep 29, 2008	3.574	3.784	3.856	3.570	-7.36%
Sep 26, 2008	3.858	3.850	3.865	3.776	0.10%
Sep 25, 2008	3.854	3.807	3.909	3.773	1.09%
Sep 24, 2008	3.812	3.818	3.856	3.739	0.20%
Sep 23, 2008	3.805	3.824	3.865	3.778	-1.08%
Sep 22, 2008	3.846	3.809	3.908	3.765	0.79%
Sep 19, 2008	3.816	3.546	3.837	3.546	7.52%
Sep 18, 2008	3.549	3.427	3.566	3.355	3.75%
Sep 17, 2008	3.421	3.511	3.577	3.336	-0.53%
Sep 16, 2008	3.439	3.421	3.555	3.251	1.45%
Sep 15, 2008	3.390	3.724	3.724	3.381	-8.92%
Sep 12, 2008	3.722	3.642	3.745	3.609	2.04%
Sep 11, 2008	3.648	3.631	3.655	3.563	0.30%
Sep 10, 2008	3.637	3.563	3.680	3.563	1.76%
Sep 09, 2008	3.574	3.669	3.727	3.570	-3.27%
Sep 08, 2008	3.695	3.676	3.900	3.645	-0.10%
Sep 05, 2008	3.699	3.621	3.716	3.549	1.94%
Sep 04, 2008	3.628	3.708	3.733	3.626	-2.06%
Sep 03, 2008	3.705	3.742	3.763	3.693	-0.90%
Sep 02, 2008	3.738	3.827	3.880	3.734	-2.26%
Aug 29, 2008	3.825	3.787	3.847	3.765	1.09%
Aug 28, 2008	3.784	3.767	3.834	3.763	0.50%
Aug 27, 2008	3.765	3.787	3.848	3.763	-0.40%
Aug 26, 2008	3.780	3.782	3.821	3.772	-0.15%
Aug 25, 2008	3.786	3.874	3.878	3.765	-2.29%
Aug 22, 2008	3.874	3.835	3.899	3.822	1.08%
Aug 21, 2008	3.833	3.801	3.855	3.776	0.74%
Aug 20, 2008	3.805	3.839	3.865	3.778	-0.83%
Aug 19, 2008	3.837	3.816	3.855	3.793	0.49%
Aug 18, 2008	3.818	3.846	3.867	3.807	-0.69%
Aug 15, 2008	3.844	3.895	3.918	3.826	-1.36%
Aug 14, 2008	3.897	3.945	3.970	3.878	-1.06%
Aug 13, 2008	3.939	3.911	3.970	3.873	0.97%
Aug 12, 2008	3.901	3.996	4.002	3.897	-2.43%
Aug 11, 2008	3.998	3.937	4.048	3.918	1.60%
Aug 08, 2008	3.935	3.924	3.966	3.907	0.19%
Aug 07, 2008	3.928	4.061	4.063	3.918	-3.26%
Aug 06, 2008	4.060	4.024	4.094	3.995	0.93%
Aug 05, 2008	4.022	3.966	4.034	3.960	1.33%
Aug 04, 2008	3.970	3.942	3.985	3.927	0.69%
Aug 01, 2008	3.942	3.958	4.009	3.925	-0.39%
Jul 31, 2008	3.958	4.054	4.066	3.944	-2.27%
Jul 30, 2008	4.050	4.056	4.123	4.015	0.15%
Jul 29, 2008	4.044	4.020	4.093	4.005	0.93%
Jul 28, 2008	4.007	4.107	4.115	3.997	-2.35%
Jul 25, 2008	4.103	4.012	4.119	3.979	2.61%
Jul 24, 2008	3.999	4.122	4.138	3.999	-2.95%
Jul 23, 2008	4.120	4.115	4.178	4.109	0.38%
Jul 22, 2008	4.105	4.051	4.132	4.012	1.61%
Jul 21, 2008	4.040	4.099	4.118	4.034	-1.20%
Jul 18, 2008	4.089	4.008	4.100	3.960	2.30%
Jul 17, 2008	3.997	3.940	4.063	3.925	1.48%
Jul 16, 2008	3.938	3.834	3.967	3.807	2.87%
Jul 15, 2008	3.828	3.859	3.880	3.771	-0.89%
Jul 14, 2008	3.863	3.958	4.030	3.840	-2.77%
Jul 11, 2008	3.973	3.809	3.977	3.794	4.56%
Jul 10, 2008	3.800	3.815	3.857	3.786	-0.45%
Jul 09, 2008	3.817	3.888	3.927	3.809	-1.83%
Jul 08, 2008	3.888	3.915	3.938	3.871	-0.54%
Jul 07, 2008	3.909	3.987	4.008	3.865	-1.65%
Jul 04, 2008	3.975	3.975	3.975	3.975	-0.40%
Jul 03, 2008	3.990	3.969	4.016	3.925	0.79%
Jul 02, 2008	3.959	3.998	4.041	3.954	-1.21%
Jul 01, 2008	4.008	3.967	4.010	3.899	0.83%
Jun 30, 2008	3.975	4.037	4.037	3.946	0.15%
Jun 27, 2008	3.969	4.047	4.051	3.954	-1.54%
Jun 26, 2008	4.031	4.099	4.141	4.021	-1.76%
Jun 25, 2008	4.103	4.091	4.188	4.088	0.00%
Jun 24, 2008	4.103	4.180	4.200	4.082	-1.51%
Jun 23, 2008	4.166	4.172	4.182	4.125	-0.05%
Jun 20, 2008	4.168	4.221	4.221	4.123	-0.98%
Jun 19, 2008	4.209	4.144	4.225	4.109	1.62%
Jun 18, 2008	4.142	4.207	4.233	4.132	-1.36%
Jun 17, 2008	4.199	4.277	4.277	4.187	-1.85%
Jun 16, 2008	4.279	4.259	4.279	4.211	0.42%
Jun 13, 2008	4.261	4.215	4.288	4.172	1.08%
Jun 12, 2008	4.215	4.077	4.234	4.066	3.42%
Jun 11, 2008	4.075	4.113	4.130	4.015	-0.52%
Jun 10, 2008	4.097	3.994	4.122	3.992	1.79%
Jun 09, 2008	4.025	3.919	4.040	3.892	2.45%
Jun 06, 2008	3.928	4.040	4.062	3.909	-2.86%
Jun 05, 2008	4.044	3.976	4.058	3.941	1.55%
Jun 04, 2008	3.982	3.901	3.996	3.858	2.27%
Jun 03, 2008	3.894	3.965	4.029	3.877	-1.84%
Jun 02, 2008	3.967	4.058	4.069	3.950	-2.47%
May 30, 2008	4.067	4.048	4.080	4.021	-0.28%
May 29, 2008	4.079	4.019	4.141	3.994	1.99%
May 28, 2008	3.999	3.919	4.034	3.904	2.01%
May 27, 2008	3.921	3.852	3.938	3.850	2.05%
May 26, 2008	3.842	3.842	3.842	3.842	-0.21%
May 23, 2008	3.850	3.915	3.949	3.829	-1.85%
May 22, 2008	3.923	3.829	3.963	3.814	3.04%
May 21, 2008	3.807	3.782	3.846	3.767	0.70%
May 20, 2008	3.780	3.831	3.856	3.775	-1.43%
May 19, 2008	3.835	3.850	3.892	3.810	-0.49%
May 16, 2008	3.854	3.824	3.894	3.778	0.89%
May 15, 2008	3.820	3.913	3.955	3.816	-2.52%
May 14, 2008	3.919	3.915	3.986	3.860	0.15%
May 13, 2008	3.913	3.799	3.924	3.750	3.00%
May 12, 2008	3.799	3.771	3.805	3.728	0.55%
May 09, 2008	3.779	3.780	3.794	3.726	-0.10%
May 08, 2008	3.782	3.871	3.890	3.775	-1.75%
May 07, 2008	3.849	3.922	3.956	3.842	-1.86%
May 06, 2008	3.922	3.861	3.932	3.802	1.28%
May 05, 2008	3.873	3.863	3.897	3.822	0.36%
May 02, 2008	3.859	3.773	3.885	3.714	2.40%
May 01, 2008	3.769	3.740	3.786	3.683	0.94%
Apr 30, 2008	3.734	3.806	3.857	3.728	-2.39%
Apr 29, 2008	3.825	3.829	3.845	3.773	-0.15%
Apr 28, 2008	3.831	3.874	3.906	3.823	-1.06%
Apr 25, 2008	3.872	3.827	3.918	3.827	0.98%
Apr 24, 2008	3.835	3.739	3.868	3.718	2.61%
Apr 23, 2008	3.737	3.693	3.770	3.681	1.05%
Apr 22, 2008	3.699	3.722	3.764	3.685	-0.88%
Apr 21, 2008	3.731	3.722	3.731	3.710	0.63%
Apr 18, 2008	3.708	3.733	3.854	3.698	-0.46%
Apr 17, 2008	3.725	3.714	3.768	3.665	0.31%
Apr 16, 2008	3.714	3.593	3.720	3.574	2.98%
Apr 15, 2008	3.606	3.511	3.610	3.479	2.66%
Apr 14, 2008	3.513	3.471	3.520	3.428	0.98%
Apr 11, 2008	3.479	3.537	3.547	3.452	-1.87%
Apr 10, 2008	3.545	3.483	3.556	3.443	1.85%
Apr 09, 2008	3.481	3.566	3.596	3.453	-2.34%
Apr 08, 2008	3.564	3.517	3.574	3.502	0.48%
Apr 07, 2008	3.547	3.468	3.608	3.466	2.23%
Apr 04, 2008	3.470	3.591	3.593	3.466	-3.47%
Apr 03, 2008	3.594	3.596	3.617	3.543	-0.26%
Apr 02, 2008	3.604	3.568	3.615	3.537	1.28%
Apr 01, 2008	3.558	3.428	3.581	3.415	4.02%
Mar 31, 2008	3.421	3.445	3.466	3.389	-0.60%
Mar 28, 2008	3.441	3.543	3.572	3.438	-2.35%
Mar 27, 2008	3.524	3.477	3.562	3.458	1.74%
Mar 26, 2008	3.464	3.505	3.517	3.449	-1.39%
Mar 25, 2008	3.513	3.554	3.554	3.477	-1.27%
Mar 24, 2008	3.558	3.341	3.566	3.322	6.50%
Mar 20, 2008	3.341	3.345	3.384	3.317	0.33%
Mar 19, 2008	3.330	3.470	3.503	3.328	-4.95%
Mar 18, 2008	3.503	3.326	3.503	3.308	6.27%
Mar 17, 2008	3.297	3.445	3.449	3.291	-4.88%
Mar 14, 2008	3.466	3.528	3.541	3.360	-1.70%
Mar 13, 2008	3.526	3.462	3.573	3.386	2.51%
Mar 12, 2008	3.440	3.596	3.609	3.436	-4.44%
Mar 11, 2008	3.600	3.472	3.630	3.442	3.85%
Mar 10, 2008	3.466	3.552	3.558	3.423	-2.12%
Mar 07, 2008	3.541	3.586	3.622	3.487	-1.47%
Mar 06, 2008	3.594	3.704	3.706	3.569	-2.37%
Mar 05, 2008	3.681	3.609	3.716	3.568	1.42%
Mar 04, 2008	3.630	3.558	3.638	3.504	2.13%
Mar 03, 2008	3.554	3.524	3.590	3.511	1.01%
Feb 29, 2008	3.519	3.672	3.681	3.511	-4.17%
Feb 28, 2008	3.672	3.852	3.858	3.660	-4.68%
Feb 27, 2008	3.852	3.854	3.898	3.771	-0.15%
Feb 26, 2008	3.858	3.895	3.937	3.850	-1.34%
Feb 25, 2008	3.910	3.817	3.922	3.802	2.75%
Feb 22, 2008	3.805	3.778	3.821	3.715	0.00%
