Aug 22, 2008	3.144	3.066	3.170	3.050	0.00%
Aug 25, 2008	3.048	3.142	3.144	3.024	-3.05%
Aug 26, 2008	3.045	3.041	3.089	3.016	-0.10%
Aug 27, 2008	3.017	3.053	3.123	3.014	-0.92%
Aug 28, 2008	3.056	3.026	3.111	3.020	1.29%
Aug 29, 2008	3.094	3.086	3.152	3.059	1.24%
Sep 02, 2008	2.991	3.096	3.159	2.861	-3.33%
Sep 03, 2008	2.950	3.023	3.023	2.938	-1.37%
Sep 04, 2008	2.859	2.960	2.989	2.858	-3.08%
Sep 05, 2008	2.979	2.852	3.009	2.761	4.20%
Sep 08, 2008	2.980	3.192	3.226	2.947	0.03%
Sep 09, 2008	2.855	2.968	3.045	2.852	-4.19%
Sep 10, 2008	2.906	2.840	2.980	2.838	1.79%
Sep 11, 2008	2.928	2.904	2.931	2.813	0.76%
Sep 12, 2008	2.953	2.916	3.002	2.856	0.85%
Sep 15, 2008	2.534	2.954	2.958	2.521	-14.19%
Sep 16, 2008	2.594	2.563	2.761	2.373	2.37%
Sep 17, 2008	2.527	2.682	2.773	2.462	-2.58%
Sep 18, 2008	2.630	2.527	2.679	2.351	4.08%
Sep 19, 2008	3.042	2.635	3.097	2.635	15.67%
Sep 22, 2008	3.063	3.030	3.144	2.960	0.69%
Sep 23, 2008	2.989	3.029	3.063	2.940	-2.42%
Sep 24, 2008	2.919	3.005	3.063	2.856	-2.34%
Sep 25, 2008	3.041	2.912	3.094	2.890	4.18%
Sep 26, 2008	3.057	3.013	3.081	2.939	0.53%
Sep 29, 2008	2.670	2.961	3.066	2.614	-12.66%
Sep 30, 2008	2.989	2.764	3.016	2.726	11.95%
Oct 01, 2008	2.866	2.907	2.930	2.773	-4.12%
Oct 02, 2008	2.672	2.811	2.826	2.652	-6.77%
Oct 03, 2008	2.628	2.648	2.830	2.617	-1.65%
Oct 06, 2008	2.451	2.527	2.643	2.385	-6.74%
Oct 07, 2008	2.461	2.464	2.582	2.423	0.41%
Oct 08, 2008	2.639	2.498	2.847	2.334	7.23%
Oct 09, 2008	2.692	2.771	2.832	2.654	2.01%
Oct 10, 2008	2.762	2.749	2.878	2.688	2.60%
Oct 14, 2008	3.021	3.026	3.082	2.937	9.38%
Oct 15, 2008	2.827	2.949	3.017	2.819	-6.42%
Oct 16, 2008	2.852	2.873	2.978	2.778	0.88%
Oct 17, 2008	2.837	2.845	2.930	2.746	-0.53%
Oct 20, 2008	2.798	2.859	2.879	2.786	-1.37%
Oct 21, 2008	2.658	2.742	2.789	2.592	-5.00%
Oct 22, 2008	2.529	2.576	2.631	2.524	-4.85%
Oct 23, 2008	2.629	2.515	2.654	2.490	3.95%
Oct 24, 2008	2.578	2.443	2.635	2.403	-1.94%
Oct 27, 2008	2.598	2.556	2.681	2.526	0.78%
Oct 28, 2008	2.739	2.734	2.759	2.642	5.43%
Oct 29, 2008	2.722	2.693	2.781	2.631	-0.62%
Oct 30, 2008	2.792	2.787	2.847	2.740	2.57%
Oct 31, 2008	2.812	2.758	2.853	2.703	0.72%
Nov 03, 2008	2.703	2.806	2.840	2.696	-3.88%
Nov 04, 2008	2.532	2.706	2.752	2.520	-6.33%
Nov 05, 2008	2.512	2.543	2.619	2.475	-0.79%
Nov 06, 2008	2.458	2.512	2.570	2.423	-2.15%
Nov 07, 2008	2.565	2.468	2.575	2.433	4.35%
Nov 10, 2008	2.504	2.563	2.645	2.489	-2.38%
Nov 12, 2008	2.362	2.503	2.513	2.352	-5.67%
Nov 13, 2008	2.419	2.361	2.461	2.296	2.41%
Nov 14, 2008	2.330	2.461	2.464	2.280	-3.68%
Nov 17, 2008	2.283	2.317	2.356	2.270	-2.02%
Nov 18, 2008	2.187	2.288	2.296	2.181	-4.20%
Nov 19, 2008	2.034	2.199	2.228	2.023	-7.00%
Nov 20, 2008	1.898	2.036	2.065	1.872	-6.69%
Nov 21, 2008	2.059	2.030	2.073	1.875	8.48%
Nov 24, 2008	2.205	2.039	2.237	1.986	7.09%
Nov 25, 2008	2.042	2.205	2.208	1.973	-7.39%
Nov 26, 2008	2.030	2.110	2.114	1.960	-0.59%
Nov 28, 2008	1.919	2.109	2.113	1.909	-5.47%
Dec 01, 2008	1.720	1.919	1.980	1.651	-10.37%
Dec 02, 2008	1.663	1.723	1.759	1.627	-3.31%
Dec 03, 2008	1.607	1.637	1.750	1.594	-3.37%
Dec 04, 2008	1.517	1.609	1.690	1.510	-5.60%
Dec 05, 2008	1.699	1.517	1.720	1.487	12.00%
Dec 08, 2008	1.730	1.702	1.858	1.675	1.82%
Dec 09, 2008	1.609	1.742	1.794	1.588	-6.99%
Dec 10, 2008	1.619	1.593	1.715	1.586	0.62%
Dec 11, 2008	1.555	1.640	1.645	1.531	-3.95%
Dec 12, 2008	1.517	1.549	1.718	1.407	-2.44%
Dec 15, 2008	1.493	1.526	1.613	1.465	-1.58%
Dec 16, 2008	1.306	1.496	1.570	1.281	-12.53%
Dec 17, 2008	1.387	1.304	1.390	1.190	6.20%
Dec 18, 2008	1.257	1.294	1.398	1.190	-9.37%
Dec 19, 2008	1.360	1.263	1.360	1.251	8.19%
Dec 22, 2008	1.428	1.360	1.444	1.327	5.00%
Dec 23, 2008	1.447	1.437	1.520	1.393	1.33%
Dec 24, 2008	1.552	1.520	1.585	1.464	7.26%
Dec 26, 2008	1.518	1.551	1.557	1.495	-2.19%
Dec 29, 2008	1.464	1.516	1.533	1.372	-3.56%
Dec 30, 2008	1.440	1.463	1.511	1.411	-1.64%
Dec 31, 2008	1.559	1.467	1.575	1.251	8.26%
Jan 02, 2009	1.659	1.567	1.735	1.479	6.41%
Jan 05, 2009	1.684	1.666	1.786	1.648	1.51%
Jan 06, 2009	1.659	1.694	1.805	1.518	-1.48%
Jan 07, 2009	1.669	1.671	1.735	1.649	0.60%
Jan 08, 2009	1.593	1.651	1.674	1.570	-4.55%
Jan 09, 2009	1.513	1.589	1.628	1.462	-5.02%
Jan 12, 2009	1.448	1.528	1.567	1.443	-4.30%
Jan 13, 2009	1.443	1.446	1.513	1.425	-0.35%
Jan 14, 2009	1.363	1.443	1.492	1.333	-5.54%
Jan 15, 2009	1.377	1.350	1.415	1.316	1.03%
Jan 16, 2009	1.485	1.374	1.521	1.372	7.84%
Jan 20, 2009	1.487	1.454	1.612	1.449	0.13%
Jan 21, 2009	1.619	1.488	1.620	1.487	8.88%
Jan 22, 2009	1.609	1.614	1.664	1.549	-0.62%
Jan 23, 2009	1.634	1.612	1.711	1.553	1.55%
Jan 26, 2009	1.657	1.637	1.706	1.614	1.41%
Jan 27, 2009	1.569	1.658	1.689	1.561	-5.31%
Jan 28, 2009	1.696	1.574	1.706	1.550	8.09%
Jan 29, 2009	1.837	1.699	1.905	1.686	8.31%
Jan 30, 2009	1.883	1.905	1.915	1.789	2.50%
Feb 02, 2009	1.760	1.883	1.935	1.732	-6.53%
Feb 03, 2009	1.912	1.883	1.918	1.752	8.64%
Feb 04, 2009	1.937	1.910	1.965	1.850	1.31%
Feb 05, 2009	1.903	1.941	1.945	1.852	-1.76%
Feb 06, 2009	1.965	1.903	1.972	1.849	3.26%
Feb 09, 2009	1.975	1.965	2.024	1.920	0.51%
Feb 10, 2009	1.756	1.975	1.989	1.752	-11.09%
Feb 11, 2009	1.755	1.757	1.796	1.720	-0.06%
Feb 12, 2009	1.775	1.760	1.793	1.689	1.14%
Feb 13, 2009	1.881	1.771	1.886	1.747	5.97%
Feb 17, 2009	1.667	1.881	1.881	1.648	-11.38%
Feb 18, 2009	1.816	1.664	1.841	1.646	8.94%
Feb 19, 2009	1.876	1.818	1.918	1.771	3.30%
Feb 20, 2009	1.836	1.880	1.885	1.717	-2.13%
Feb 23, 2009	1.810	1.841	1.925	1.803	-1.42%
Feb 24, 2009	1.888	1.808	1.898	1.780	4.31%
Feb 25, 2009	2.004	1.883	2.029	1.852	6.14%
Feb 26, 2009	2.080	2.006	2.120	2.006	3.79%
Feb 27, 2009	1.991	2.077	2.102	1.987	-4.28%
Mar 02, 2009	1.821	1.992	1.992	1.821	-8.54%
Mar 03, 2009	1.834	1.824	1.926	1.824	0.71%
Mar 04, 2009	1.939	1.834	2.002	1.834	5.73%
Mar 05, 2009	1.802	1.938	1.969	1.783	-7.07%
Mar 06, 2009	1.885	1.801	1.891	1.750	4.61%
Mar 09, 2009	1.883	1.888	1.949	1.850	-0.11%
Mar 10, 2009	2.008	1.882	2.011	1.880	6.64%
Mar 11, 2009	1.948	2.003	2.049	1.926	-2.99%
Mar 12, 2009	1.905	1.943	1.980	1.860	-2.21%
Mar 13, 2009	1.872	1.903	1.986	1.839	-1.73%
Mar 16, 2009	1.923	1.873	1.946	1.834	2.72%
Mar 17, 2009	1.976	1.915	1.997	1.898	2.76%
Mar 18, 2009	1.578	1.980	1.988	1.500	-20.14%
Mar 19, 2009	1.649	1.580	1.652	1.511	4.50%
Mar 20, 2009	1.647	1.640	1.665	1.589	-0.12%
Mar 23, 2009	1.676	1.645	1.706	1.645	1.76%
Mar 24, 2009	1.737	1.674	1.764	1.674	3.64%
Mar 25, 2009	1.815	1.737	1.840	1.696	4.49%
Mar 26, 2009	1.799	1.820	1.884	1.777	-0.88%
Mar 27, 2009	1.804	1.803	1.822	1.757	0.28%
Mar 30, 2009	1.732	1.804	1.804	1.726	-3.99%
Mar 31, 2009	1.668	1.732	1.765	1.659	-3.70%
Apr 01, 2009	1.642	1.668	1.700	1.641	-1.56%
Apr 02, 2009	1.773	1.642	1.777	1.642	7.98%
Apr 03, 2009	1.861	1.773	1.899	1.773	4.96%
Apr 06, 2009	1.889	1.861	1.915	1.843	1.50%
Apr 07, 2009	1.861	1.889	1.894	1.849	-1.48%
Apr 08, 2009	1.837	1.861	1.882	1.804	-1.29%
Apr 09, 2009	1.889	1.837	1.926	1.837	2.83%
Apr 13, 2009	1.811	1.892	1.902	1.783	-4.13%
Apr 14, 2009	1.725	1.813	1.823	1.705	-4.75%
Apr 15, 2009	1.709	1.729	1.758	1.691	-0.93%
Apr 16, 2009	1.780	1.712	1.791	1.700	4.15%
Apr 17, 2009	1.898	1.783	1.913	1.762	6.63%
Apr 20, 2009	1.810	1.900	1.900	1.788	-4.64%
Apr 21, 2009	1.863	1.808	1.871	1.752	2.93%
Apr 22, 2009	1.901	1.860	1.926	1.835	2.04%
Apr 23, 2009	1.883	1.901	1.948	1.876	-0.95%
Apr 24, 2009	1.949	1.887	1.957	1.868	3.51%
Apr 27, 2009	1.843	1.944	1.949	1.843	-5.44%
Apr 28, 2009	1.942	1.848	1.952	1.805	5.37%
Apr 29, 2009	2.043	1.962	2.065	1.936	5.20%
Apr 30, 2009	2.014	2.039	2.080	2.000	-1.42%
May 01, 2009	2.014	2.010	2.065	2.000	0.00%
May 04, 2009	2.029	2.016	2.052	1.992	0.74%
May 05, 2009	2.051	2.029	2.087	2.007	1.08%
May 06, 2009	2.046	2.049	2.092	2.001	-0.24%
May 07, 2009	2.175	2.069	2.178	2.049	6.30%
May 08, 2009	2.140	2.188	2.222	2.111	-1.61%
May 11, 2009	2.028	2.130	2.182	2.018	-5.23%
May 12, 2009	2.014	2.024	2.075	1.996	-0.69%
May 13, 2009	1.973	2.013	2.053	1.946	-2.04%
May 14, 2009	1.960	1.986	1.993	1.936	-0.66%
May 15, 2009	2.002	1.965	2.011	1.946	2.14%
May 18, 2009	2.106	1.983	2.112	1.965	5.19%
May 19, 2009	2.100	2.112	2.149	2.087	-0.28%
May 20, 2009	2.029	2.101	2.128	2.013	-3.38%
May 21, 2009	2.156	2.037	2.158	2.000	6.26%
May 22, 2009	2.204	2.150	2.218	2.115	2.23%
May 26, 2009	2.303	2.210	2.313	2.157	4.49%
May 27, 2009	2.439	2.293	2.444	2.273	5.91%
May 28, 2009	2.440	2.454	2.540	2.393	0.04%
May 29, 2009	2.342	2.464	2.476	2.327	-4.02%
Jun 01, 2009	2.528	2.367	2.558	2.357	7.94%
Jun 02, 2009	2.491	2.516	2.559	2.479	-1.46%
Jun 03, 2009	2.424	2.491	2.516	2.414	-2.69%
Jun 04, 2009	2.583	2.439	2.599	2.429	6.56%
Jun 05, 2009	2.834	2.572	2.857	2.566	9.72%
Jun 08, 2009	2.954	2.867	2.978	2.819	4.23%
Jun 09, 2009	2.871	2.933	2.935	2.833	-2.81%
Jun 10, 2009	2.921	2.871	2.967	2.858	1.74%
Jun 11, 2009	2.848	2.920	2.993	2.806	-2.50%
Jun 12, 2009	2.785	2.841	2.848	2.759	-2.21%
Jun 15, 2009	2.721	2.783	2.783	2.709	-2.30%
Jun 16, 2009	2.677	2.721	2.801	2.663	-1.62%
Jun 17, 2009	2.682	2.680	2.730	2.605	0.19%
Jun 18, 2009	2.825	2.699	2.860	2.667	5.33%
Jun 19, 2009	2.790	2.825	2.880	2.786	-1.24%
Jun 22, 2009	2.702	2.806	2.821	2.700	-3.15%
Jun 23, 2009	2.675	2.706	2.754	2.661	-1.00%
Jun 24, 2009	2.727	2.685	2.739	2.601	1.94%
Jun 25, 2009	2.591	2.748	2.780	2.570	-4.99%
Jun 26, 2009	2.553	2.596	2.637	2.521	-1.47%
Jun 29, 2009	2.518	2.556	2.580	2.498	-1.37%
Jun 30, 2009	2.560	2.538	2.612	2.523	1.67%
Jul 01, 2009	2.525	2.548	2.612	2.506	-1.37%
Jul 02, 2009	2.427	2.521	2.558	2.404	-3.88%
Jul 06, 2009	2.397	2.411	2.441	2.379	-1.24%
Jul 07, 2009	2.357	2.399	2.424	2.344	-1.67%
Jul 08, 2009	2.230	2.346	2.356	2.207	-5.39%
Jul 09, 2009	2.325	2.238	2.342	2.231	4.26%
Jul 10, 2009	2.216	2.322	2.324	2.184	-4.69%
Jul 13, 2009	2.260	2.226	2.270	2.168	1.99%
Jul 14, 2009	2.356	2.250	2.363	2.235	4.25%
Jul 15, 2009	2.517	2.350	2.532	2.331	6.83%
Jul 16, 2009	2.451	2.470	2.487	2.389	-2.62%
Jul 17, 2009	2.505	2.446	2.530	2.408	2.20%
Jul 20, 2009	2.458	2.512	2.581	2.422	-1.88%
Jul 21, 2009	2.347	2.464	2.510	2.295	-4.52%
Jul 22, 2009	2.395	2.345	2.412	2.308	2.05%
Jul 23, 2009	2.538	2.389	2.586	2.382	5.97%
Jul 24, 2009	2.530	2.528	2.586	2.520	-0.32%
Jul 27, 2009	2.589	2.538	2.640	2.538	2.33%
Jul 28, 2009	2.603	2.581	2.625	2.501	0.54%
Jul 29, 2009	2.635	2.592	2.714	2.550	1.23%
Jul 30, 2009	2.633	2.674	2.746	2.627	-0.08%
Jul 31, 2009	2.516	2.645	2.675	2.504	-4.44%
Aug 03, 2009	2.660	2.545	2.721	2.545	5.72%
Aug 04, 2009	2.696	2.681	2.733	2.613	1.35%
Aug 05, 2009	2.730	2.699	2.770	2.618	1.26%
Aug 06, 2009	2.709	2.721	2.755	2.672	-0.77%
Aug 07, 2009	2.823	2.721	2.871	2.687	4.21%
Aug 10, 2009	2.743	2.840	2.862	2.725	-2.83%
Aug 11, 2009	2.667	2.750	2.772	2.659	-2.77%
Aug 12, 2009	2.686	2.674	2.760	2.625	0.71%
Aug 13, 2009	2.561	2.672	2.727	2.552	-4.65%
Aug 14, 2009	2.505	2.559	2.579	2.436	-2.19%
Aug 17, 2009	2.413	2.497	2.497	2.396	-3.67%
Aug 18, 2009	2.458	2.423	2.475	2.418	1.86%
Aug 19, 2009	2.416	2.461	2.466	2.356	-1.71%
Aug 20, 2009	2.406	2.426	2.476	2.397	-0.41%
Aug 21, 2009	2.564	2.416	2.570	2.354	6.57%
Aug 24, 2009	2.483	2.552	2.594	2.473	-3.16%
Aug 25, 2009	2.445	2.481	2.520	2.440	-1.53%
Aug 26, 2009	2.442	2.437	2.472	2.428	-0.12%
Aug 27, 2009	2.482	2.475	2.536	2.443	1.64%
Aug 28, 2009	2.450	2.482	2.531	2.442	-1.29%
Aug 31, 2009	2.387	2.457	2.482	2.380	-2.57%
Sep 01, 2009	2.318	2.395	2.432	2.310	-2.89%
Sep 02, 2009	2.267	2.315	2.347	2.250	-2.20%
Sep 03, 2009	2.302	2.267	2.320	2.263	1.54%
Sep 04, 2009	2.358	2.293	2.368	2.282	2.43%
Sep 08, 2009	2.395	2.348	2.395	2.316	1.57%
Sep 09, 2009	2.372	2.385	2.429	2.356	-0.96%
Sep 10, 2009	2.286	2.373	2.393	2.268	-3.63%
Sep 11, 2009	2.301	2.295	2.308	2.229	0.66%
Sep 14, 2009	2.368	2.303	2.372	2.271	2.91%
Sep 15, 2009	2.397	2.358	2.429	2.343	1.22%
Sep 16, 2009	2.449	2.392	2.471	2.328	2.17%
Sep 17, 2009	2.366	2.434	2.476	2.363	-3.39%
Sep 18, 2009	2.456	2.376	2.471	2.350	3.80%
Sep 21, 2009	2.453	2.459	2.476	2.375	-0.12%
Sep 22, 2009	2.417	2.464	2.492	2.409	-1.47%
Sep 23, 2009	2.370	2.424	2.473	2.363	-1.94%
Sep 24, 2009	2.370	2.407	2.435	2.357	0.00%
Sep 25, 2009	2.367	2.360	2.418	2.348	-0.13%
Sep 28, 2009	2.330	2.355	2.385	2.328	-1.56%
Sep 29, 2009	2.338	2.340	2.398	2.335	0.34%
Sep 30, 2009	2.315	2.342	2.382	2.308	-0.98%
Oct 01, 2009	2.184	2.325	2.328	2.182	-5.66%
Oct 02, 2009	2.207	2.184	2.219	2.121	1.05%
Oct 05, 2009	2.207	2.199	2.218	2.162	0.00%
Oct 06, 2009	2.242	2.208	2.263	2.202	1.59%
Oct 07, 2009	2.174	2.248	2.250	2.155	-3.03%
Oct 08, 2009	2.221	2.167	2.238	2.164	2.16%
Oct 09, 2009	2.351	2.251	2.363	2.234	5.85%
Oct 13, 2009	2.286	2.316	2.321	2.246	-2.76%
Oct 14, 2009	2.336	2.298	2.368	2.283	2.19%
Oct 15, 2009	2.382	2.340	2.395	2.319	1.97%
Oct 16, 2009	2.355	2.402	2.419	2.343	-1.13%
Oct 19, 2009	2.346	2.370	2.397	2.331	-0.38%
Oct 20, 2009	2.288	2.365	2.366	2.262	-2.47%
Oct 21, 2009	2.346	2.287	2.375	2.274	2.53%
Oct 22, 2009	2.361	2.338	2.402	2.333	0.64%
Oct 23, 2009	2.449	2.380	2.454	2.375	3.73%
Oct 26, 2009	2.500	2.443	2.514	2.437	2.08%
Oct 27, 2009	2.377	2.492	2.499	2.370	-4.92%
Oct 28, 2009	2.336	2.388	2.404	2.314	-1.72%
Oct 29, 2009	2.442	2.373	2.475	2.353	4.54%
Oct 30, 2009	2.308	2.445	2.448	2.308	-5.49%
Nov 02, 2009	2.332	2.322	2.360	2.302	1.04%
Nov 03, 2009	2.352	2.328	2.378	2.282	0.86%
Nov 04, 2009	2.375	2.352	2.422	2.345	0.98%
Nov 05, 2009	2.342	2.382	2.383	2.332	-1.39%
Nov 06, 2009	2.300	2.347	2.360	2.266	-1.79%
Nov 09, 2009	2.295	2.313	2.328	2.278	-0.22%
Nov 10, 2009	2.295	2.301	2.313	2.258	0.00%
Nov 12, 2009	2.255	2.268	2.323	2.243	-1.74%
Nov 13, 2009	2.254	2.256	2.289	2.248	-0.04%
Nov 16, 2009	2.194	2.261	2.274	2.174	-2.66%
Nov 17, 2009	2.167	2.188	2.227	2.161	-1.23%
Nov 18, 2009	2.197	2.172	2.207	2.159	1.38%
Nov 19, 2009	2.149	2.189	2.207	2.134	-2.18%
Nov 20, 2009	2.180	2.154	2.185	2.105	1.44%
Nov 23, 2009	2.170	2.185	2.219	2.170	-0.46%
Nov 24, 2009	2.093	2.178	2.178	2.092	-3.55%
Nov 25, 2009	2.108	2.143	2.178	2.102	0.72%
Nov 27, 2009	2.034	2.016	2.072	1.949	-3.51%
Nov 30, 2009	2.003	2.057	2.062	1.995	-1.52%
Dec 01, 2009	2.037	2.006	2.042	1.991	1.70%
Dec 02, 2009	2.084	2.039	2.092	2.027	2.31%
Dec 03, 2009	2.125	2.093	2.177	2.087	1.97%
Dec 04, 2009	2.248	2.133	2.292	2.105	5.79%
Dec 07, 2009	2.175	2.280	2.285	2.170	-3.25%
Dec 08, 2009	2.107	2.185	2.193	2.085	-3.13%
Dec 09, 2009	2.142	2.110	2.153	2.092	1.66%
Dec 10, 2009	2.190	2.142	2.232	2.133	2.24%
Dec 11, 2009	2.254	2.188	2.287	2.180	2.92%
Dec 14, 2009	2.289	2.244	2.297	2.212	1.55%
Dec 15, 2009	2.331	2.284	2.367	2.269	1.83%
Dec 16, 2009	2.338	2.326	2.353	2.284	0.30%
Dec 17, 2009	2.217	2.330	2.331	2.210	-5.18%
Dec 18, 2009	2.278	2.210	2.281	2.209	2.75%
Dec 21, 2009	2.398	2.268	2.417	2.264	5.27%
Dec 22, 2009	2.470	2.395	2.475	2.393	3.00%
Dec 23, 2009	2.482	2.470	2.509	2.424	0.49%
Dec 24, 2009	2.539	2.484	2.543	2.464	2.30%
Dec 28, 2009	2.601	2.536	2.605	2.536	2.44%
Dec 29, 2009	2.572	2.605	2.629	2.569	-1.11%
Dec 30, 2009	2.618	2.627	2.648	2.598	1.79%
Dec 31, 2009	2.684	2.617	2.760	2.617	2.52%
Jan 04, 2010	2.637	2.713	2.746	2.633	-1.75%
Jan 05, 2010	2.564	2.637	2.640	2.549	-2.77%
Jan 06, 2010	2.591	2.566	2.625	2.558	1.05%
Jan 07, 2010	2.613	2.603	2.642	2.575	0.85%
Jan 08, 2010	2.591	2.615	2.654	2.529	-0.84%
Jan 11, 2010	2.558	2.564	2.655	2.542	-1.27%
Jan 12, 2010	2.478	2.551	2.551	2.470	-3.13%
Jan 13, 2010	2.541	2.482	2.544	2.468	2.54%
Jan 14, 2010	2.494	2.529	2.546	2.465	-1.85%
Jan 15, 2010	2.419	2.497	2.499	2.404	-3.01%
Jan 19, 2010	2.448	2.404	2.463	2.391	1.20%
Jan 20, 2010	2.414	2.449	2.454	2.394	-1.39%
Jan 21, 2010	2.352	2.416	2.453	2.347	-2.57%
Jan 22, 2010	2.336	2.354	2.373	2.328	-0.68%
Jan 25, 2010	2.363	2.362	2.382	2.348	1.16%
Jan 26, 2010	2.343	2.365	2.376	2.301	-0.85%
Jan 27, 2010	2.390	2.349	2.398	2.297	2.01%
Jan 28, 2010	2.390	2.447	2.482	2.390	0.00%
Jan 29, 2010	2.325	2.387	2.461	2.320	-2.72%
Feb 01, 2010	2.377	2.343	2.397	2.342	2.24%
Feb 02, 2010	2.360	2.384	2.397	2.350	-0.72%
Feb 03, 2010	2.407	2.368	2.410	2.363	1.99%
Feb 04, 2010	2.303	2.397	2.409	2.287	-4.32%
Feb 05, 2010	2.240	2.315	2.330	2.197	-2.74%
Feb 08, 2010	2.228	2.245	2.280	2.227	-0.54%
Feb 09, 2010	2.310	2.230	2.323	2.230	3.68%
Feb 10, 2010	2.365	2.319	2.384	2.280	2.38%
Feb 11, 2010	2.367	2.371	2.413	2.347	0.08%
Feb 12, 2010	2.332	2.372	2.376	2.314	-1.48%
Feb 16, 2010	2.305	2.330	2.366	2.292	-1.16%
Feb 17, 2010	2.386	2.319	2.405	2.310	3.51%
Feb 18, 2010	2.478	2.376	2.486	2.359	3.86%
Feb 19, 2010	2.453	2.500	2.507	2.437	-1.01%
Feb 22, 2010	2.446	2.466	2.471	2.434	-0.29%
Feb 23, 2010	2.349	2.451	2.456	2.344	-3.97%
Feb 24, 2010	2.356	2.358	2.378	2.319	0.30%
Feb 25, 2010	2.327	2.408	2.410	2.323	-1.23%
Feb 26, 2010	2.305	2.335	2.350	2.277	-0.95%
Mar 01, 2010	2.284	2.317	2.328	2.275	-0.91%
Mar 02, 2010	2.265	2.293	2.322	2.263	-0.83%
Mar 03, 2010	2.268	2.270	2.308	2.260	0.13%
Mar 04, 2010	2.275	2.270	2.317	2.240	0.31%
Mar 05, 2010	2.345	2.275	2.373	2.265	3.08%
Mar 08, 2010	2.370	2.350	2.380	2.343	1.07%
Mar 09, 2010	2.338	2.363	2.363	2.320	-1.35%
Mar 10, 2010	2.382	2.340	2.392	2.328	1.88%
Mar 11, 2010	2.417	2.388	2.424	2.370	1.47%
Mar 12, 2010	2.410	2.425	2.488	2.387	-0.29%
Mar 15, 2010	2.400	2.415	2.434	2.388	-0.41%
Mar 16, 2010	2.355	2.402	2.420	2.336	-1.87%
Mar 17, 2010	2.363	2.353	2.382	2.346	0.34%
Mar 18, 2010	2.415	2.370	2.419	2.346	2.20%
Mar 19, 2010	2.456	2.420	2.464	2.400	1.70%
Mar 22, 2010	2.409	2.451	2.475	2.398	-1.91%
Mar 23, 2010	2.420	2.415	2.422	2.382	0.46%
Mar 24, 2010	2.587	2.415	2.604	2.409	6.90%
Mar 25, 2010	2.641	2.624	2.693	2.599	2.09%
Mar 26, 2010	2.594	2.632	2.670	2.589	-1.78%
Mar 29, 2010	2.602	2.614	2.634	2.579	0.31%
Mar 30, 2010	2.601	2.599	2.632	2.584	-0.04%
Mar 31, 2010	2.554	2.607	2.618	2.547	-1.81%
Apr 01, 2010	2.592	2.567	2.597	2.547	1.49%
Apr 02, 2010	2.663	2.596	2.675	2.559	2.74%
Apr 05, 2010	2.738	2.663	2.757	2.660	2.82%
Apr 06, 2010	2.701	2.723	2.734	2.687	-1.35%
Apr 07, 2010	2.603	2.702	2.702	2.601	-3.63%
Apr 08, 2010	2.636	2.613	2.641	2.577	1.27%
Apr 09, 2010	2.628	2.638	2.681	2.623	-0.30%
Apr 12, 2010	2.589	2.665	2.681	2.578	-1.48%
Apr 13, 2010	2.581	2.593	2.599	2.542	-0.31%
Apr 14, 2010	2.599	2.584	2.606	2.557	0.70%
Apr 15, 2010	2.550	2.601	2.615	2.547	-1.89%
Apr 16, 2010	2.471	2.547	2.549	2.454	-3.10%
Apr 19, 2010	2.520	2.436	2.523	2.434	1.98%
Apr 20, 2010	2.540	2.512	2.566	2.508	0.79%
Apr 21, 2010	2.498	2.540	2.563	2.490	-1.65%
Apr 22, 2010	2.539	2.500	2.551	2.453	1.64%
Apr 23, 2010	2.591	2.530	2.609	2.522	2.05%
Apr 26, 2010	2.568	2.600	2.615	2.549	-0.89%
Apr 27, 2010	2.425	2.563	2.568	2.408	-5.57%
Apr 28, 2010	2.502	2.424	2.529	2.385	3.18%
Apr 29, 2010	2.488	2.507	2.560	2.485	-0.56%
Apr 30, 2010	2.418	2.485	2.508	2.410	-2.81%
May 03, 2010	2.460	2.421	2.481	2.416	1.74%
May 04, 2010	2.380	2.458	2.492	2.365	-3.25%
May 05, 2010	2.300	2.376	2.396	2.240	-3.36%
May 06, 2010	2.164	2.301	2.338	1.987	-5.91%
May 07, 2010	2.170	2.156	2.288	2.060	0.28%
May 10, 2010	2.266	2.240	2.359	2.234	4.42%
May 11, 2010	2.238	2.254	2.289	2.178	-1.24%
May 12, 2010	2.277	2.231	2.287	2.199	1.74%
May 13, 2010	2.247	2.281	2.314	2.246	-1.32%
May 14, 2010	2.156	2.237	2.259	2.121	-4.05%
May 17, 2010	2.200	2.157	2.205	2.093	2.04%
May 18, 2010	2.071	2.185	2.215	2.063	-5.86%
May 19, 2010	2.124	2.041	2.128	2.038	2.56%
May 20, 2010	1.986	2.125	2.130	1.960	-6.50%
May 21, 2010	2.027	2.000	2.036	1.893	2.06%
May 24, 2010	1.992	2.030	2.030	1.956	-1.73%
May 25, 2010	1.980	1.989	1.992	1.855	-0.60%
May 26, 2010	2.024	2.005	2.112	1.972	2.22%
May 27, 2010	2.198	2.057	2.203	2.052	8.60%
May 28, 2010	2.099	2.188	2.188	2.090	-4.50%
Jun 01, 2010	2.059	2.118	2.118	2.021	-1.91%
Jun 02, 2010	2.137	2.069	2.145	2.054	3.79%
Jun 03, 2010	2.151	2.132	2.211	2.120	0.66%
Jun 04, 2010	1.989	2.157	2.160	1.973	-7.53%
Jun 07, 2010	1.935	1.953	2.019	1.927	-2.71%
Jun 08, 2010	1.982	1.953	1.994	1.931	2.43%
Jun 09, 2010	1.974	1.992	2.032	1.964	-0.40%
Jun 10, 2010	2.113	1.986	2.118	1.969	7.04%
Jun 11, 2010	2.025	2.108	2.112	2.010	-4.16%
Jun 14, 2010	2.040	2.052	2.112	2.028	0.74%
Jun 15, 2010	2.083	2.042	2.098	2.005	2.11%
Jun 16, 2010	2.050	2.085	2.092	2.013	-1.58%
Jun 17, 2010	1.988	2.038	2.078	1.972	-3.02%
Jun 18, 2010	2.015	2.000	2.030	1.983	1.36%
Jun 21, 2010	2.030	2.071	2.103	2.016	0.74%
Jun 22, 2010	1.968	2.033	2.053	1.953	-3.05%
Jun 23, 2010	1.925	1.965	1.980	1.900	-2.18%
Jun 24, 2010	1.948	1.954	1.966	1.893	1.19%
Jun 25, 2010	1.903	1.947	1.966	1.882	-2.31%
Jun 28, 2010	1.824	1.891	1.911	1.819	-4.15%
Jun 29, 2010	1.770	1.839	1.840	1.762	-2.96%
Jun 30, 2010	1.778	1.770	1.831	1.747	0.45%
Jul 01, 2010	1.811	1.786	1.814	1.744	1.86%
Jul 02, 2010	1.817	1.808	1.855	1.770	0.33%
Jul 06, 2010	1.762	1.760	1.827	1.748	-3.03%
Jul 07, 2010	1.781	1.763	1.789	1.734	1.08%
Jul 08, 2010	1.816	1.786	1.842	1.775	1.97%
Jul 09, 2010	1.840	1.811	1.849	1.804	1.32%
Jul 12, 2010	1.849	1.835	1.849	1.797	0.49%
Jul 13, 2010	1.897	1.844	1.910	1.804	2.60%
Jul 14, 2010	1.812	1.906	1.908	1.802	-4.48%
Jul 15, 2010	1.759	1.804	1.842	1.728	-2.92%
Jul 16, 2010	1.670	1.759	1.769	1.665	-5.06%
Jul 19, 2010	1.703	1.675	1.716	1.667	1.98%
Jul 20, 2010	1.688	1.706	1.721	1.640	-0.88%
Jul 21, 2010	1.643	1.686	1.703	1.624	-2.67%
Jul 22, 2010	1.676	1.640	1.706	1.625	2.01%
Jul 23, 2010	1.735	1.688	1.742	1.660	3.52%
Jul 26, 2010	1.732	1.729	1.773	1.717	-0.17%
Jul 27, 2010	1.792	1.737	1.797	1.720	3.46%
Jul 28, 2010	1.697	1.783	1.793	1.697	-5.30%
Jul 29, 2010	1.670	1.734	1.748	1.652	-1.59%
Jul 30, 2010	1.598	1.660	1.666	1.593	-4.31%
Aug 02, 2010	1.642	1.613	1.645	1.601	2.75%
Aug 03, 2010	1.554	1.631	1.631	1.533	-5.36%
Aug 04, 2010	1.614	1.559	1.625	1.521	3.86%
Aug 05, 2010	1.568	1.606	1.640	1.562	-2.85%
Aug 06, 2010	1.506	1.575	1.594	1.488	-3.95%
Aug 09, 2010	1.529	1.510	1.537	1.487	1.53%
Aug 10, 2010	1.452	1.532	1.566	1.441	-5.04%
Aug 11, 2010	1.436	1.444	1.451	1.391	-1.10%
Aug 12, 2010	1.481	1.428	1.486	1.421	3.13%
Aug 13, 2010	1.455	1.488	1.494	1.439	-1.76%
Aug 16, 2010	1.382	1.448	1.463	1.380	-5.02%
Aug 17, 2010	1.430	1.396	1.453	1.395	3.47%
Aug 18, 2010	1.438	1.433	1.454	1.401	0.56%
Aug 19, 2010	1.397	1.436	1.484	1.370	-2.85%
Aug 20, 2010	1.452	1.405	1.457	1.351	3.94%
Aug 23, 2010	1.414	1.454	1.465	1.410	-2.62%
Aug 24, 2010	1.317	1.411	1.414	1.307	-6.86%
Aug 25, 2010	1.380	1.328	1.396	1.278	4.78%
Aug 26, 2010	1.381	1.406	1.419	1.355	0.07%
Aug 27, 2010	1.494	1.378	1.515	1.368	8.18%
Aug 30, 2010	1.386	1.496	1.504	1.378	-7.23%
Aug 31, 2010	1.331	1.393	1.399	1.329	-3.97%
Sep 01, 2010	1.404	1.346	1.452	1.344	5.48%
Sep 02, 2010	1.426	1.404	1.449	1.391	1.57%
Sep 03, 2010	1.482	1.424	1.538	1.418	3.93%
Sep 07, 2010	1.403	1.459	1.477	1.400	-5.33%
Sep 08, 2010	1.456	1.406	1.472	1.375	3.78%
Sep 09, 2010	1.560	1.454	1.570	1.425	7.14%
Sep 10, 2010	1.582	1.550	1.612	1.535	1.41%
Sep 13, 2010	1.517	1.612	1.627	1.494	-4.11%
Sep 14, 2010	1.442	1.524	1.526	1.420	-4.94%
Sep 15, 2010	1.445	1.440	1.470	1.396	0.21%
Sep 16, 2010	1.465	1.450	1.491	1.406	1.38%
Sep 17, 2010	1.442	1.465	1.512	1.416	-1.57%
Sep 20, 2010	1.414	1.441	1.462	1.408	-1.94%
Sep 21, 2010	1.302	1.409	1.426	1.299	-7.92%
Sep 22, 2010	1.314	1.296	1.325	1.265	0.92%
Sep 23, 2010	1.321	1.312	1.329	1.258	0.53%
Sep 24, 2010	1.349	1.307	1.362	1.293	2.12%
Sep 27, 2010	1.289	1.344	1.349	1.270	-4.45%
Sep 28, 2010	1.232	1.296	1.308	1.225	-4.42%
Sep 29, 2010	1.281	1.263	1.295	1.252	3.98%
Sep 30, 2010	1.273	1.276	1.365	1.252	-0.62%
Oct 01, 2010	1.260	1.279	1.320	1.255	-1.02%
Oct 04, 2010	1.229	1.250	1.258	1.211	-2.46%
Oct 05, 2010	1.196	1.226	1.230	1.192	-2.69%
Oct 06, 2010	1.164	1.196	1.198	1.124	-2.68%
Oct 07, 2010	1.129	1.159	1.172	1.120	-3.01%
Oct 08, 2010	1.106	1.129	1.167	1.074	-2.04%
Oct 12, 2010	1.138	1.106	1.140	1.073	2.89%
Oct 13, 2010	1.122	1.135	1.172	1.115	-1.41%
Oct 14, 2010	1.178	1.125	1.199	1.114	4.99%
Oct 15, 2010	1.188	1.173	1.199	1.118	0.85%
Oct 18, 2010	1.129	1.172	1.186	1.112	-4.97%
Oct 19, 2010	1.103	1.123	1.159	1.079	-2.30%
Oct 20, 2010	1.102	1.102	1.128	1.071	-0.09%
Oct 21, 2010	1.136	1.102	1.141	1.095	3.09%
Oct 22, 2010	1.152	1.128	1.162	1.121	1.41%
Oct 25, 2010	1.176	1.150	1.184	1.110	2.08%
Oct 26, 2010	1.253	1.171	1.257	1.168	6.55%
Oct 27, 2010	1.316	1.248	1.321	1.242	5.03%
Oct 28, 2010	1.240	1.329	1.341	1.222	-5.78%
Oct 29, 2010	1.169	1.242	1.243	1.166	-5.73%
Nov 01, 2010	1.168	1.197	1.198	1.145	-0.09%
Nov 02, 2010	1.159	1.166	1.177	1.143	-0.77%
Nov 03, 2010	1.111	1.160	1.226	1.087	-4.14%
Nov 04, 2010	1.032	1.094	1.095	1.016	-7.11%
Nov 05, 2010	1.096	1.039	1.109	1.027	6.20%
Nov 08, 2010	1.122	1.085	1.133	1.069	2.37%
Nov 09, 2010	1.250	1.109	1.270	1.095	11.41%
Nov 10, 2010	1.209	1.232	1.353	1.200	-3.28%
Nov 12, 2010	1.363	1.240	1.383	1.199	12.74%
Nov 15, 2010	1.524	1.355	1.538	1.350	11.81%
Nov 16, 2010	1.458	1.521	1.551	1.445	-4.33%
Nov 17, 2010	1.470	1.486	1.500	1.419	0.82%
Nov 18, 2010	1.502	1.463	1.561	1.460	2.18%
Nov 19, 2010	1.524	1.497	1.530	1.467	1.46%
Nov 22, 2010	1.423	1.542	1.548	1.416	-6.63%
Nov 23, 2010	1.401	1.436	1.461	1.353	-1.55%
Nov 24, 2010	1.567	1.525	1.587	1.412	11.85%
Nov 26, 2010	1.531	1.564	1.584	1.492	-2.30%
Nov 29, 2010	1.505	1.549	1.564	1.482	-1.70%
Nov 30, 2010	1.466	1.508	1.510	1.422	-2.59%
Dec 01, 2010	1.640	1.473	1.651	1.464	11.87%
Dec 02, 2010	1.676	1.622	1.709	1.612	2.20%
Dec 03, 2010	1.617	1.668	1.730	1.525	-3.52%
Dec 06, 2010	1.516	1.584	1.593	1.514	-6.25%
Dec 07, 2010	1.729	1.537	1.760	1.529	14.05%
Dec 08, 2010	1.882	1.727	1.934	1.722	8.85%
Dec 09, 2010	1.896	1.862	1.913	1.819	0.74%
Dec 10, 2010	1.989	1.894	1.998	1.846	4.91%
Dec 13, 2010	1.880	1.979	2.093	1.877	-5.48%
Dec 14, 2010	2.075	1.875	2.085	1.869	10.37%
Dec 15, 2010	2.123	2.071	2.135	1.980	2.31%
Dec 16, 2010	2.028	2.102	2.162	2.024	-4.47%
Dec 17, 2010	1.963	2.040	2.048	1.931	-3.21%
Dec 20, 2010	1.953	1.968	1.973	1.880	-0.51%
Dec 21, 2010	1.948	1.955	2.004	1.918	-0.26%
Dec 22, 2010	2.005	1.957	2.028	1.942	2.93%
Dec 23, 2010	2.059	2.004	2.078	2.004	2.69%
Dec 27, 2010	2.023	2.071	2.146	2.022	-1.75%
Dec 28, 2010	2.147	2.042	2.161	1.995	6.13%
Dec 29, 2010	2.036	2.178	2.188	2.016	-5.17%
Dec 30, 2010	2.066	2.037	2.120	2.018	1.47%
Dec 31, 2010	2.008	2.066	2.077	1.999	-2.81%
Jan 03, 2011	2.011	2.014	2.112	1.993	0.15%
Jan 04, 2011	2.016	2.011	2.044	1.953	0.25%
Jan 05, 2011	2.133	2.019	2.168	1.968	5.80%
Jan 06, 2011	2.070	2.132	2.138	2.057	-2.95%
Jan 07, 2011	1.966	2.073	2.110	1.926	-5.02%
Jan 10, 2011	1.915	2.017	2.078	1.913	-2.59%
Jan 11, 2011	1.966	1.918	1.979	1.893	2.66%
Jan 12, 2011	1.980	1.964	2.045	1.949	0.71%
Jan 13, 2011	1.903	1.982	1.994	1.895	-3.89%
Jan 14, 2011	1.921	1.908	1.955	1.859	0.95%
Jan 18, 2011	1.955	1.896	2.003	1.876	1.77%
Jan 19, 2011	1.932	1.958	1.985	1.924	-1.18%
Jan 20, 2011	2.053	1.937	2.063	1.917	6.26%
Jan 21, 2011	2.013	2.046	2.076	2.006	-1.95%
Jan 24, 2011	2.008	2.021	2.053	1.985	-0.25%
Jan 25, 2011	1.940	2.013	2.029	1.913	-3.39%
Jan 26, 2011	1.988	1.954	2.018	1.951	2.47%
Jan 27, 2011	1.988	2.025	2.088	1.979	0.00%
Jan 28, 2011	1.924	1.997	2.043	1.905	-3.22%
Jan 31, 2011	1.946	1.898	1.975	1.896	1.14%
Feb 01, 2011	2.017	1.942	2.046	1.942	3.65%
Feb 02, 2011	2.098	2.020	2.111	1.993	4.02%
Feb 03, 2011	2.174	2.101	2.188	2.086	3.62%
Feb 04, 2011	2.265	2.174	2.305	2.146	4.19%
Feb 07, 2011	2.272	2.269	2.339	2.262	0.31%
Feb 08, 2011	2.400	2.269	2.404	2.262	5.63%
Feb 09, 2011	2.329	2.409	2.424	2.303	-2.96%
Feb 10, 2011	2.394	2.340	2.406	2.296	2.79%
Feb 11, 2011	2.359	2.396	2.396	2.302	-1.46%
Feb 14, 2011	2.361	2.359	2.390	2.335	0.08%
Feb 15, 2011	2.327	2.369	2.415	2.322	-1.44%
Feb 16, 2011	2.354	2.337	2.385	2.299	1.16%
Feb 17, 2011	2.273	2.356	2.356	2.253	-3.44%
Feb 18, 2011	2.271	2.277	2.333	2.262	-0.09%
Feb 22, 2011	2.139	2.225	2.228	2.129	-5.81%
Feb 23, 2011	2.171	2.151	2.188	2.111	1.50%
Feb 24, 2011	2.198	2.211	2.211	2.140	1.24%
Feb 25, 2011	2.163	2.206	2.215	2.160	-1.59%
Feb 28, 2011	2.137	2.163	2.166	2.125	-1.20%
Mar 01, 2011	2.107	2.155	2.208	2.099	-1.40%
Mar 02, 2011	2.175	2.107	2.176	2.082	3.23%
Mar 03, 2011	2.283	2.176	2.303	2.168	4.97%
Mar 04, 2011	2.183	2.290	2.345	2.165	-4.38%
Mar 07, 2011	2.197	2.193	2.232	2.145	0.64%
Mar 08, 2011	2.213	2.197	2.237	2.167	0.73%
Mar 09, 2011	2.147	2.217	2.222	2.120	-2.98%
Mar 10, 2011	2.030	2.152	2.157	2.029	-5.45%
Mar 11, 2011	2.053	2.042	2.077	1.995	1.13%
Mar 14, 2011	1.982	2.029	2.058	1.931	-3.46%
Mar 15, 2011	1.960	1.967	1.988	1.807	-1.11%
Mar 16, 2011	1.856	1.967	2.005	1.802	-5.31%
Mar 17, 2011	1.914	1.820	1.959	1.815	3.12%
Mar 18, 2011	1.932	1.926	1.967	1.879	0.94%
Mar 21, 2011	2.023	1.987	2.066	1.945	4.71%
Mar 22, 2011	2.040	2.033	2.078	2.016	0.84%
Mar 23, 2011	2.043	2.040	2.063	1.990	0.15%
Mar 24, 2011	2.115	2.041	2.125	2.018	3.52%
Mar 25, 2011	2.155	2.120	2.185	2.086	1.89%
Mar 28, 2011	2.179	2.185	2.221	2.160	1.11%
Mar 29, 2011	2.231	2.172	2.245	2.162	2.39%
Mar 30, 2011	2.205	2.257	2.287	2.205	-1.17%
Mar 31, 2011	2.272	2.214	2.273	2.175	3.04%
Apr 01, 2011	2.242	2.282	2.353	2.238	-1.32%
Apr 04, 2011	2.187	2.240	2.252	2.170	-2.45%
Apr 05, 2011	2.272	2.220	2.282	2.177	3.89%
Apr 06, 2011	2.318	2.268	2.323	2.253	2.02%
Apr 07, 2011	2.277	2.327	2.340	2.252	-1.77%
Apr 08, 2011	2.313	2.287	2.352	2.282	1.58%
Apr 11, 2011	2.320	2.340	2.342	2.282	0.30%
Apr 12, 2011	2.201	2.313	2.315	2.190	-5.13%
Apr 13, 2011	2.170	2.220	2.252	2.168	-1.41%
Apr 14, 2011	2.230	2.181	2.230	2.125	2.76%
Apr 15, 2011	2.125	2.225	2.230	2.111	-4.71%
Apr 18, 2011	2.073	2.115	2.145	2.046	-2.45%
Apr 19, 2011	2.064	2.068	2.109	2.048	-0.43%
Apr 20, 2011	2.116	2.081	2.124	2.076	2.52%
Apr 21, 2011	2.109	2.128	2.139	2.089	-0.33%
Apr 25, 2011	2.067	2.117	2.158	2.062	-1.99%
Apr 26, 2011	2.012	2.067	2.082	2.010	-2.66%
Apr 27, 2011	2.017	2.022	2.097	2.009	0.25%
Apr 28, 2011	2.005	2.055	2.055	1.982	-0.59%
Apr 29, 2011	1.972	2.000	2.025	1.964	-1.65%
May 02, 2011	1.969	1.979	2.010	1.934	-0.15%
May 03, 2011	1.949	1.974	1.977	1.937	-1.02%
May 04, 2011	1.937	1.952	1.988	1.914	-0.62%
May 05, 2011	1.881	1.941	1.950	1.873	-2.89%
May 06, 2011	1.858	1.889	1.959	1.837	-1.22%
May 09, 2011	1.848	1.891	1.899	1.828	-0.54%
May 10, 2011	1.915	1.851	1.916	1.843	3.63%
May 11, 2011	1.851	1.916	1.942	1.841	-3.34%
May 12, 2011	1.874	1.851	1.902	1.823	1.24%
May 13, 2011	1.833	1.882	1.897	1.791	-2.19%
May 16, 2011	1.803	1.816	1.851	1.800	-1.64%
May 17, 2011	1.783	1.796	1.834	1.760	-1.11%
May 18, 2011	1.847	1.796	1.857	1.766	3.59%
May 19, 2011	1.826	1.855	1.918	1.822	-1.14%
May 20, 2011	1.796	1.834	1.836	1.791	-1.64%
May 23, 2011	1.781	1.786	1.794	1.731	-0.84%
May 24, 2011	1.776	1.776	1.825	1.771	-0.28%
May 25, 2011	1.762	1.781	1.787	1.749	-0.79%
May 26, 2011	1.727	1.809	1.839	1.722	-1.99%
May 27, 2011	1.719	1.719	1.758	1.702	-0.46%
May 31, 2011	1.698	1.704	1.760	1.678	-1.22%
Jun 01, 2011	1.595	1.709	1.717	1.587	-6.07%
Jun 02, 2011	1.650	1.601	1.658	1.588	3.45%
Jun 03, 2011	1.599	1.642	1.645	1.542	-3.09%
Jun 06, 2011	1.594	1.599	1.637	1.586	-0.31%
Jun 07, 2011	1.570	1.596	1.642	1.558	-1.51%
Jun 08, 2011	1.500	1.580	1.586	1.493	-4.46%
Jun 09, 2011	1.588	1.514	1.601	1.495	5.87%
Jun 10, 2011	1.563	1.588	1.592	1.532	-1.57%
Jun 13, 2011	1.579	1.566	1.620	1.541	1.02%
Jun 14, 2011	1.691	1.582	1.696	1.574	7.09%
Jun 15, 2011	1.548	1.677	1.687	1.531	-8.46%
Jun 16, 2011	1.523	1.551	1.567	1.450	-1.61%
Jun 17, 2011	1.526	1.539	1.577	1.506	0.20%
Jun 20, 2011	1.532	1.524	1.559	1.480	0.39%
Jun 21, 2011	1.547	1.547	1.572	1.526	0.98%
Jun 22, 2011	1.540	1.555	1.560	1.488	-0.45%
Jun 23, 2011	1.455	1.529	1.539	1.427	-5.52%
Jun 24, 2011	1.375	1.483	1.489	1.370	-5.50%
Jun 27, 2011	1.448	1.385	1.459	1.355	5.31%
Jun 28, 2011	1.587	1.446	1.611	1.430	9.60%
Jun 29, 2011	1.696	1.631	1.731	1.613	6.87%
Jun 30, 2011	1.764	1.682	1.815	1.655	4.01%
Jul 01, 2011	1.789	1.767	1.844	1.738	1.42%
Jul 05, 2011	1.681	1.776	1.780	1.677	-6.04%
Jul 06, 2011	1.666	1.690	1.717	1.621	-0.89%
Jul 07, 2011	1.725	1.671	1.760	1.661	3.54%
Jul 08, 2011	1.574	1.732	1.782	1.546	-8.75%
Jul 11, 2011	1.479	1.559	1.584	1.464	-6.04%
Jul 12, 2011	1.439	1.487	1.507	1.371	-2.70%
Jul 13, 2011	1.439	1.441	1.521	1.434	0.00%
Jul 14, 2011	1.500	1.472	1.505	1.429	4.24%
Jul 15, 2011	1.441	1.497	1.516	1.433	-3.93%
Jul 18, 2011	1.429	1.441	1.492	1.405	-0.83%
Jul 19, 2011	1.429	1.436	1.490	1.421	0.00%
Jul 20, 2011	1.475	1.452	1.488	1.447	3.22%
Jul 21, 2011	1.546	1.505	1.579	1.454	4.81%
Jul 22, 2011	1.508	1.541	1.548	1.493	-2.46%
Jul 25, 2011	1.530	1.510	1.554	1.475	1.46%
Jul 26, 2011	1.482	1.520	1.571	1.467	-3.14%
Jul 27, 2011	1.523	1.497	1.543	1.459	2.77%
Jul 28, 2011	1.529	1.541	1.565	1.502	0.39%
Jul 29, 2011	1.351	1.549	1.549	1.344	-11.64%
Aug 01, 2011	1.327	1.383	1.422	1.278	-1.78%
Aug 02, 2011	1.217	1.327	1.327	1.211	-8.29%
Aug 03, 2011	1.257	1.214	1.265	1.185	3.29%
Aug 04, 2011	1.090	1.262	1.286	1.085	-13.29%
Aug 05, 2011	1.255	1.120	1.297	1.068	15.14%
Aug 08, 2011	1.081	1.219	1.247	1.060	-13.86%
Aug 09, 2011	1.012	1.065	1.065	1.012	-6.38%
Aug 10, 2011	0.910	0.963	1.027	0.864	-10.08%
Aug 11, 2011	1.009	0.926	1.028	0.905	10.88%
Aug 12, 2011	0.962	1.010	1.013	0.931	-4.66%
Aug 15, 2011	0.988	0.970	0.995	0.937	2.70%
Aug 16, 2011	0.934	0.995	1.001	0.915	-5.47%
Aug 17, 2011	0.911	0.932	0.956	0.902	-2.46%
Aug 18, 2011	0.881	0.922	0.926	0.792	-3.29%
Aug 19, 2011	0.894	0.871	0.940	0.855	1.48%
Aug 22, 2011	0.922	0.897	0.958	0.896	3.13%
Aug 23, 2011	0.949	0.921	0.973	0.885	2.93%
Aug 24, 2011	1.018	0.956	1.031	0.917	7.27%
Aug 25, 2011	0.995	1.045	1.055	0.955	-2.26%
Aug 26, 2011	0.941	0.986	0.995	0.891	-5.43%
Aug 29, 2011	0.994	0.946	1.026	0.942	5.63%
Aug 30, 2011	0.929	0.979	0.994	0.905	-6.54%
Aug 31, 2011	0.970	0.918	0.976	0.899	4.41%
Sep 01, 2011	0.897	0.957	0.992	0.896	-7.53%
Sep 02, 2011	0.868	0.909	0.917	0.836	-3.23%
Sep 06, 2011	0.886	0.836	0.902	0.820	2.07%
Sep 07, 2011	0.915	0.899	0.936	0.887	3.27%
Sep 08, 2011	0.863	0.915	0.916	0.860	-5.68%
Sep 09, 2011	0.802	0.878	0.894	0.796	-7.07%
Sep 12, 2011	0.865	0.804	0.879	0.786	7.86%
Sep 13, 2011	0.885	0.860	0.905	0.834	2.31%
Sep 14, 2011	0.892	0.890	0.916	0.844	0.79%
Sep 15, 2011	0.942	0.889	0.987	0.877	5.61%
Sep 16, 2011	0.921	0.929	0.969	0.911	-2.23%
Sep 19, 2011	0.846	0.921	0.921	0.817	-8.14%
Sep 20, 2011	0.838	0.834	0.877	0.824	-0.95%
Sep 21, 2011	0.846	0.854	0.916	0.804	0.95%
Sep 22, 2011	0.780	0.841	0.845	0.769	-7.80%
Sep 23, 2011	0.860	0.780	0.877	0.762	10.26%
Sep 26, 2011	0.907	0.894	0.917	0.843	5.47%
Sep 27, 2011	0.946	0.898	0.974	0.886	4.30%
Sep 28, 2011	0.938	0.943	1.008	0.924	-0.85%
Sep 29, 2011	1.002	0.952	1.013	0.949	6.82%
Sep 30, 2011	0.955	0.994	0.998	0.931	-4.69%
Oct 03, 2011	0.849	0.961	0.963	0.848	-11.10%
Oct 04, 2011	0.904	0.868	0.921	0.843	6.48%
Oct 05, 2011	0.950	0.913	0.968	0.897	5.09%
Oct 06, 2011	1.005	0.942	1.016	0.934	5.79%
Oct 07, 2011	1.081	0.998	1.097	0.992	7.56%
Oct 11, 2011	1.139	1.169	1.169	1.105	5.37%
Oct 12, 2011	1.149	1.131	1.208	1.109	0.88%
Oct 13, 2011	1.101	1.143	1.156	1.047	-4.18%
Oct 14, 2011	1.119	1.083	1.148	1.076	1.63%
Oct 17, 2011	1.063	1.117	1.158	1.054	-5.00%
Oct 18, 2011	1.058	1.063	1.083	1.007	-0.47%
Oct 19, 2011	1.041	1.055	1.089	1.020	-1.61%
Oct 20, 2011	1.058	1.062	1.088	1.003	1.63%
Oct 21, 2011	1.063	1.065	1.108	1.042	0.47%
Oct 24, 2011	1.088	1.052	1.103	1.046	2.35%
Oct 25, 2011	0.987	1.088	1.124	0.982	-9.28%
Oct 26, 2011	1.065	0.993	1.077	0.993	7.90%
Oct 27, 2011	1.195	1.087	1.221	1.069	12.21%
Oct 28, 2011	1.135	1.212	1.212	1.108	-5.02%
Oct 31, 2011	0.966	1.114	1.118	0.958	-14.89%
Nov 01, 2011	0.909	0.979	0.992	0.880	-5.90%
Nov 02, 2011	0.888	0.899	0.953	0.880	-2.31%
Nov 03, 2011	0.921	0.888	0.941	0.851	3.72%
Nov 04, 2011	0.883	0.923	0.960	0.870	-4.13%
Nov 07, 2011	0.889	0.899	0.905	0.839	0.68%
Nov 08, 2011	0.926	0.889	0.932	0.865	4.16%
Nov 09, 2011	0.870	0.931	0.931	0.839	-6.05%
Nov 10, 2011	0.910	0.876	0.948	0.860	4.60%
Nov 11, 2011	0.910	0.910	0.910	0.910	0.00%
Nov 14, 2011	0.898	0.966	0.969	0.884	-1.32%
Nov 15, 2011	0.908	0.908	0.919	0.861	1.11%
Nov 16, 2011	0.882	0.901	0.914	0.868	-2.86%
Nov 17, 2011	0.866	0.876	0.927	0.856	-1.81%
Nov 18, 2011	0.914	0.861	0.932	0.853	5.54%
Nov 21, 2011	0.909	0.913	0.916	0.883	-0.55%
Nov 22, 2011	0.875	0.896	0.929	0.869	-3.74%
Nov 23, 2011	0.880	0.896	0.933	0.875	0.57%
Nov 25, 2011	0.934	0.875	0.939	0.875	6.14%
Nov 28, 2011	0.921	0.970	1.007	0.910	-1.39%
Nov 29, 2011	0.925	0.933	0.978	0.913	0.43%
Nov 30, 2011	0.957	0.928	1.008	0.907	3.46%
Dec 01, 2011	0.960	0.959	0.988	0.933	0.31%
Dec 02, 2011	0.915	0.968	1.020	0.914	-4.69%
Dec 05, 2011	0.930	0.946	0.975	0.925	1.64%
Dec 06, 2011	0.941	0.949	0.965	0.922	1.18%
Dec 07, 2011	0.889	0.946	0.964	0.873	-5.53%
Dec 08, 2011	0.838	0.894	0.933	0.835	-5.74%
Dec 09, 2011	0.889	0.846	0.894	0.828	6.09%
Dec 12, 2011	0.862	0.894	0.894	0.841	-3.04%
Dec 13, 2011	0.851	0.865	0.894	0.831	-1.28%
Dec 14, 2011	0.854	0.857	0.873	0.838	0.35%
Dec 15, 2011	0.854	0.852	0.875	0.827	0.00%
Dec 16, 2011	0.802	0.851	0.870	0.798	-6.09%
Dec 19, 2011	0.809	0.812	0.831	0.796	0.87%
Dec 20, 2011	0.857	0.815	0.870	0.815	5.93%
Dec 21, 2011	0.920	0.889	0.925	0.865	7.35%
Dec 22, 2011	0.917	0.915	0.930	0.893	-0.33%
Dec 23, 2011	0.976	0.917	0.992	0.917	6.43%
Dec 27, 2011	0.960	1.004	1.018	0.954	-1.64%
Dec 28, 2011	0.910	0.973	0.973	0.901	-5.21%
Dec 29, 2011	0.880	0.910	0.925	0.869	-3.30%
Dec 30, 2011	0.833	0.886	0.902	0.832	-5.34%
Jan 03, 2012	0.885	0.833	0.891	0.833	6.24%
Jan 04, 2012	0.881	0.893	0.901	0.865	-0.45%
Jan 05, 2012	0.883	0.881	0.909	0.848	0.23%
Jan 06, 2012	0.854	0.881	0.923	0.846	-3.28%
Jan 09, 2012	0.843	0.854	0.873	0.824	-1.29%
Jan 10, 2012	0.849	0.848	0.880	0.840	0.71%
Jan 11, 2012	0.822	0.854	0.856	0.812	-3.18%
Jan 12, 2012	0.835	0.825	0.841	0.809	1.58%
Jan 13, 2012	0.791	0.840	0.843	0.769	-5.27%
Jan 17, 2012	0.785	0.788	0.818	0.778	-0.76%
Jan 18, 2012	0.807	0.785	0.812	0.772	2.80%
Jan 19, 2012	0.859	0.807	0.873	0.796	6.44%
Jan 20, 2012	0.886	0.854	0.896	0.838	3.14%
Jan 23, 2012	0.909	0.880	0.927	0.862	2.60%
Jan 24, 2012	0.899	0.907	0.920	0.894	-1.10%
Jan 25, 2012	0.799	0.901	0.911	0.763	-11.12%
Jan 26, 2012	0.776	0.811	0.811	0.754	-2.88%
Jan 27, 2012	0.749	0.779	0.789	0.741	-3.48%
Jan 30, 2012	0.735	0.746	0.751	0.717	-1.87%
Jan 31, 2012	0.706	0.738	0.762	0.700	-3.95%
Feb 01, 2012	0.720	0.708	0.736	0.706	1.98%
Feb 02, 2012	0.711	0.731	0.738	0.706	-1.25%
Feb 03, 2012	0.769	0.709	0.789	0.698	8.16%
Feb 06, 2012	0.755	0.768	0.784	0.747	-1.82%
Feb 07, 2012	0.814	0.763	0.822	0.756	7.81%
Feb 08, 2012	0.830	0.806	0.832	0.800	1.97%
Feb 09, 2012	0.853	0.824	0.877	0.809	2.77%
Feb 10, 2012	0.820	0.848	0.851	0.793	-3.87%
Feb 13, 2012	0.838	0.836	0.846	0.807	2.20%
Feb 14, 2012	0.819	0.830	0.844	0.804	-2.27%
Feb 15, 2012	0.791	0.820	0.835	0.777	-3.42%
Feb 16, 2012	0.859	0.788	0.877	0.777	8.60%
Feb 17, 2012	0.860	0.859	0.907	0.851	0.12%
Feb 21, 2012	0.909	0.883	0.927	0.877	5.70%
Feb 22, 2012	0.860	0.909	0.925	0.857	-5.39%
Feb 23, 2012	0.889	0.889	0.915	0.870	3.37%
Feb 24, 2012	0.894	0.894	0.899	0.873	0.56%
Feb 27, 2012	0.846	0.894	0.897	0.837	-5.37%
Feb 28, 2012	0.843	0.849	0.857	0.821	-0.35%
Feb 29, 2012	0.864	0.848	0.894	0.827	2.49%
Mar 01, 2012	0.891	0.870	0.925	0.870	3.13%
Mar 02, 2012	0.841	0.893	0.901	0.833	-5.61%
Mar 03, 2012	0.841	0.838	0.841	0.838	0.04%
Mar 05, 2012	0.869	0.849	0.875	0.830	3.29%
Mar 06, 2012	0.824	0.875	0.877	0.813	-5.18%
Mar 07, 2012	0.849	0.825	0.854	0.825	3.03%
Mar 08, 2012	0.881	0.854	0.888	0.846	3.77%
Mar 09, 2012	0.898	0.883	0.922	0.877	1.93%
Mar 10, 2012	0.898	0.896	0.898	0.896	-0.04%
Mar 12, 2012	0.909	0.894	0.912	0.868	1.27%
Mar 13, 2012	0.983	0.907	0.988	0.901	8.14%
Mar 14, 2012	1.104	0.987	1.128	0.977	12.31%
Mar 15, 2012	1.091	1.105	1.166	1.070	-1.18%
Mar 16, 2012	1.117	1.096	1.165	1.084	2.38%
Mar 17, 2012	1.117	1.117	1.117	1.117	0.04%
Mar 19, 2012	1.193	1.119	1.203	1.082	6.77%
Mar 20, 2012	1.197	1.193	1.226	1.149	0.34%
Mar 21, 2012	1.139	1.188	1.205	1.131	-4.85%
Mar 22, 2012	1.121	1.144	1.157	1.088	-1.58%
Mar 23, 2012	1.084	1.126	1.134	1.063	-3.30%
Mar 24, 2012	1.084	1.084	1.084	1.084	-0.01%
Mar 26, 2012	1.086	1.097	1.127	1.068	0.19%
Mar 27, 2012	1.020	1.087	1.092	1.010	-6.08%
Mar 28, 2012	1.037	1.023	1.048	0.996	1.67%
Mar 29, 2012	1.018	1.066	1.068	1.008	-1.83%
Mar 30, 2012	1.040	1.015	1.076	0.992	2.16%
Mar 31, 2012	1.040	1.040	1.040	1.040	0.02%
Apr 02, 2012	1.006	1.068	1.079	1.000	-3.29%
Apr 03, 2012	1.107	1.015	1.120	0.985	10.04%
Apr 04, 2012	1.039	1.110	1.118	1.037	-6.14%
Apr 05, 2012	1.006	1.050	1.053	0.971	-3.18%
Apr 06, 2012	0.891	1.008	1.024	0.887	-11.43%
Apr 07, 2012	0.891	0.891	0.891	0.891	-0.04%
Apr 08, 2012	0.891	0.891	0.891	0.891	0.00%
Apr 09, 2012	0.908	0.891	0.955	0.884	1.95%
Apr 10, 2012	0.854	0.903	0.918	0.842	-5.95%
Apr 11, 2012	0.884	0.857	0.898	0.855	3.51%
Apr 12, 2012	0.894	0.882	0.905	0.863	1.13%
Apr 13, 2012	0.852	0.884	0.889	0.842	-4.70%
Apr 14, 2012	0.852	0.852	0.852	0.852	-0.05%
Apr 16, 2012	0.847	0.850	0.863	0.821	-0.54%
Apr 17, 2012	0.856	0.845	0.876	0.832	1.06%
Apr 18, 2012	0.843	0.863	0.874	0.839	-1.52%
Apr 19, 2012	0.845	0.845	0.861	0.826	0.24%
Apr 20, 2012	0.841	0.843	0.864	0.833	-0.47%
Apr 21, 2012	0.841	0.841	0.841	0.841	0.04%
Apr 23, 2012	0.820	0.841	0.845	0.807	-2.53%
Apr 24, 2012	0.848	0.820	0.851	0.806	3.41%
Apr 25, 2012	0.841	0.848	0.893	0.836	-0.83%
Apr 26, 2012	0.830	0.864	0.870	0.819	-1.31%
Apr 27, 2012	0.826	0.813	0.841	0.784	-0.48%
Apr 28, 2012	0.826	0.826	0.826	0.826	-0.06%
Apr 30, 2012	0.813	0.827	0.830	0.808	-1.51%
May 01, 2012	0.830	0.809	0.841	0.800	2.09%
May 02, 2012	0.824	0.832	0.846	0.800	-0.72%
May 03, 2012	0.822	0.824	0.846	0.813	-0.24%
May 04, 2012	0.784	0.824	0.849	0.774	-4.62%
May 05, 2012	0.784	0.784	0.784	0.784	-0.04%
May 06, 2012	0.784	0.784	0.784	0.784	0.00%
May 07, 2012	0.779	0.758	0.785	0.748	-0.60%
May 08, 2012	0.764	0.780	0.788	0.745	-1.93%
May 09, 2012	0.759	0.764	0.769	0.731	-0.65%
May 10, 2012	0.764	0.753	0.790	0.748	0.66%
May 11, 2012	0.750	0.753	0.763	0.740	-1.83%
May 12, 2012	0.750	0.750	0.750	0.750	-0.04%
May 14, 2012	0.713	0.735	0.746	0.706	-4.90%
May 15, 2012	0.730	0.714	0.740	0.705	2.38%
May 16, 2012	0.740	0.735	0.770	0.721	1.37%
May 17, 2012	0.727	0.749	0.764	0.719	-1.76%
May 18, 2012	0.746	0.730	0.757	0.722	2.61%
May 19, 2012	0.746	0.746	0.746	0.746	0.00%
May 21, 2012	0.743	0.744	0.773	0.735	-0.40%
May 22, 2012	0.763	0.749	0.781	0.744	2.69%
May 23, 2012	0.733	0.762	0.765	0.723	-3.93%
May 24, 2012	0.786	0.759	0.791	0.733	7.23%
May 25, 2012	0.762	0.785	0.793	0.757	-3.05%
May 26, 2012	0.762	0.762	0.762	0.762	0.03%
May 28, 2012	0.762	0.762	0.762	0.762	0.00%
May 29, 2012	0.777	0.762	0.778	0.738	1.94%
May 30, 2012	0.690	0.772	0.772	0.684	-11.20%
May 31, 2012	0.657	0.682	0.713	0.633	-4.78%
Jun 01, 2012	0.622	0.663	0.671	0.590	-5.33%
Jun 02, 2012	0.622	0.622	0.622	0.622	-0.03%
Jun 04, 2012	0.676	0.612	0.683	0.611	8.72%
Jun 05, 2012	0.684	0.689	0.708	0.655	1.18%
Jun 06, 2012	0.732	0.679	0.737	0.662	7.02%
Jun 07, 2012	0.713	0.735	0.739	0.703	-2.60%
Jun 08, 2012	0.712	0.715	0.716	0.657	-0.14%
Jun 09, 2012	0.712	0.712	0.712	0.712	-0.07%
Jun 11, 2012	0.686	0.760	0.768	0.678	-3.58%
Jun 12, 2012	0.744	0.681	0.753	0.681	8.45%
Jun 13, 2012	0.707	0.737	0.766	0.704	-4.97%
Jun 14, 2012	0.741	0.712	0.746	0.694	4.81%
Jun 15, 2012	0.675	0.734	0.738	0.670	-8.91%
Jun 16, 2012	0.675	0.675	0.675	0.675	-0.03%
Jun 18, 2012	0.680	0.702	0.714	0.659	0.77%
Jun 19, 2012	0.704	0.681	0.722	0.668	3.53%
Jun 20, 2012	0.751	0.707	0.782	0.693	6.68%
Jun 21, 2012	0.727	0.754	0.757	0.709	-3.20%
Jun 22, 2012	0.754	0.730	0.761	0.722	3.71%
Jun 23, 2012	0.754	0.754	0.754	0.754	0.04%
Jun 25, 2012	0.707	0.746	0.748	0.704	-6.27%
Jun 26, 2012	0.725	0.712	0.738	0.711	2.55%
Jun 27, 2012	0.717	0.725	0.740	0.714	-1.10%
Jun 28, 2012	0.694	0.734	0.737	0.683	-3.21%
Jun 29, 2012	0.717	0.685	0.758	0.683	3.31%
Jun 30, 2012	0.717	0.717	0.717	0.717	-0.07%
Jul 01, 2012	0.717	0.717	0.717	0.717	0.00%
Jul 02, 2012	0.672	0.729	0.732	0.653	-6.21%
Jul 03, 2012	0.696	0.670	0.699	0.664	3.57%
Jul 04, 2012	0.696	0.696	0.696	0.696	-0.04%
Jul 05, 2012	0.672	0.681	0.686	0.662	-3.41%
Jul 06, 2012	0.644	0.675	0.681	0.637	-4.17%
Jul 07, 2012	0.644	0.644	0.644	0.644	0.08%
Jul 08, 2012	0.644	0.644	0.644	0.644	0.00%
Jul 09, 2012	0.625	0.637	0.640	0.619	-3.03%
Jul 10, 2012	0.621	0.627	0.640	0.619	-0.64%
Jul 11, 2012	0.640	0.619	0.643	0.603	3.06%
Jul 12, 2012	0.625	0.636	0.638	0.617	-2.34%
Jul 13, 2012	0.622	0.622	0.649	0.617	-0.48%
Jul 14, 2012	0.622	0.622	0.622	0.622	-0.05%
Jul 16, 2012	0.599	0.622	0.622	0.579	-3.65%
Jul 17, 2012	0.623	0.604	0.625	0.591	4.01%
Jul 18, 2012	0.604	0.626	0.628	0.594	-3.05%
Jul 19, 2012	0.610	0.604	0.617	0.591	0.99%
Jul 20, 2012	0.576	0.612	0.612	0.570	-5.57%
Jul 21, 2012	0.576	0.576	0.576	0.576	0.07%
Jul 23, 2012	0.564	0.570	0.572	0.543	-2.15%
Jul 24, 2012	0.544	0.560	0.583	0.541	-3.55%
Jul 25, 2012	0.549	0.538	0.575	0.536	0.92%
Jul 26, 2012	0.592	0.565	0.595	0.557	7.83%
Jul 27, 2012	0.656	0.599	0.680	0.590	10.81%
Jul 28, 2012	0.656	0.656	0.656	0.656	-0.02%
Jul 30, 2012	0.611	0.651	0.665	0.610	-6.85%
Jul 31, 2012	0.586	0.614	0.621	0.581	-4.09%
Aug 01, 2012	0.635	0.581	0.648	0.581	8.36%
Aug 02, 2012	0.611	0.650	0.663	0.583	-3.78%
Aug 03, 2012	0.666	0.615	0.682	0.607	9.00%
Aug 04, 2012	0.666	0.666	0.666	0.666	0.00%
Aug 05, 2012	0.666	0.666	0.666	0.666	0.00%
Aug 06, 2012	0.650	0.677	0.680	0.634	-2.40%
Aug 07, 2012	0.705	0.652	0.714	0.650	8.46%
Aug 08, 2012	0.727	0.705	0.732	0.686	3.12%
Aug 09, 2012	0.734	0.723	0.753	0.715	0.96%
Aug 10, 2012	0.707	0.724	0.728	0.689	-3.68%
Aug 11, 2012	0.707	0.707	0.707	0.707	-0.01%
Aug 13, 2012	0.710	0.694	0.718	0.684	0.44%
Aug 14, 2012	0.751	0.707	0.756	0.702	5.77%
Aug 15, 2012	0.804	0.749	0.806	0.743	7.06%
Aug 16, 2012	0.818	0.804	0.839	0.787	1.74%
Aug 17, 2012	0.799	0.813	0.816	0.786	-2.32%
Aug 18, 2012	0.799	0.799	0.799	0.799	-0.05%
Aug 20, 2012	0.792	0.802	0.828	0.783	-0.83%
Aug 21, 2012	0.789	0.787	0.825	0.776	-0.38%
Aug 22, 2012	0.698	0.784	0.786	0.693	-11.53%
Aug 23, 2012	0.694	0.698	0.713	0.668	-0.57%
Aug 24, 2012	0.710	0.703	0.710	0.669	2.31%
Aug 25, 2012	0.710	0.710	0.710	0.710	0.01%
Aug 27, 2012	0.686	0.712	0.712	0.676	-3.39%
Aug 28, 2012	0.678	0.683	0.688	0.663	-1.17%
Aug 29, 2012	0.678	0.678	0.701	0.670	0.00%
Aug 30, 2012	0.666	0.693	0.697	0.652	-1.77%
Aug 31, 2012	0.588	0.663	0.682	0.587	-11.71%
Sep 01, 2012	0.588	0.588	0.588	0.588	0.07%
Sep 04, 2012	0.615	0.592	0.627	0.587	4.52%
Sep 05, 2012	0.622	0.612	0.630	0.596	1.14%
Sep 06, 2012	0.676	0.622	0.683	0.615	8.68%
Sep 07, 2012	0.644	0.684	0.724	0.603	-4.73%
Sep 08, 2012	0.644	0.644	0.644	0.644	0.03%
Sep 10, 2012	0.639	0.630	0.660	0.620	-0.81%
Sep 11, 2012	0.663	0.641	0.667	0.633	3.76%
Sep 12, 2012	0.691	0.659	0.700	0.655	4.22%
Sep 13, 2012	0.646	0.688	0.741	0.639	-6.51%
Sep 14, 2012	0.718	0.647	0.725	0.644	11.15%
Sep 15, 2012	0.718	0.718	0.718	0.718	0.04%
Sep 17, 2012	0.718	0.718	0.722	0.694	-0.04%
Sep 18, 2012	0.702	0.722	0.722	0.678	-2.23%
Sep 19, 2012	0.686	0.699	0.709	0.677	-2.28%
Sep 20, 2012	0.689	0.694	0.709	0.676	0.44%
Sep 21, 2012	0.670	0.691	0.704	0.662	-2.76%
Sep 22, 2012	0.670	0.670	0.670	0.670	0.01%
Sep 23, 2012	0.670	0.670	0.670	0.670	0.00%
Sep 24, 2012	0.654	0.670	0.677	0.648	-2.40%
Sep 25, 2012	0.646	0.656	0.680	0.644	-1.22%
Sep 26, 2012	0.607	0.644	0.654	0.606	-6.04%
Sep 27, 2012	0.642	0.635	0.650	0.630	5.77%
Sep 28, 2012	0.625	0.639	0.646	0.609	-2.65%
Sep 29, 2012	0.625	0.625	0.625	0.625	0.00%
Oct 01, 2012	0.616	0.617	0.641	0.612	-1.44%
Oct 02, 2012	0.615	0.620	0.633	0.612	-0.16%
Oct 03, 2012	0.603	0.614	0.620	0.601	-1.95%
Oct 04, 2012	0.631	0.604	0.633	0.603	4.64%
Oct 05, 2012	0.676	0.625	0.678	0.623	7.13%
Oct 06, 2012	0.676	0.676	0.676	0.676	0.03%
Oct 09, 2012	0.662	0.643	0.670	0.631	-2.10%
Oct 10, 2012	0.654	0.659	0.684	0.647	-1.21%
Oct 11, 2012	0.659	0.651	0.692	0.646	0.76%
Oct 12, 2012	0.660	0.662	0.672	0.647	0.15%
Oct 13, 2012	0.660	0.660	0.660	0.660	0.05%
Oct 15, 2012	0.663	0.659	0.681	0.655	0.41%
Oct 16, 2012	0.694	0.664	0.697	0.662	4.68%
Oct 17, 2012	0.780	0.707	0.780	0.694	12.39%
Oct 18, 2012	0.786	0.768	0.793	0.754	0.77%
Oct 19, 2012	0.749	0.785	0.785	0.743	-4.71%
Oct 20, 2012	0.749	0.749	0.749	0.749	0.04%
Oct 22, 2012	0.791	0.752	0.791	0.751	5.57%
Oct 23, 2012	0.756	0.791	0.793	0.749	-4.42%
Oct 24, 2012	0.762	0.757	0.774	0.741	0.79%
Oct 25, 2012	0.816	0.774	0.833	0.774	7.09%
Oct 26, 2012	0.761	0.833	0.833	0.756	-6.74%
Oct 27, 2012	0.761	0.761	0.761	0.761	0.03%
Oct 29, 2012	0.742	0.742	0.760	0.733	-2.52%
Oct 30, 2012	0.742	0.742	0.742	0.742	0.00%
Oct 31, 2012	0.721	0.768	0.779	0.715	-2.83%
Nov 01, 2012	0.742	0.729	0.744	0.718	2.91%
Nov 02, 2012	0.721	0.742	0.774	0.718	-2.83%
Nov 03, 2012	0.721	0.721	0.721	0.721	0.03%
Nov 05, 2012	0.697	0.721	0.724	0.688	-3.36%
Nov 06, 2012	0.755	0.704	0.758	0.697	8.32%
Nov 07, 2012	0.673	0.748	0.748	0.649	-10.86%
Nov 08, 2012	0.640	0.678	0.680	0.637	-4.90%
Nov 09, 2012	0.643	0.643	0.659	0.622	0.47%
Nov 10, 2012	0.643	0.641	0.643	0.641	-0.05%
Nov 13, 2012	0.624	0.640	0.646	0.617	-2.91%
Nov 14, 2012	0.625	0.627	0.652	0.617	0.16%
Nov 15, 2012	0.622	0.622	0.636	0.614	-0.48%
Nov 16, 2012	0.610	0.628	0.630	0.598	-1.93%
Nov 17, 2012	0.610	0.609	0.610	0.609	0.05%
Nov 19, 2012	0.633	0.620	0.639	0.615	3.72%
Nov 20, 2012	0.665	0.625	0.666	0.625	5.06%
Nov 21, 2012	0.679	0.663	0.689	0.655	2.11%
Nov 22, 2012	0.679	0.681	0.681	0.679	0.01%
Nov 23, 2012	0.690	0.679	0.692	0.673	1.61%
Nov 24, 2012	0.690	0.690	0.690	0.690	0.03%
Nov 26, 2012	0.669	0.695	0.695	0.656	-3.07%
Nov 27, 2012	0.647	0.666	0.682	0.645	-3.29%
Nov 28, 2012	0.634	0.648	0.648	0.622	-2.01%
Nov 29, 2012	0.631	0.639	0.654	0.628	-0.47%
Nov 30, 2012	0.619	0.630	0.639	0.612	-1.90%
Dec 01, 2012	0.617	0.619	0.619	0.617	-0.32%
Dec 03, 2012	0.623	0.617	0.646	0.614	0.97%
Dec 04, 2012	0.622	0.625	0.636	0.614	-0.16%
Dec 05, 2012	0.608	0.623	0.631	0.598	-2.25%
Dec 06, 2012	0.603	0.609	0.612	0.591	-0.82%
Dec 07, 2012	0.619	0.604	0.635	0.593	2.65%
Dec 08, 2012	0.619	0.619	0.619	0.619	-0.06%
Dec 10, 2012	0.619	0.619	0.623	0.598	0.06%
Dec 11, 2012	0.636	0.617	0.643	0.611	2.75%
Dec 12, 2012	0.654	0.636	0.660	0.625	2.83%
Dec 13, 2012	0.697	0.651	0.699	0.639	6.57%
Dec 14, 2012	0.688	0.694	0.709	0.678	-1.29%
Dec 15, 2012	0.688	0.689	0.689	0.688	-0.04%
Dec 17, 2012	0.733	0.705	0.738	0.691	6.59%
Dec 18, 2012	0.765	0.733	0.777	0.726	4.37%
Dec 19, 2012	0.772	0.784	0.793	0.755	0.92%
Dec 20, 2012	0.777	0.764	0.777	0.750	0.65%
Dec 21, 2012	0.763	0.777	0.782	0.734	-1.80%
Dec 22, 2012	0.763	0.763	0.763	0.763	-0.03%
Dec 23, 2012	0.763	0.763	0.763	0.763	0.00%
Dec 24, 2012	0.772	0.763	0.775	0.758	1.21%
Dec 25, 2012	0.772	0.772	0.772	0.772	0.04%
Dec 26, 2012	0.760	0.782	0.795	0.752	-1.59%
Dec 27, 2012	0.733	0.763	0.775	0.715	-3.55%
Dec 28, 2012	0.709	0.739	0.739	0.705	-3.27%
Dec 29, 2012	0.709	0.710	0.710	0.709	-0.06%
Dec 30, 2012	0.709	0.709	0.709	0.709	0.00%
Dec 31, 2012	0.725	0.709	0.732	0.705	2.31%
Jan 01, 2013	0.725	0.725	0.725	0.725	-0.07%
Jan 02, 2013	0.764	0.725	0.798	0.725	5.45%
Jan 03, 2013	0.821	0.764	0.824	0.753	7.46%
Jan 04, 2013	0.811	0.817	0.859	0.808	-1.22%
Jan 05, 2013	0.811	0.809	0.811	0.809	-0.01%
Jan 07, 2013	0.811	0.813	0.819	0.797	0.01%
Jan 08, 2013	0.780	0.806	0.816	0.779	-3.82%
Jan 09, 2013	0.769	0.787	0.797	0.758	-1.41%
Jan 10, 2013	0.797	0.772	0.801	0.769	3.64%
Jan 11, 2013	0.777	0.806	0.819	0.771	-2.51%
Jan 12, 2013	0.777	0.780	0.780	0.777	0.04%
Jan 13, 2013	0.777	0.777	0.777	0.777	0.00%
Jan 14, 2013	0.763	0.777	0.777	0.755	-1.84%
Jan 15, 2013	0.750	0.769	0.769	0.734	-1.70%
Jan 16, 2013	0.736	0.752	0.752	0.728	-1.87%
Jan 17, 2013	0.793	0.737	0.795	0.729	7.74%
Jan 18, 2013	0.761	0.794	0.808	0.758	-4.04%
Jan 19, 2013	0.761	0.763	0.763	0.761	0.04%
Jan 22, 2013	0.756	0.779	0.789	0.745	-0.70%
Jan 23, 2013	0.748	0.758	0.761	0.735	-1.06%
Jan 24, 2013	0.766	0.742	0.782	0.731	2.41%
Jan 25, 2013	0.849	0.769	0.854	0.766	10.84%
Jan 26, 2013	0.849	0.849	0.849	0.849	0.00%
Jan 28, 2013	0.865	0.860	0.898	0.841	1.88%
Jan 29, 2013	0.878	0.864	0.882	0.849	1.50%
Jan 30, 2013	0.877	0.897	0.918	0.870	-0.11%
Jan 31, 2013	0.880	0.873	0.891	0.856	0.34%
Feb 01, 2013	0.888	0.873	0.907	0.817	0.91%
Feb 02, 2013	0.888	0.883	0.888	0.883	-0.02%
Feb 04, 2013	0.837	0.904	0.920	0.825	-5.72%
Feb 05, 2013	0.867	0.840	0.881	0.836	3.58%
Feb 06, 2013	0.837	0.870	0.873	0.832	-3.46%
Feb 07, 2013	0.830	0.836	0.857	0.812	-0.84%
Feb 08, 2013	0.827	0.832	0.856	0.812	-0.36%
Feb 09, 2013	0.827	0.828	0.828	0.827	-0.04%
Feb 11, 2013	0.851	0.827	0.854	0.825	2.94%
Feb 12, 2013	0.865	0.851	0.872	0.840	1.65%
Feb 13, 2013	0.907	0.865	0.910	0.860	4.86%
Feb 14, 2013	0.852	0.904	0.914	0.852	-6.06%
Feb 15, 2013	0.864	0.860	0.888	0.843	1.41%
Feb 16, 2013	0.864	0.864	0.864	0.864	-0.03%
Feb 17, 2013	0.864	0.864	0.864	0.864	0.00%
Feb 19, 2013	0.886	0.872	0.890	0.852	2.58%
Feb 20, 2013	0.860	0.885	0.898	0.859	-2.93%
Feb 21, 2013	0.838	0.862	0.868	0.822	-2.56%
Feb 22, 2013	0.826	0.838	0.852	0.826	-1.43%
Feb 23, 2013	0.826	0.828	0.828	0.826	0.05%
Feb 25, 2013	0.762	0.838	0.851	0.755	-7.79%
Feb 26, 2013	0.768	0.771	0.778	0.741	0.79%
Feb 27, 2013	0.782	0.784	0.785	0.755	1.82%
Feb 28, 2013	0.766	0.782	0.785	0.760	-2.05%
Mar 01, 2013	0.744	0.763	0.771	0.739	-2.87%
Mar 02, 2013	0.744	0.742	0.744	0.742	-0.05%
Mar 04, 2013	0.758	0.740	0.760	0.729	1.94%
Mar 05, 2013	0.776	0.756	0.784	0.753	2.37%
Mar 06, 2013	0.804	0.776	0.808	0.772	3.61%
Mar 07, 2013	0.854	0.800	0.858	0.795	6.22%
Mar 08, 2013	0.890	0.856	0.921	0.850	4.22%
Mar 09, 2013	0.890	0.887	0.890	0.887	0.01%
Mar 11, 2013	0.898	0.893	0.908	0.881	0.89%
Mar 12, 2013	0.871	0.905	0.905	0.866	-3.01%
Mar 13, 2013	0.879	0.871	0.897	0.855	0.92%
Mar 14, 2013	0.879	0.881	0.911	0.869	0.00%
Mar 15, 2013	0.834	0.876	0.887	0.826	-5.12%
Mar 16, 2013	0.834	0.834	0.834	0.834	-0.01%
Mar 17, 2013	0.834	0.834	0.834	0.834	0.00%
Mar 18, 2013	0.806	0.771	0.816	0.765	-3.35%
Mar 19, 2013	0.777	0.802	0.819	0.765	-3.60%
Mar 20, 2013	0.810	0.777	0.813	0.774	4.25%
Mar 21, 2013	0.787	0.807	0.811	0.784	-2.84%
Mar 22, 2013	0.797	0.785	0.808	0.774	1.27%
Mar 23, 2013	0.797	0.797	0.797	0.797	-0.01%
Mar 25, 2013	0.787	0.815	0.829	0.774	-1.24%
Mar 26, 2013	0.776	0.787	0.812	0.773	-1.40%
Mar 27, 2013	0.735	0.777	0.781	0.724	-5.28%
Mar 28, 2013	0.769	0.755	0.777	0.739	4.63%
Mar 29, 2013	0.769	0.769	0.769	0.769	0.01%
Apr 01, 2013	0.755	0.788	0.792	0.748	-1.83%
Apr 02, 2013	0.772	0.756	0.777	0.747	2.25%
Apr 03, 2013	0.728	0.771	0.782	0.720	-5.70%
Apr 04, 2013	0.697	0.720	0.737	0.686	-4.26%
Apr 05, 2013	0.691	0.702	0.718	0.657	-0.86%
Apr 08, 2013	0.705	0.681	0.710	0.678	2.03%
Apr 09, 2013	0.700	0.702	0.715	0.686	-0.71%
Apr 10, 2013	0.734	0.702	0.742	0.694	4.86%
Apr 11, 2013	0.728	0.734	0.747	0.716	-0.82%
Apr 12, 2013	0.689	0.729	0.729	0.687	-5.36%
Apr 13, 2013	0.689	0.689	0.689	0.689	0.00%
Apr 15, 2013	0.679	0.691	0.700	0.671	-1.45%
Apr 16, 2013	0.702	0.684	0.711	0.678	3.39%
Apr 17, 2013	0.697	0.702	0.710	0.676	-0.71%
Apr 18, 2013	0.695	0.694	0.706	0.684	-0.29%
Apr 19, 2013	0.707	0.702	0.713	0.695	1.73%
Apr 20, 2013	0.707	0.707	0.707	0.707	-0.07%
Apr 22, 2013	0.690	0.710	0.723	0.686	-2.34%
Apr 23, 2013	0.697	0.692	0.700	0.653	1.01%
Apr 24, 2013	0.692	0.700	0.710	0.685	-0.72%
Apr 25, 2013	0.711	0.713	0.725	0.705	2.75%
Apr 26, 2013	0.682	0.711	0.713	0.678	-4.08%
Apr 27, 2013	0.682	0.682	0.682	0.682	0.04%
Apr 29, 2013	0.676	0.682	0.687	0.671	-0.92%
Apr 30, 2013	0.678	0.676	0.679	0.650	0.30%
May 01, 2013	0.654	0.674	0.679	0.639	-3.54%
May 02, 2013	0.646	0.652	0.670	0.644	-1.22%
May 03, 2013	0.727	0.646	0.734	0.646	12.54%
May 04, 2013	0.727	0.727	0.727	0.727	0.04%
May 06, 2013	0.739	0.727	0.748	0.719	1.61%
May 07, 2013	0.748	0.734	0.756	0.727	1.22%
May 08, 2013	0.744	0.747	0.761	0.735	-0.53%
May 09, 2013	0.749	0.742	0.752	0.726	0.67%
May 10, 2013	0.817	0.750	0.833	0.750	9.08%
May 11, 2013	0.817	0.817	0.817	0.817	-0.06%
May 13, 2013	0.821	0.841	0.842	0.805	0.55%
May 14, 2013	0.859	0.817	0.862	0.804	4.63%
May 15, 2013	0.828	0.856	0.865	0.815	-3.61%
May 16, 2013	0.786	0.828	0.840	0.768	-5.07%
May 17, 2013	0.832	0.788	0.841	0.770	5.85%
May 18, 2013	0.832	0.832	0.832	0.832	-0.02%
May 20, 2013	0.837	0.837	0.850	0.809	0.63%
May 21, 2013	0.819	0.834	0.861	0.813	-2.15%
May 22, 2013	0.896	0.817	0.901	0.779	9.40%
May 23, 2013	0.893	0.909	0.930	0.847	-0.33%
May 24, 2013	0.888	0.897	0.906	0.869	-0.56%
May 25, 2013	0.888	0.888	0.888	0.888	0.02%
May 28, 2013	1.018	0.905	1.023	0.903	14.61%
May 29, 2013	0.990	1.020	1.089	0.987	-2.75%
May 30, 2013	1.013	1.016	1.051	0.995	2.32%
May 31, 2013	1.024	1.010	1.090	0.970	1.09%
Jun 01, 2013	1.024	1.024	1.024	1.024	0.01%
Jun 03, 2013	1.032	1.043	1.077	0.979	0.77%
Jun 04, 2013	1.058	1.027	1.061	1.015	2.52%
Jun 05, 2013	1.021	1.060	1.061	1.003	-3.50%
Jun 06, 2013	1.008	1.023	1.045	0.947	-1.27%
Jun 07, 2013	1.097	1.003	1.102	0.976	8.83%
Jun 08, 2013	1.097	1.097	1.097	1.097	0.01%
Jun 10, 2013	1.125	1.100	1.141	1.076	2.54%
Jun 11, 2013	1.112	1.126	1.203	1.097	-1.16%
Jun 12, 2013	1.141	1.110	1.148	1.092	2.61%
Jun 13, 2013	1.055	1.148	1.148	1.045	-7.54%
Jun 14, 2013	1.026	1.052	1.055	1.002	-2.75%
Jun 15, 2013	1.026	1.026	1.026	1.026	-0.01%
Jun 16, 2013	1.026	1.026	1.026	1.026	0.00%
Jun 17, 2013	1.054	1.042	1.068	1.002	2.74%
Jun 18, 2013	1.057	1.060	1.086	1.042	0.28%
Jun 19, 2013	1.247	1.059	1.280	1.037	17.98%
Jun 20, 2013	1.308	1.275	1.357	1.258	4.89%
Jun 21, 2013	1.429	1.291	1.436	1.275	9.25%
Jun 22, 2013	1.429	1.429	1.429	1.429	0.03%
Jun 23, 2013	1.429	1.429	1.429	1.429	0.00%
Jun 24, 2013	1.453	1.428	1.558	1.411	1.65%
Jun 25, 2013	1.492	1.430	1.495	1.380	2.68%
Jun 26, 2013	1.422	1.505	1.505	1.390	-4.69%
Jun 27, 2013	1.385	1.447	1.460	1.377	-2.60%
Jun 28, 2013	1.396	1.380	1.455	1.347	0.79%
Jun 29, 2013	1.396	1.396	1.396	1.396	0.01%
Jul 01, 2013	1.380	1.403	1.453	1.375	-1.15%
Jul 02, 2013	1.378	1.385	1.403	1.359	-0.14%
Jul 03, 2013	1.416	1.380	1.421	1.323	2.76%
Jul 04, 2013	1.416	1.416	1.416	1.416	-0.02%
Jul 05, 2013	1.609	1.427	1.614	1.424	13.65%
Jul 06, 2013	1.609	1.609	1.609	1.609	0.02%
Jul 08, 2013	1.504	1.609	1.634	1.499	-6.55%
Jul 09, 2013	1.494	1.506	1.527	1.476	-0.66%
Jul 10, 2013	1.521	1.499	1.532	1.452	1.81%
Jul 11, 2013	1.391	1.406	1.432	1.383	-8.55%
Jul 12, 2013	1.424	1.390	1.436	1.349	2.37%
Jul 13, 2013	1.424	1.424	1.424	1.424	0.01%
Jul 15, 2013	1.380	1.424	1.460	1.373	-3.10%
Jul 16, 2013	1.372	1.377	1.393	1.354	-0.58%
Jul 17, 2013	1.311	1.373	1.393	1.282	-4.45%
Jul 18, 2013	1.332	1.310	1.349	1.285	1.60%
Jul 19, 2013	1.296	1.329	1.345	1.296	-2.70%
Jul 20, 2013	1.296	1.296	1.296	1.296	0.02%
Jul 22, 2013	1.301	1.295	1.316	1.275	0.36%
Jul 23, 2013	1.311	1.301	1.337	1.296	0.77%
Jul 24, 2013	1.377	1.311	1.410	1.311	5.03%
Jul 25, 2013	1.380	1.411	1.446	1.372	0.22%
Jul 26, 2013	1.370	1.383	1.393	1.355	-0.72%
Jul 27, 2013	1.370	1.370	1.370	1.370	0.01%
Jul 29, 2013	1.383	1.362	1.395	1.351	0.94%
Jul 30, 2013	1.390	1.388	1.396	1.364	0.51%
Jul 31, 2013	1.386	1.385	1.481	1.375	-0.29%
Aug 01, 2013	1.489	1.383	1.500	1.377	7.43%
Aug 02, 2013	1.357	1.495	1.527	1.355	-8.87%
Aug 03, 2013	1.357	1.357	1.357	1.357	0.01%
Aug 05, 2013	1.386	1.360	1.406	1.357	2.13%
Aug 06, 2013	1.390	1.385	1.403	1.372	0.29%
Aug 07, 2013	1.369	1.385	1.388	1.355	-1.51%
Aug 08, 2013	1.359	1.368	1.378	1.344	-0.73%
Aug 09, 2013	1.355	1.368	1.375	1.347	-0.29%
Aug 10, 2013	1.355	1.355	1.355	1.355	0.03%
Aug 11, 2013	1.352	1.355	1.355	1.351	-0.24%
Aug 12, 2013	1.385	1.355	1.388	1.337	2.43%
Aug 13, 2013	1.482	1.393	1.488	1.388	7.00%
Aug 14, 2013	1.472	1.482	1.486	1.447	-0.67%
Aug 15, 2013	1.520	1.464	1.577	1.460	3.26%
Aug 16, 2013	1.561	1.520	1.611	1.513	2.70%
Aug 18, 2013	1.578	1.578	1.579	1.574	1.06%
Aug 19, 2013	1.609	1.578	1.622	1.573	1.99%
Aug 20, 2013	1.545	1.601	1.606	1.535	-3.98%
Aug 21, 2013	1.641	1.551	1.646	1.536	6.21%
Aug 22, 2013	1.681	1.649	1.703	1.635	2.44%
Aug 23, 2013	1.623	1.684	1.727	1.607	-3.45%
Aug 25, 2013	1.628	1.628	1.630	1.628	0.33%
Aug 26, 2013	1.590	1.628	1.653	1.582	-2.35%
Aug 27, 2013	1.520	1.595	1.608	1.515	-4.40%
Aug 28, 2013	1.577	1.530	1.602	1.520	3.75%
Aug 29, 2013	1.611	1.617	1.673	1.591	2.16%
Aug 30, 2013	1.646	1.613	1.651	1.587	2.17%
Sep 01, 2013	1.646	1.646	1.646	1.646	-0.02%
Sep 02, 2013	1.693	1.698	1.698	1.690	2.90%
Sep 03, 2013	1.682	1.698	1.740	1.652	-0.67%
Sep 04, 2013	1.743	1.684	1.751	1.669	3.63%
Sep 05, 2013	1.851	1.746	1.854	1.740	6.20%
Sep 06, 2013	1.758	1.848	1.864	1.689	-5.02%
Sep 07, 2013	1.758	1.758	1.758	1.758	0.03%
Sep 08, 2013	1.765	1.758	1.767	1.758	0.38%
Sep 09, 2013	1.717	1.763	1.770	1.691	-2.73%
Sep 10, 2013	1.769	1.722	1.777	1.717	3.03%
Sep 11, 2013	1.708	1.770	1.775	1.698	-3.45%
Sep 12, 2013	1.709	1.714	1.716	1.661	0.06%
Sep 13, 2013	1.698	1.718	1.772	1.686	-0.64%
Sep 15, 2013	1.698	1.698	1.698	1.698	0.00%
Sep 16, 2013	1.627	1.698	1.698	1.553	-4.18%
Sep 17, 2013	1.610	1.628	1.630	1.591	-1.04%
Sep 18, 2013	1.429	1.604	1.660	1.403	-11.24%
Sep 19, 2013	1.487	1.426	1.493	1.385	4.06%
Sep 20, 2013	1.482	1.487	1.516	1.456	-0.34%
Sep 22, 2013	1.482	1.482	1.482	1.482	-0.01%
Sep 23, 2013	1.449	1.482	1.507	1.442	-2.21%
Sep 24, 2013	1.424	1.452	1.456	1.401	-1.73%
Sep 25, 2013	1.388	1.428	1.434	1.380	-2.53%
Sep 26, 2013	1.432	1.430	1.453	1.412	3.17%
Sep 27, 2013	1.404	1.432	1.454	1.383	-1.96%
Sep 29, 2013	1.364	1.404	1.404	1.360	-2.88%
Sep 30, 2013	1.385	1.362	1.421	1.360	1.57%
Oct 01, 2013	1.429	1.386	1.430	1.385	3.18%
Oct 02, 2013	1.380	1.435	1.437	1.365	-3.43%
Oct 03, 2013	1.357	1.377	1.411	1.339	-1.67%
Oct 04, 2013	1.411	1.362	1.417	1.362	3.98%
Oct 06, 2013	1.395	1.393	1.395	1.393	-1.17%
Oct 07, 2013	1.403	1.393	1.409	1.367	0.61%
Oct 08, 2013	1.427	1.396	1.434	1.383	1.71%
Oct 09, 2013	1.422	1.398	1.440	1.395	-0.35%
Oct 10, 2013	1.426	1.427	1.473	1.422	0.28%
Oct 11, 2013	1.419	1.429	1.439	1.390	-0.49%
Oct 14, 2013	1.457	1.462	1.462	1.452	2.67%
Oct 15, 2013	1.434	1.455	1.459	1.418	-1.57%
Oct 16, 2013	1.391	1.447	1.472	1.388	-3.00%
Oct 17, 2013	1.334	1.395	1.395	1.318	-4.10%
Oct 18, 2013	1.336	1.339	1.342	1.290	0.15%
