May 11, 2009	6.8116	6.8116	6.8116	6.8116	0.00%
May 12, 2009	6.8125	6.8116	6.8142	6.8076	0.01%
May 13, 2009	6.8117	6.8125	6.8125	6.8117	-0.01%
May 14, 2009	6.8137	6.8117	6.8137	6.8117	0.03%
May 15, 2009	6.8147	6.8137	6.8147	6.8137	0.01%
May 18, 2009	6.8165	6.8147	6.8165	6.8147	0.03%
May 19, 2009	6.8151	6.8165	6.8165	6.8151	-0.02%
May 20, 2009	6.8149	6.8151	6.8151	6.8149	-0.00%
May 21, 2009	6.8149	6.8149	6.8149	6.8149	0.00%
May 22, 2009	6.8144	6.8149	6.8149	6.8144	-0.01%
May 24, 2009	6.8144	6.8144	6.8144	6.8144	0.00%
May 25, 2009	6.8139	6.8144	6.8144	6.8134	-0.01%
May 26, 2009	6.8194	6.8139	6.8194	6.8139	0.08%
May 27, 2009	6.8195	6.8194	6.8268	6.8194	0.00%
May 28, 2009	6.8183	6.8195	6.8195	6.8183	-0.02%
May 29, 2009	6.8183	6.8183	6.8183	6.8183	0.00%
May 31, 2009	6.8183	6.8183	6.8183	6.8183	0.00%
Jun 01, 2009	6.8183	6.8183	6.8183	6.8183	0.00%
Jun 02, 2009	6.8198	6.8183	6.8198	6.8183	0.02%
Jun 03, 2009	6.8183	6.8198	6.8198	6.8183	-0.02%
Jun 04, 2009	6.8234	6.8183	6.8236	6.8183	0.07%
Jun 05, 2009	6.8225	6.8234	6.8236	6.8225	-0.01%
Jun 07, 2009	6.8225	6.8225	6.8225	6.8225	0.00%
Jun 08, 2009	6.8257	6.8225	6.8257	6.8225	0.05%
Jun 09, 2009	6.8259	6.8257	6.8259	6.8257	0.00%
Jun 10, 2009	6.8231	6.8259	6.8259	6.8231	-0.04%
Jun 11, 2009	6.8275	6.8231	6.8275	6.8231	0.06%
Jun 12, 2009	6.8234	6.8275	6.8275	6.8234	-0.06%
Jun 14, 2009	6.8234	6.8234	6.8234	6.8234	0.00%
Jun 15, 2009	6.8276	6.8234	6.8276	6.8234	0.06%
Jun 16, 2009	6.8240	6.8276	6.8276	6.8240	-0.05%
Jun 17, 2009	6.8289	6.8240	6.8289	6.8240	0.07%
Jun 18, 2009	6.8251	6.8289	6.8289	6.8235	-0.06%
Jun 19, 2009	6.8266	6.8251	6.8266	6.8251	0.02%
Jun 21, 2009	6.8266	6.8266	6.8266	6.8266	0.00%
Jun 22, 2009	6.8250	6.8266	6.8266	6.8250	-0.02%
Jun 23, 2009	6.8275	6.8250	6.8275	6.8250	0.04%
Jun 24, 2009	6.8235	6.8275	6.8275	6.8235	-0.06%
Jun 25, 2009	6.8249	6.8235	6.8249	6.8235	0.02%
Jun 26, 2009	6.8242	6.8249	6.8249	6.8242	-0.01%
Jun 28, 2009	6.8242	6.8242	6.8242	6.8242	0.00%
Jun 29, 2009	6.8248	6.8242	6.8248	6.8242	0.01%
Jun 30, 2009	6.8205	6.8248	6.8248	6.8200	-0.06%
Jul 01, 2009	6.8225	6.8205	6.8225	6.8205	0.03%
Jul 02, 2009	6.8225	6.8225	6.8225	6.8225	0.00%
Jul 03, 2009	6.8223	6.8225	6.8225	6.8223	-0.00%
Jul 05, 2009	6.8223	6.8223	6.8223	6.8223	0.00%
Jul 06, 2009	6.8258	6.8223	6.8258	6.8223	0.05%
Jul 07, 2009	6.8235	6.8258	6.8258	6.8235	-0.03%
Jul 08, 2009	6.8237	6.8235	6.8237	6.8235	0.00%
Jul 09, 2009	6.8234	6.8237	6.8237	6.8234	-0.00%
Jul 10, 2009	6.8227	6.8234	6.8234	6.8227	-0.01%
Jul 12, 2009	6.8227	6.8227	6.8227	6.8227	0.00%
Jul 13, 2009	6.8234	6.8227	6.8234	6.8227	0.01%
Jul 14, 2009	6.8229	6.8234	6.8234	6.8229	-0.01%
Jul 15, 2009	6.8225	6.8229	6.8229	6.8225	-0.01%
Jul 16, 2009	6.8215	6.8225	6.8225	6.8215	-0.01%
Jul 17, 2009	6.8213	6.8215	6.8215	6.8213	-0.00%
Jul 19, 2009	6.8213	6.8213	6.8213	6.8213	0.00%
Jul 20, 2009	6.8227	6.8213	6.8227	6.8213	0.02%
Jul 21, 2009	6.8217	6.8227	6.8227	6.8217	-0.01%
Jul 22, 2009	6.8216	6.8217	6.8217	6.8207	-0.00%
Jul 23, 2009	6.8217	6.8217	6.8217	6.8217	0.00%
Jul 24, 2009	6.8225	6.8217	6.8225	6.8217	0.01%
Jul 26, 2009	6.8225	6.8225	6.8225	6.8225	0.00%
Jul 27, 2009	6.8214	6.8225	6.8225	6.8214	-0.02%
Jul 28, 2009	6.8209	6.8214	6.8214	6.8209	-0.01%
Jul 29, 2009	6.8224	6.8209	6.8224	6.8209	0.02%
Jul 30, 2009	6.8226	6.8224	6.8226	6.8224	0.00%
Jul 31, 2009	6.8218	6.8226	6.8226	6.8218	-0.01%
Aug 03, 2009	6.8210	6.8210	6.8210	6.8210	-0.01%
Aug 04, 2009	6.8203	6.8210	6.8210	6.8203	-0.01%
Aug 05, 2009	6.8217	6.8203	6.8217	6.8203	0.02%
Aug 06, 2009	6.8213	6.8217	6.8217	6.8208	-0.01%
Aug 07, 2009	6.8218	6.8213	6.8218	6.8213	0.01%
Aug 09, 2009	6.8218	6.8218	6.8218	6.8218	0.00%
Aug 10, 2009	6.8247	6.8218	6.8247	6.8218	0.04%
Aug 11, 2009	6.8250	6.8247	6.8250	6.8247	0.00%
Aug 12, 2009	6.8251	6.8250	6.8251	6.8250	0.00%
Aug 13, 2009	6.8235	6.8251	6.8251	6.8235	-0.02%
Aug 14, 2009	6.8233	6.8235	6.8235	6.8233	-0.00%
Aug 16, 2009	6.8234	6.8234	6.8234	6.8234	0.00%
Aug 17, 2009	6.8249	6.8234	6.8249	6.8234	0.02%
Aug 18, 2009	6.8245	6.8249	6.8249	6.8245	-0.01%
Aug 19, 2009	6.8264	6.8245	6.8264	6.8233	0.03%
Aug 20, 2009	6.8218	6.8264	6.8264	6.8218	-0.07%
Aug 21, 2009	6.8215	6.8218	6.8221	6.8215	-0.00%
Aug 23, 2009	6.8215	6.8215	6.8215	6.8215	0.00%
Aug 24, 2009	6.8215	6.8215	6.8215	6.8212	0.00%
Aug 25, 2009	6.8217	6.8215	6.8217	6.8215	0.00%
Aug 26, 2009	6.8214	6.8217	6.8218	6.8214	-0.00%
Aug 27, 2009	6.8218	6.8214	6.8222	6.8214	0.01%
Aug 28, 2009	6.8211	6.8218	6.8218	6.8211	-0.01%
Aug 30, 2009	6.8212	6.8212	6.8212	6.8212	0.00%
Aug 31, 2009	6.8212	6.8212	6.8213	6.8212	0.00%
Sep 01, 2009	6.8204	6.8212	6.8212	6.8204	-0.01%
Sep 02, 2009	6.8208	6.8204	6.8213	6.8204	0.01%
Sep 03, 2009	6.8207	6.8208	6.8208	6.8207	-0.00%
Sep 04, 2009	6.8205	6.8207	6.8218	6.8205	-0.00%
Sep 06, 2009	6.8305	6.8305	6.8305	6.8305	0.15%
Sep 07, 2009	6.8303	6.8305	6.8305	6.8291	-0.00%
Sep 08, 2009	6.8276	6.8303	6.8303	6.8276	-0.04%
Sep 09, 2009	6.8282	6.8276	6.8292	6.8276	0.01%
Sep 10, 2009	6.8294	6.8282	6.8294	6.8282	0.02%
Sep 11, 2009	6.8273	6.8294	6.8294	6.8273	-0.03%
Sep 13, 2009	6.8273	6.8273	6.8273	6.8273	0.00%
Sep 14, 2009	6.8287	6.8273	6.8287	6.8273	0.02%
Sep 15, 2009	6.8290	6.8287	6.8290	6.8287	0.00%
Sep 16, 2009	6.8274	6.8290	6.8290	6.8274	-0.02%
Sep 17, 2009	6.8266	6.8274	6.8274	6.8266	-0.01%
Sep 18, 2009	6.8281	6.8266	6.8281	6.8266	0.02%
Sep 20, 2009	6.8281	6.8281	6.8281	6.8281	0.00%
Sep 21, 2009	6.8289	6.8281	6.8292	6.8281	0.01%
Sep 22, 2009	6.8270	6.8289	6.8289	6.8270	-0.03%
Sep 23, 2009	6.8261	6.8270	6.8270	6.8257	-0.01%
Sep 24, 2009	6.8268	6.8261	6.8276	6.8261	0.01%
Sep 25, 2009	6.8289	6.8268	6.8289	6.8268	0.03%
Sep 27, 2009	6.8289	6.8289	6.8289	6.8289	0.00%
Sep 28, 2009	6.8282	6.8289	6.8289	6.8282	-0.01%
Sep 29, 2009	6.8276	6.8282	6.8282	6.8276	-0.01%
Sep 30, 2009	6.8264	6.8276	6.8276	6.8264	-0.02%
Oct 01, 2009	6.8265	6.8264	6.8265	6.8264	0.00%
Oct 02, 2009	6.8265	6.8265	6.8265	6.8265	0.00%
Oct 04, 2009	6.8265	6.8265	6.8265	6.8265	0.00%
Oct 05, 2009	6.8264	6.8265	6.8265	6.8264	-0.00%
Oct 06, 2009	6.8264	6.8264	6.8265	6.8264	0.00%
Oct 07, 2009	6.8265	6.8264	6.8265	6.8264	0.00%
Oct 08, 2009	6.8265	6.8265	6.8265	6.8265	0.00%
Oct 09, 2009	6.8254	6.8265	6.8284	6.8254	-0.02%
Oct 11, 2009	6.8254	6.8254	6.8254	6.8254	0.00%
Oct 12, 2009	6.8251	6.8254	6.8254	6.8251	-0.00%
Oct 13, 2009	6.8259	6.8251	6.8259	6.8251	0.01%
Oct 14, 2009	6.8248	6.8259	6.8261	6.8248	-0.02%
Oct 15, 2009	6.8258	6.8248	6.8258	6.8248	0.01%
Oct 16, 2009	6.8270	6.8258	6.8270	6.8258	0.02%
Oct 18, 2009	6.8270	6.8270	6.8270	6.8270	0.00%
Oct 19, 2009	6.8266	6.8270	6.8270	6.8266	-0.01%
Oct 20, 2009	6.8261	6.8266	6.8266	6.8261	-0.01%
Oct 21, 2009	6.8271	6.8261	6.8271	6.8261	0.01%
Oct 22, 2009	6.8273	6.8271	6.8273	6.8271	0.00%
Oct 23, 2009	6.8281	6.8273	6.8281	6.8273	0.01%
Oct 25, 2009	6.8281	6.8281	6.8281	6.8281	0.00%
Oct 26, 2009	6.8278	6.8281	6.8281	6.8278	-0.00%
Oct 27, 2009	6.8301	6.8278	6.8342	6.8278	0.03%
Oct 28, 2009	6.8288	6.8301	6.8301	6.8288	-0.02%
Oct 29, 2009	6.8296	6.8288	6.8296	6.8288	0.01%
Oct 30, 2009	6.8275	6.8296	6.8296	6.8275	-0.03%
Nov 01, 2009	6.8275	6.8275	6.8275	6.8245	0.00%
Nov 02, 2009	6.8289	6.8275	6.8289	6.8275	0.02%
Nov 03, 2009	6.8280	6.8289	6.8289	6.8280	-0.01%
Nov 04, 2009	6.8286	6.8280	6.8286	6.8278	0.01%
Nov 05, 2009	6.8276	6.8286	6.8286	6.8276	-0.01%
Nov 06, 2009	6.8274	6.8276	6.8276	6.8274	-0.00%
Nov 08, 2009	6.8274	6.8274	6.8274	6.8274	0.00%
Nov 09, 2009	6.8265	6.8274	6.8274	6.8265	-0.01%
Nov 10, 2009	6.8278	6.8265	6.8278	6.8265	0.02%
Nov 11, 2009	6.8264	6.8278	6.8278	6.8264	-0.02%
Nov 12, 2009	6.8266	6.8264	6.8266	6.8264	0.00%
Nov 13, 2009	6.8263	6.8266	6.8266	6.8263	-0.00%
Nov 15, 2009	6.8263	6.8263	6.8263	6.8245	0.00%
Nov 16, 2009	6.8265	6.8263	6.8265	6.8263	0.00%
Nov 17, 2009	6.8278	6.8265	6.8278	6.8265	0.02%
Nov 18, 2009	6.8269	6.8278	6.8278	6.8269	-0.01%
Nov 19, 2009	6.8278	6.8269	6.8278	6.8269	0.01%
Nov 20, 2009	6.8276	6.8278	6.8278	6.8276	-0.00%
Nov 22, 2009	6.8276	6.8276	6.8276	6.8245	0.00%
Nov 23, 2009	6.8317	6.8276	6.8317	6.8276	0.06%
Nov 24, 2009	6.8288	6.8317	6.8317	6.8245	-0.04%
Nov 25, 2009	6.8285	6.8288	6.8288	6.8285	-0.00%
Nov 26, 2009	6.8266	6.8285	6.8285	6.8266	-0.03%
Nov 27, 2009	6.8285	6.8266	6.8285	6.8245	0.03%
Nov 29, 2009	6.8285	6.8285	6.8285	6.8285	0.00%
Nov 30, 2009	6.8272	6.8285	6.8285	6.8272	-0.02%
Dec 01, 2009	6.8284	6.8272	6.8284	6.8272	0.02%
Dec 02, 2009	6.8268	6.8284	6.8284	6.8268	-0.02%
Dec 03, 2009	6.8267	6.8268	6.8268	6.8267	-0.00%
Dec 04, 2009	6.8266	6.8267	6.8269	6.8266	-0.00%
Dec 06, 2009	6.8266	6.8266	6.8266	6.8266	0.00%
Dec 07, 2009	6.8288	6.8266	6.8292	6.8266	0.03%
Dec 08, 2009	6.8279	6.8288	6.8288	6.8279	-0.01%
Dec 09, 2009	6.8284	6.8279	6.8284	6.8279	0.01%
Dec 10, 2009	6.8266	6.8284	6.8284	6.8266	-0.03%
Dec 11, 2009	6.8278	6.8266	6.8278	6.8266	0.02%
Dec 13, 2009	6.8278	6.8278	6.8278	6.8278	0.00%
Dec 14, 2009	6.8293	6.8278	6.8293	6.8278	0.02%
Dec 15, 2009	6.8286	6.8293	6.8293	6.8286	-0.01%
Dec 16, 2009	6.8287	6.8286	6.8287	6.8286	0.00%
Dec 17, 2009	6.8296	6.8287	6.8296	6.8287	0.01%
Dec 18, 2009	6.8285	6.8296	6.8296	6.8285	-0.02%
Dec 20, 2009	6.8285	6.8285	6.8285	6.8285	0.00%
Dec 21, 2009	6.8284	6.8285	6.8285	6.8284	-0.00%
Dec 22, 2009	6.8290	6.8284	6.8290	6.8284	0.01%
Dec 23, 2009	6.8280	6.8290	6.8290	6.8280	-0.01%
Dec 24, 2009	6.8280	6.8280	6.8280	6.8280	0.00%
Dec 25, 2009	6.8280	6.8280	6.8280	6.8245	0.00%
Dec 27, 2009	6.8280	6.8245	6.8280	6.8245	0.00%
Dec 28, 2009	6.8299	6.8280	6.8329	6.8280	0.03%
Dec 29, 2009	6.8287	6.8299	6.8299	6.8287	-0.02%
Dec 30, 2009	6.8272	6.8287	6.8287	6.8272	-0.02%
Dec 31, 2009	6.8272	6.8272	6.8272	6.8272	0.00%
Jan 01, 2010	6.8245	6.8272	6.8272	6.8245	-0.04%
Jan 03, 2010	6.8272	6.8272	6.8272	6.8272	0.04%
Jan 04, 2010	6.8269	6.8272	6.8272	6.8269	-0.00%
Jan 05, 2010	6.8270	6.8269	6.8270	6.8269	0.00%
Jan 06, 2010	6.8283	6.8270	6.8283	6.8270	0.02%
Jan 07, 2010	6.8278	6.8283	6.8283	6.8278	-0.01%
Jan 08, 2010	6.8275	6.8278	6.8280	6.8275	-0.00%
Jan 10, 2010	6.8275	6.8275	6.8275	6.8275	0.00%
Jan 11, 2010	6.8265	6.8275	6.8275	6.8265	-0.01%
Jan 12, 2010	6.8266	6.8265	6.8266	6.8265	0.00%
Jan 13, 2010	6.8268	6.8266	6.8268	6.8266	0.00%
Jan 14, 2010	6.8270	6.8268	6.8280	6.8268	0.00%
Jan 15, 2010	6.8270	6.8270	6.8270	6.8270	0.00%
Jan 17, 2010	6.8270	6.8270	6.8270	6.8270	0.00%
Jan 18, 2010	6.8268	6.8270	6.8270	6.8245	-0.00%
Jan 19, 2010	6.8268	6.8268	6.8268	6.8268	0.00%
Jan 20, 2010	6.8273	6.8268	6.8273	6.8268	0.01%
Jan 21, 2010	6.8277	6.8273	6.8277	6.8273	0.01%
Jan 22, 2010	6.8269	6.8277	6.8277	6.8269	-0.01%
Jan 24, 2010	6.8270	6.8245	6.8270	6.8245	0.00%
Jan 25, 2010	6.8269	6.8270	6.8270	6.8245	-0.00%
Jan 26, 2010	6.8266	6.8269	6.8270	6.8266	-0.00%
Jan 27, 2010	6.8270	6.8266	6.8270	6.8266	0.01%
Jan 28, 2010	6.8269	6.8270	6.8270	6.8269	-0.00%
Jan 29, 2010	6.8269	6.8269	6.8269	6.8269	0.00%
Jan 31, 2010	6.8269	6.8269	6.8269	6.8269	0.00%
Feb 01, 2010	6.8270	6.8269	6.8270	6.8269	0.00%
Feb 02, 2010	6.8250	6.8270	6.8283	6.8250	-0.03%
Feb 03, 2010	6.8269	6.8250	6.8269	6.8250	0.03%
Feb 04, 2010	6.8269	6.8269	6.8269	6.8245	0.00%
Feb 05, 2010	6.8285	6.8269	6.8285	6.8255	0.02%
Feb 07, 2010	6.8285	6.8285	6.8285	6.8285	0.00%
Feb 08, 2010	6.8270	6.8285	6.8285	6.8270	-0.02%
Feb 09, 2010	6.8266	6.8270	6.8270	6.8266	-0.01%
Feb 10, 2010	6.8290	6.8266	6.8290	6.8266	0.04%
Feb 11, 2010	6.8340	6.8290	6.8340	6.8290	0.07%
Feb 12, 2010	6.8335	6.8338	6.8338	6.8300	-0.01%
Feb 14, 2010	6.8335	6.8245	6.8335	6.8245	0.00%
Feb 15, 2010	6.8334	6.8335	6.8335	6.8334	-0.00%
Feb 16, 2010	6.8334	6.8334	6.8334	6.8334	0.00%
Feb 17, 2010	6.8334	6.8334	6.8334	6.8334	0.00%
Feb 18, 2010	6.8334	6.8334	6.8334	6.8334	0.00%
Feb 19, 2010	6.8291	6.8334	6.8334	6.8291	-0.06%
Feb 21, 2010	6.8291	6.8291	6.8291	6.8291	0.00%
Feb 22, 2010	6.8279	6.8291	6.8291	6.8279	-0.02%
Feb 23, 2010	6.8282	6.8279	6.8313	6.8279	0.00%
Feb 24, 2010	6.8270	6.8282	6.8282	6.8270	-0.02%
Feb 25, 2010	6.8269	6.8270	6.8271	6.8269	-0.00%
Feb 26, 2010	6.8267	6.8269	6.8269	6.8267	-0.00%
Feb 28, 2010	6.8267	6.8267	6.8267	6.8267	0.00%
Mar 01, 2010	6.8264	6.8267	6.8267	6.8264	-0.00%
Mar 02, 2010	6.8275	6.8264	6.8275	6.8264	0.02%
Mar 03, 2010	6.8259	6.8275	6.8275	6.8259	-0.02%
Mar 04, 2010	6.8266	6.8259	6.8266	6.8259	0.01%
Mar 05, 2010	6.8265	6.8266	6.8278	6.8265	-0.00%
Mar 07, 2010	6.8265	6.8265	6.8265	6.8265	0.00%
Mar 08, 2010	6.8270	6.8265	6.8270	6.8270	0.01%
Mar 18, 2010	6.8275	6.8245	6.8275	6.8275	0.01%
Mar 25, 2010	6.8274	6.8245	6.8274	6.8274	-0.00%
Mar 31, 2010	6.8259	6.8245	6.8259	6.8259	-0.02%
Apr 12, 2010	6.8259	6.8245	6.8259	6.8259	0.00%
Apr 19, 2010	6.8260	6.8245	6.8260	6.8260	0.00%
Apr 22, 2010	6.8269	6.8264	6.8269	6.8264	0.01%
Apr 23, 2010	6.8280	6.8269	6.8280	6.8269	0.02%
Apr 25, 2010	6.8280	6.8280	6.8280	6.8280	0.00%
Apr 26, 2010	6.8276	6.8280	6.8280	6.8276	-0.01%
Apr 27, 2010	6.8266	6.8276	6.8276	6.8266	-0.01%
Apr 28, 2010	6.8250	6.8266	6.8266	6.8250	-0.02%
Apr 29, 2010	6.8258	6.8250	6.8258	6.8250	0.01%
Apr 30, 2010	6.8260	6.8258	6.8260	6.8258	0.00%
May 02, 2010	6.8260	6.8260	6.8260	6.8260	0.00%
May 03, 2010	6.8250	6.8260	6.8260	6.8250	-0.01%
May 04, 2010	6.8263	6.8250	6.8263	6.8250	0.02%
May 05, 2010	6.8271	6.8263	6.8271	6.8263	0.01%
May 06, 2010	6.8268	6.8271	6.8271	6.8268	-0.00%
May 07, 2010	6.8257	6.8268	6.8268	6.8257	-0.02%
May 09, 2010	6.8257	6.8257	6.8257	6.8257	0.00%
May 10, 2010	6.8266	6.8257	6.8266	6.8257	0.01%
May 11, 2010	6.8277	6.8266	6.8277	6.8266	0.02%
May 12, 2010	6.8276	6.8277	6.8277	6.8276	-0.00%
May 13, 2010	6.8276	6.8276	6.8276	6.8276	0.00%
May 14, 2010	6.8266	6.8276	6.8276	6.8266	-0.01%
May 16, 2010	6.8266	6.8266	6.8266	6.8266	0.00%
May 17, 2010	6.8277	6.8266	6.8277	6.8266	0.02%
May 18, 2010	6.8270	6.8277	6.8277	6.8270	-0.01%
May 19, 2010	6.8275	6.8270	6.8275	6.8270	0.01%
May 20, 2010	6.8279	6.8275	6.8279	6.8275	0.01%
May 21, 2010	6.8263	6.8279	6.8284	6.8263	-0.02%
May 23, 2010	6.8263	6.8245	6.8263	6.8245	0.00%
May 24, 2010	6.8263	6.8263	6.8263	6.8263	0.00%
May 25, 2010	6.8313	6.8263	6.8313	6.8263	0.07%
May 26, 2010	6.8280	6.8313	6.8313	6.8245	-0.05%
May 27, 2010	6.8305	6.8280	6.8305	6.8245	0.04%
May 28, 2010	6.8303	6.8305	6.8305	6.8303	-0.00%
May 30, 2010	6.8303	6.8303	6.8303	6.8303	0.00%
May 31, 2010	6.8281	6.8303	6.8303	6.8281	-0.03%
Jun 01, 2010	6.8288	6.8281	6.8288	6.8281	0.01%
Jun 02, 2010	6.8313	6.8288	6.8313	6.8288	0.04%
Jun 03, 2010	6.8300	6.8313	6.8313	6.8300	-0.02%
Jun 04, 2010	6.8287	6.8300	6.8300	6.8287	-0.02%
Jun 06, 2010	6.8287	6.8287	6.8287	6.8287	0.00%
Jun 07, 2010	6.8306	6.8287	6.8306	6.8245	0.03%
Jun 08, 2010	6.8295	6.8306	6.8307	6.8295	-0.02%
Jun 09, 2010	6.8292	6.8295	6.8295	6.8245	-0.00%
Jun 10, 2010	6.8291	6.8292	6.8292	6.8291	-0.00%
Jun 11, 2010	6.8323	6.8291	6.8323	6.8291	0.05%
Jun 13, 2010	6.8323	6.8323	6.8323	6.8245	0.00%
Jun 14, 2010	6.8333	6.8323	6.8333	6.8323	0.01%
Jun 15, 2010	6.8333	6.8333	6.8333	6.8333	0.00%
Jun 16, 2010	6.8333	6.8333	6.8333	6.8333	0.00%
Jun 17, 2010	6.8293	6.8333	6.8333	6.8293	-0.06%
Jun 18, 2010	6.8286	6.8293	6.8293	6.8286	-0.01%
Jun 20, 2010	6.8286	6.8286	6.8286	6.8286	0.00%
Jun 21, 2010	6.7971	6.8286	6.8286	6.7971	-0.46%
Jun 22, 2010	6.8120	6.7971	6.8120	6.7971	0.22%
Jun 23, 2010	6.8104	6.8120	6.8245	6.8104	-0.02%
Jun 24, 2010	6.8010	6.8104	6.8107	6.8010	-0.14%
Jun 25, 2010	6.7922	6.8010	6.8010	6.7922	-0.13%
Jun 27, 2010	6.7922	6.7922	6.7922	6.7922	0.00%
Jun 28, 2010	6.7941	6.7922	6.7941	6.7910	0.03%
Jun 29, 2010	6.7990	6.7941	6.7990	6.7941	0.07%
Jun 30, 2010	6.7820	6.7990	6.7990	6.7820	-0.25%
Jul 01, 2010	6.7810	6.7820	6.7810	6.7810	-0.01%
Jul 02, 2010	6.7716	6.7810	6.7810	6.7716	-0.14%
Jul 04, 2010	6.7716	6.7716	6.7716	6.7716	0.00%
Jul 05, 2010	6.7764	6.7716	6.7764	6.7695	0.07%
Jul 06, 2010	6.7805	6.7764	6.7805	6.7735	0.06%
Jul 07, 2010	6.7756	6.7805	6.7756	6.7780	-0.07%
Jul 08, 2010	6.7756	6.7780	6.7756	6.7756	0.00%
Jul 09, 2010	6.7738	6.7756	6.7756	6.7728	-0.03%
Jul 11, 2010	6.7738	6.7738	6.7738	6.7738	0.00%
Jul 12, 2010	6.7717	6.7738	6.7738	6.7706	-0.03%
Jul 13, 2010	6.7723	6.7717	6.7723	6.7717	0.01%
Jul 14, 2010	6.7731	6.7723	6.7759	6.7717	0.01%
Jul 15, 2010	6.7755	6.7731	6.7781	6.7724	0.04%
Jul 16, 2010	6.7746	6.7755	6.7777	6.7730	-0.01%
Jul 18, 2010	6.7746	6.7746	6.7746	6.7746	0.00%
Jul 19, 2010	6.7790	6.7746	6.7824	6.7746	0.06%
Jul 20, 2010	6.7785	6.7790	6.7821	6.7752	-0.01%
Jul 21, 2010	6.7785	6.7785	6.7796	6.7752	0.00%
Jul 22, 2010	6.7781	6.7785	6.7832	6.7770	-0.01%
Jul 23, 2010	6.7795	6.7781	6.7804	6.7760	0.02%
Jul 25, 2010	6.7795	6.7795	6.7795	6.7795	0.00%
Jul 26, 2010	6.7796	6.7795	6.7815	6.7778	0.00%
Jul 27, 2010	6.7776	6.7796	6.7807	6.7739	-0.03%
Jul 30, 2010	6.7752	6.7770	6.7770	6.7732	-0.04%
Aug 01, 2010	6.7752	6.7752	6.7752	6.7752	0.00%
Aug 02, 2010	6.7743	6.7752	6.7752	6.7726	-0.01%
Aug 03, 2010	6.7737	6.7743	6.7752	6.7718	-0.01%
Aug 04, 2010	6.7730	6.7737	6.7740	6.7710	-0.01%
Aug 05, 2010	6.7715	6.7730	6.7766	6.7710	-0.02%
Aug 06, 2010	6.7683	6.7715	6.7730	6.7680	-0.05%
Aug 08, 2010	6.7683	6.7683	6.7683	6.7683	0.00%
Aug 09, 2010	6.7655	6.7683	6.7683	6.7655	-0.04%
Aug 10, 2010	6.7730	6.7655	6.7730	6.7655	0.11%
Aug 11, 2010	6.7737	6.7730	6.7737	6.7730	0.01%
Aug 12, 2010	6.7848	6.7737	6.7848	6.7737	0.16%
Aug 13, 2010	6.7960	6.7848	6.7960	6.7848	0.17%
Aug 15, 2010	6.7960	6.7960	6.7960	6.7960	0.00%
Aug 16, 2010	6.8041	6.7960	6.8041	6.7960	0.12%
Aug 17, 2010	6.7923	6.8041	6.8041	6.7923	-0.17%
Aug 18, 2010	6.7900	6.7923	6.7934	6.7900	-0.03%
Aug 19, 2010	6.7900	6.7900	6.7906	6.7900	0.00%
Aug 20, 2010	6.7908	6.7900	6.7908	6.7875	0.01%
Aug 22, 2010	6.7908	6.7908	6.7908	6.7908	0.00%
Aug 23, 2010	6.8000	6.7908	6.8000	6.7908	0.14%
Aug 24, 2010	6.7969	6.8000	6.8001	6.7969	-0.05%
Aug 25, 2010	6.7995	6.7969	6.7995	6.7969	0.04%
Aug 26, 2010	6.8002	6.7995	6.8002	6.7995	0.01%
Aug 27, 2010	6.7980	6.8002	6.8002	6.7980	-0.03%
Aug 29, 2010	6.7980	6.7980	6.7980	6.7980	0.00%
Aug 30, 2010	6.8033	6.7980	6.8033	6.7980	0.08%
Aug 31, 2010	6.8088	6.8033	6.8088	6.8033	0.08%
Sep 01, 2010	6.8109	6.8088	6.8109	6.8088	0.03%
Sep 02, 2010	6.8060	6.8109	6.8110	6.8060	-0.07%
Sep 03, 2010	6.8033	6.8060	6.8067	6.8033	-0.04%
Sep 05, 2010	6.8033	6.8033	6.8033	6.8033	0.00%
Sep 06, 2010	6.7870	6.8033	6.8033	6.7870	-0.24%
Sep 07, 2010	6.7911	6.7870	6.7911	6.7870	0.06%
Sep 08, 2010	6.7967	6.7911	6.7967	6.7911	0.08%
Sep 09, 2010	6.7828	6.7967	6.7967	6.7828	-0.20%
Sep 10, 2010	6.7706	6.7828	6.7828	6.7706	-0.18%
Sep 12, 2010	6.7706	6.7706	6.7706	6.7706	0.00%
Sep 13, 2010	6.7597	6.7706	6.7706	6.7597	-0.16%
Sep 14, 2010	6.7460	6.7597	6.7597	6.7460	-0.20%
Sep 15, 2010	6.7395	6.7460	6.7460	6.7395	-0.10%
Sep 16, 2010	6.7245	6.7395	6.7395	6.7245	-0.22%
Sep 17, 2010	6.7269	6.7245	6.7269	6.7235	0.04%
Sep 19, 2010	6.7269	6.7269	6.7269	6.7269	0.00%
Sep 20, 2010	6.7138	6.7269	6.7269	6.7138	-0.19%
Sep 21, 2010	6.7067	6.7138	6.7138	6.7067	-0.11%
Sep 22, 2010	6.7040	6.7067	6.7067	6.7040	-0.04%
Sep 23, 2010	6.7040	6.7040	6.7040	6.7040	0.00%
Sep 24, 2010	6.7040	6.7040	6.7040	6.7040	0.00%
Sep 26, 2010	6.7040	6.7040	6.7040	6.7040	0.00%
Sep 27, 2010	6.6923	6.7040	6.7040	6.6923	-0.17%
Sep 28, 2010	6.6909	6.6923	6.6932	6.6909	-0.02%
Sep 29, 2010	6.6884	6.6909	6.6909	6.6884	-0.04%
Sep 30, 2010	6.6931	6.6884	6.6931	6.6870	0.07%
Oct 01, 2010	6.6900	6.6931	6.6931	6.6900	-0.05%
Oct 03, 2010	6.6900	6.6900	6.6900	6.6900	0.00%
Oct 04, 2010	6.6900	6.6900	6.6900	6.6900	0.00%
Oct 05, 2010	6.6900	6.6900	6.6900	6.6900	0.00%
Oct 06, 2010	6.6918	6.6900	6.6918	6.6900	0.03%
Oct 07, 2010	6.6900	6.6918	6.6918	6.6900	-0.03%
Oct 08, 2010	6.6720	6.6900	6.6900	6.6720	-0.27%
Oct 10, 2010	6.6720	6.6720	6.6720	6.6720	0.00%
Oct 11, 2010	6.6690	6.6720	6.6720	6.6690	-0.04%
Oct 12, 2010	6.6745	6.6690	6.6745	6.6690	0.08%
Oct 13, 2010	6.6660	6.6745	6.6745	6.6660	-0.13%
Oct 14, 2010	6.6534	6.6660	6.6660	6.6534	-0.19%
Oct 15, 2010	6.6410	6.6534	6.6534	6.6410	-0.19%
Oct 17, 2010	6.6410	6.6410	6.6410	6.6410	0.00%
Oct 18, 2010	6.6442	6.6410	6.6442	6.6410	0.05%
Oct 19, 2010	6.6446	6.6442	6.6446	6.6442	0.01%
Oct 20, 2010	6.6505	6.6446	6.6505	6.6446	0.09%
Oct 21, 2010	6.6488	6.6505	6.6505	6.6488	-0.03%
Oct 22, 2010	6.6590	6.6488	6.6590	6.6488	0.15%
Oct 24, 2010	6.6590	6.6590	6.6590	6.6590	0.00%
Oct 25, 2010	6.6582	6.6590	6.6590	6.6582	-0.01%
Oct 26, 2010	6.6615	6.6582	6.6615	6.6582	0.05%
Oct 27, 2010	6.6794	6.6615	6.6794	6.6615	0.27%
Oct 28, 2010	6.6865	6.6794	6.6865	6.6794	0.11%
Oct 29, 2010	6.6707	6.6865	6.6865	6.6707	-0.24%
Oct 31, 2010	6.6707	6.6707	6.6707	6.6707	0.00%
Nov 01, 2010	6.6929	6.6707	6.6929	6.6707	0.33%
Nov 02, 2010	6.6786	6.6929	6.6929	6.6786	-0.21%
Nov 03, 2010	6.6752	6.6786	6.6786	6.6752	-0.05%
Nov 04, 2010	6.6623	6.6752	6.6780	6.6623	-0.19%
Nov 05, 2010	6.6558	6.6623	6.6625	6.6558	-0.10%
Nov 07, 2010	6.6558	6.6558	6.6558	6.6558	0.00%
Nov 08, 2010	6.6812	6.6558	6.6812	6.6558	0.38%
Nov 09, 2010	6.6435	6.6812	6.6836	6.6435	-0.56%
Nov 10, 2010	6.6345	6.6435	6.6435	6.6345	-0.14%
Nov 11, 2010	6.6250	6.6345	6.6345	6.6250	-0.14%
Nov 12, 2010	6.6382	6.6250	6.6382	6.6250	0.20%
Nov 14, 2010	6.6382	6.6382	6.6382	6.6382	0.00%
Nov 15, 2010	6.6431	6.6382	6.6431	6.6382	0.07%
Nov 16, 2010	6.6395	6.6431	6.6466	6.6395	-0.05%
Nov 17, 2010	6.6433	6.6395	6.6450	6.6395	0.06%
Nov 18, 2010	6.6334	6.6433	6.6433	6.6334	-0.15%
Nov 19, 2010	6.6380	6.6334	6.6380	6.6334	0.07%
Nov 21, 2010	6.6380	6.6380	6.6380	6.6380	0.00%
Nov 22, 2010	6.6423	6.6380	6.6423	6.6380	0.06%
Nov 23, 2010	6.6443	6.6423	6.6443	6.6423	0.03%
Nov 24, 2010	6.6540	6.6443	6.6540	6.6443	0.15%
Nov 25, 2010	6.6495	6.6540	6.6540	6.6495	-0.07%
Nov 26, 2010	6.6680	6.6495	6.6680	6.6495	0.28%
Nov 28, 2010	6.6680	6.6680	6.6680	6.6680	0.00%
Nov 29, 2010	6.6605	6.6680	6.6698	6.6605	-0.11%
Nov 30, 2010	6.6671	6.6605	6.6671	6.6605	0.10%
Dec 01, 2010	6.6632	6.6671	6.6671	6.6632	-0.06%
Dec 02, 2010	6.6613	6.6632	6.6635	6.6613	-0.03%
Dec 03, 2010	6.6633	6.6613	6.6633	6.6590	0.03%
Dec 05, 2010	6.6633	6.6633	6.6633	6.6633	0.00%
Dec 06, 2010	6.6480	6.6633	6.6633	6.6480	-0.23%
Dec 07, 2010	6.6457	6.6480	6.6480	6.6457	-0.03%
Dec 08, 2010	6.6613	6.6457	6.6613	6.6457	0.23%
Dec 09, 2010	6.6550	6.6613	6.6613	6.6550	-0.09%
Dec 10, 2010	6.6573	6.6550	6.6573	6.6536	0.03%
Dec 12, 2010	6.6573	6.6573	6.6573	6.6573	0.00%
Dec 13, 2010	6.6664	6.6573	6.6664	6.6573	0.14%
Dec 14, 2010	6.6550	6.6664	6.6664	6.6550	-0.17%
Dec 15, 2010	6.6550	6.6550	6.6581	6.6550	0.00%
Dec 16, 2010	6.6660	6.6550	6.6660	6.6550	0.17%
Dec 17, 2010	6.6560	6.6660	6.6660	6.6560	-0.15%
Dec 19, 2010	6.6560	6.6560	6.6560	6.6560	0.00%
Dec 20, 2010	6.6748	6.6560	6.6748	6.6560	0.28%
Dec 21, 2010	6.6585	6.6748	6.6748	6.6585	-0.24%
Dec 22, 2010	6.6460	6.6585	6.6585	6.6460	-0.19%
Dec 23, 2010	6.6475	6.6460	6.6475	6.6442	0.02%
Dec 24, 2010	6.6475	6.6475	6.6475	6.6475	0.00%
Dec 26, 2010	6.6475	6.6475	6.6475	6.6475	0.00%
Dec 27, 2010	6.6324	6.6475	6.6475	6.6324	-0.23%
Dec 28, 2010	6.6260	6.6324	6.6324	6.6260	-0.10%
Dec 29, 2010	6.6224	6.6260	6.6260	6.6224	-0.05%
Dec 30, 2010	6.6016	6.6224	6.6224	6.6016	-0.31%
Dec 31, 2010	6.6016	6.6016	6.6016	6.6016	0.00%
Jan 02, 2011	6.6016	6.6016	6.6016	6.6016	0.00%
Jan 03, 2011	6.5900	6.6016	6.6016	6.5900	-0.18%
Jan 04, 2011	6.6070	6.5900	6.6070	6.5900	0.26%
Jan 05, 2011	6.5875	6.6070	6.6180	6.5875	-0.30%
Jan 06, 2011	6.6265	6.5875	6.6265	6.5875	0.59%
Jan 07, 2011	6.6275	6.6265	6.6275	6.6265	0.02%
Jan 09, 2011	6.6275	6.6275	6.6275	6.6275	0.00%
Jan 10, 2011	6.6360	6.6275	6.6360	6.6275	0.13%
Jan 11, 2011	6.6200	6.6360	6.6360	6.6200	-0.24%
Jan 12, 2011	6.6042	6.6200	6.6200	6.6042	-0.24%
Jan 13, 2011	6.6057	6.6042	6.6057	6.6015	0.02%
Jan 14, 2011	6.5892	6.6057	6.6057	6.5892	-0.25%
Jan 16, 2011	6.5892	6.5892	6.5892	6.5892	0.00%
Jan 17, 2011	6.5933	6.5892	6.5933	6.5892	0.06%
Jan 18, 2011	6.5846	6.5933	6.5933	6.5846	-0.13%
Jan 19, 2011	6.5827	6.5846	6.5846	6.5827	-0.03%
Jan 20, 2011	6.5866	6.5827	6.5866	6.5827	0.06%
Jan 21, 2011	6.5836	6.5866	6.5866	6.5836	-0.05%
Jan 23, 2011	6.5836	6.5836	6.5836	6.5836	0.00%
Jan 24, 2011	6.5824	6.5836	6.5836	6.5824	-0.02%
Jan 25, 2011	6.5826	6.5824	6.5826	6.5820	0.00%
Jan 26, 2011	6.5820	6.5826	6.5834	6.5820	-0.01%
Jan 27, 2011	6.5819	6.5820	6.5820	6.5819	-0.00%
Jan 28, 2011	6.5825	6.5819	6.5825	6.5819	0.01%
Jan 30, 2011	6.5825	6.5825	6.5825	6.5825	0.00%
Jan 31, 2011	6.6048	6.5825	6.6048	6.5825	0.34%
Feb 01, 2011	6.5948	6.6048	6.6048	6.5948	-0.15%
Feb 02, 2011	6.5585	6.5948	6.5948	6.5585	-0.55%
Feb 03, 2011	6.5585	6.5585	6.5585	6.5585	0.00%
Feb 04, 2011	6.5585	6.5585	6.5585	6.5585	0.00%
Feb 06, 2011	6.5585	6.5585	6.5585	6.5585	0.00%
Feb 07, 2011	6.5626	6.5585	6.5626	6.5585	0.06%
Feb 08, 2011	6.5545	6.5626	6.5626	6.5545	-0.12%
Feb 09, 2011	6.5902	6.5545	6.5902	6.5545	0.54%
Feb 10, 2011	6.5845	6.5902	6.5902	6.5845	-0.09%
Feb 11, 2011	6.5898	6.5845	6.5898	6.5845	0.08%
Feb 13, 2011	6.5898	6.5898	6.5898	6.5898	0.00%
Feb 14, 2011	6.5953	6.5898	6.5953	6.5898	0.08%
Feb 15, 2011	6.5914	6.5953	6.5953	6.5914	-0.06%
Feb 16, 2011	6.5886	6.5914	6.5914	6.5886	-0.04%
Feb 17, 2011	6.5837	6.5886	6.5886	6.5837	-0.07%
Feb 18, 2011	6.5755	6.5837	6.5837	6.5755	-0.12%
Feb 20, 2011	6.5755	6.5755	6.5755	6.5755	0.00%
Feb 21, 2011	6.5699	6.5755	6.5755	6.5699	-0.09%
Feb 22, 2011	6.5790	6.5699	6.5790	6.5699	0.14%
Feb 23, 2011	6.5760	6.5790	6.5790	6.5760	-0.05%
Feb 24, 2011	6.5745	6.5760	6.5775	6.5745	-0.02%
Feb 25, 2011	6.5730	6.5745	6.5761	6.5730	-0.02%
Feb 27, 2011	6.5730	6.5730	6.5730	6.5730	0.00%
Feb 28, 2011	6.5695	6.5730	6.5739	6.5695	-0.05%
Mar 01, 2011	6.5710	6.5695	6.5710	6.5695	0.02%
Mar 02, 2011	6.5727	6.5710	6.5727	6.5710	0.03%
Mar 03, 2011	6.5724	6.5727	6.5727	6.5724	-0.00%
Mar 04, 2011	6.5690	6.5724	6.5724	6.5690	-0.05%
Mar 06, 2011	6.5690	6.5690	6.5690	6.5690	0.00%
Mar 07, 2011	6.5565	6.5690	6.5690	6.5565	-0.19%
Mar 08, 2011	6.5673	6.5565	6.5673	6.5565	0.16%
Mar 09, 2011	6.5605	6.5673	6.5696	6.5605	-0.10%
Mar 10, 2011	6.5733	6.5605	6.5733	6.5605	0.20%
Mar 11, 2011	6.5755	6.5733	6.5755	6.5733	0.03%
Mar 13, 2011	6.5755	6.5755	6.5755	6.5755	0.00%
Mar 14, 2011	6.5704	6.5755	6.5755	6.5704	-0.08%
Mar 15, 2011	6.5724	6.5704	6.5724	6.5704	0.03%
Mar 16, 2011	6.5716	6.5724	6.5724	6.5716	-0.01%
Mar 17, 2011	6.5772	6.5716	6.5772	6.5716	0.09%
Mar 18, 2011	6.5694	6.5772	6.5772	6.5694	-0.12%
Mar 20, 2011	6.5694	6.5694	6.5694	6.5694	0.00%
Mar 21, 2011	6.5650	6.5694	6.5694	6.5650	-0.07%
Mar 22, 2011	6.5525	6.5650	6.5650	6.5525	-0.19%
Mar 23, 2011	6.5580	6.5525	6.5580	6.5525	0.08%
Mar 24, 2011	6.5605	6.5580	6.5605	6.5580	0.04%
Mar 25, 2011	6.5600	6.5605	6.5605	6.5600	-0.01%
Mar 28, 2011	6.5645	6.5600	6.5645	6.5600	0.07%
Mar 29, 2011	6.5629	6.5645	6.5645	6.5629	-0.02%
Mar 30, 2011	6.5629	6.5629	6.5629	6.5586	0.00%
Mar 31, 2011	6.5455	6.5629	6.5629	6.5455	-0.27%
Apr 01, 2011	6.5492	6.5455	6.5492	6.5455	0.06%
Apr 03, 2011	6.5492	6.5492	6.5492	6.5492	0.00%
Apr 04, 2011	6.5400	6.5492	6.5492	6.5400	-0.14%
Apr 05, 2011	6.5405	6.5400	6.5405	6.5400	0.01%
Apr 06, 2011	6.5458	6.5405	6.5458	6.5405	0.08%
Apr 07, 2011	6.5444	6.5458	6.5458	6.5444	-0.02%
Apr 08, 2011	6.5364	6.5444	6.5444	6.5364	-0.12%
Apr 10, 2011	6.5364	6.5364	6.5364	6.5364	0.00%
Apr 11, 2011	6.5375	6.5364	6.5375	6.5364	0.02%
Apr 12, 2011	6.5417	6.5375	6.5417	6.5375	0.06%
Apr 13, 2011	6.5337	6.5417	6.5417	6.5337	-0.12%
Apr 14, 2011	6.5295	6.5337	6.5337	6.5295	-0.06%
Apr 15, 2011	6.5304	6.5295	6.5304	6.5295	0.01%
Apr 17, 2011	6.5304	6.5304	6.5304	6.5304	0.00%
Apr 18, 2011	6.5289	6.5304	6.5304	6.5289	-0.02%
Apr 19, 2011	6.5323	6.5289	6.5323	6.5289	0.05%
Apr 20, 2011	6.5252	6.5323	6.5323	6.5252	-0.11%
Apr 21, 2011	6.4940	6.5252	6.5252	6.4940	-0.48%
Apr 22, 2011	6.4940	6.4940	6.4940	6.4940	0.00%
Apr 24, 2011	6.4940	6.4940	6.4940	6.4940	0.00%
Apr 25, 2011	6.4940	6.4940	6.4940	6.4940	0.00%
Apr 26, 2011	6.5279	6.4940	6.5279	6.4940	0.52%
Apr 27, 2011	6.5118	6.5279	6.5279	6.5118	-0.25%
Apr 28, 2011	6.5018	6.5118	6.5118	6.5018	-0.15%
Apr 29, 2011	6.4910	6.5018	6.5018	6.4910	-0.17%
May 01, 2011	6.4914	6.4914	6.4914	6.4914	0.01%
May 02, 2011	6.4925	6.4914	6.4925	6.4900	0.02%
May 03, 2011	6.5040	6.4925	6.5040	6.4925	0.18%
May 04, 2011	6.4938	6.5040	6.5040	6.4938	-0.16%
May 05, 2011	6.4941	6.4938	6.4941	6.4938	0.00%
May 06, 2011	6.4932	6.4941	6.4961	6.4932	-0.01%
May 08, 2011	6.4925	6.4925	6.4925	6.4925	-0.01%
May 09, 2011	6.4940	6.4925	6.4940	6.4925	0.02%
May 10, 2011	6.4917	6.4940	6.4943	6.4917	-0.04%
May 11, 2011	6.4938	6.4917	6.4938	6.4917	0.03%
May 12, 2011	6.4990	6.4938	6.4990	6.4938	0.08%
May 13, 2011	6.4985	6.4990	6.4996	6.4985	-0.01%
May 15, 2011	6.4965	6.4965	6.4965	6.4965	-0.03%
May 16, 2011	6.5087	6.4965	6.5087	6.4965	0.19%
May 17, 2011	6.5060	6.5087	6.5087	6.5060	-0.04%
May 18, 2011	6.5060	6.5060	6.5060	6.5033	0.00%
May 19, 2011	6.5050	6.5060	6.5060	6.5050	-0.02%
May 20, 2011	6.4930	6.5050	6.5050	6.4930	-0.18%
May 22, 2011	6.4942	6.4942	6.4942	6.4942	0.02%
May 23, 2011	6.5050	6.4942	6.5050	6.4942	0.17%
May 24, 2011	6.4985	6.5050	6.5050	6.4985	-0.10%
May 25, 2011	6.4940	6.4985	6.4985	6.4940	-0.07%
May 26, 2011	6.4905	6.4940	6.4940	6.4905	-0.05%
May 27, 2011	6.4930	6.4905	6.4930	6.4905	0.04%
May 29, 2011	6.4912	6.4912	6.4912	6.4912	-0.03%
May 30, 2011	6.4838	6.4912	6.4912	6.4838	-0.11%
May 31, 2011	6.4795	6.4838	6.4865	6.4795	-0.07%
Jun 01, 2011	6.4790	6.4795	6.4795	6.4790	-0.01%
Jun 02, 2011	6.4833	6.4790	6.4833	6.4785	0.07%
Jun 03, 2011	6.4793	6.4833	6.4833	6.4793	-0.06%
Jun 05, 2011	6.4798	6.4798	6.4798	6.4798	0.01%
Jun 06, 2011	6.4793	6.4798	6.4798	6.4793	-0.01%
Jun 07, 2011	6.4820	6.4793	6.4820	6.4793	0.04%
Jun 08, 2011	6.4750	6.4820	6.4820	6.4750	-0.11%
Jun 09, 2011	6.4770	6.4750	6.4770	6.4750	0.03%
Jun 10, 2011	6.4823	6.4770	6.4823	6.4769	0.08%
Jun 12, 2011	6.4823	6.4823	6.4823	6.4823	0.00%
Jun 13, 2011	6.4840	6.4823	6.4840	6.4823	0.03%
Jun 14, 2011	6.4797	6.4840	6.4853	6.4797	-0.07%
Jun 15, 2011	6.4822	6.4797	6.4822	6.4797	0.04%
Jun 16, 2011	6.4750	6.4822	6.4825	6.4750	-0.11%
Jun 17, 2011	6.4710	6.4750	6.4750	6.4710	-0.06%
Jun 19, 2011	6.4720	6.4720	6.4720	6.4720	0.02%
Jun 20, 2011	6.4785	6.4720	6.4785	6.4720	0.10%
Jun 21, 2011	6.4670	6.4785	6.4785	6.4670	-0.18%
Jun 22, 2011	6.4631	6.4670	6.4670	6.4631	-0.06%
Jun 23, 2011	6.4680	6.4631	6.4680	6.4631	0.08%
Jun 24, 2011	6.4739	6.4680	6.4739	6.4680	0.09%
Jun 26, 2011	6.4739	6.4739	6.4739	6.4739	0.00%
Jun 27, 2011	6.4825	6.4739	6.4825	6.4739	0.13%
Jun 28, 2011	6.4695	6.4825	6.4825	6.4695	-0.20%
Jun 29, 2011	6.4635	6.4695	6.4695	6.4635	-0.09%
Jun 30, 2011	6.4642	6.4635	6.4642	6.4630	0.01%
Jul 01, 2011	6.4660	6.4642	6.4660	6.4639	0.03%
Jul 03, 2011	6.4653	6.4653	6.4653	6.4653	-0.01%
Jul 04, 2011	6.4609	6.4653	6.4653	6.4609	-0.07%
Jul 05, 2011	6.4670	6.4609	6.4685	6.4609	0.09%
Jul 06, 2011	6.4680	6.4670	6.4680	6.4659	0.02%
Jul 07, 2011	6.4660	6.4680	6.4680	6.4660	-0.03%
Jul 08, 2011	6.4645	6.4660	6.4662	6.4645	-0.02%
Jul 10, 2011	6.4662	6.4662	6.4662	6.4662	0.03%
Jul 11, 2011	6.4683	6.4662	6.4683	6.4656	0.03%
Jul 12, 2011	6.4622	6.4683	6.4692	6.4622	-0.09%
Jul 13, 2011	6.4992	6.4622	6.4992	6.4592	0.57%
Jul 14, 2011	6.4351	6.4992	6.5016	6.4351	-0.99%
Jul 15, 2011	6.4354	6.4351	6.4354	6.4349	0.00%
Jul 18, 2011	6.4690	6.4620	6.4690	6.4620	0.52%
Jul 19, 2011	6.4649	6.4690	6.4690	6.4649	-0.06%
Jul 20, 2011	6.4567	6.4649	6.4649	6.4567	-0.13%
Jul 21, 2011	6.4535	6.4567	6.4567	6.4535	-0.05%
Jul 22, 2011	6.4474	6.4535	6.4535	6.4474	-0.09%
Jul 24, 2011	6.4466	6.4466	6.4466	6.4466	-0.01%
Jul 25, 2011	6.4455	6.4466	6.4476	6.4455	-0.02%
Jul 26, 2011	6.4385	6.4455	6.4455	6.4385	-0.11%
Jul 27, 2011	6.4436	6.4385	6.4436	6.4385	0.08%
Jul 28, 2011	6.4440	6.4436	6.4440	6.4425	0.01%
Jul 29, 2011	6.4370	6.4440	6.4440	6.4370	-0.11%
Jul 31, 2011	6.4387	6.4387	6.4387	6.4387	0.03%
Aug 01, 2011	6.4356	6.4387	6.4387	6.4356	-0.05%
Aug 02, 2011	6.4392	6.4356	6.4392	6.4356	0.06%
Aug 03, 2011	6.4370	6.4392	6.4400	6.4370	-0.03%
Aug 04, 2011	6.4378	6.4370	6.4378	6.4370	0.01%
Aug 05, 2011	6.4407	6.4378	6.4407	6.4378	0.05%
Aug 07, 2011	6.4407	6.4407	6.4407	6.4407	0.00%
Aug 08, 2011	6.4353	6.4407	6.4407	6.4353	-0.08%
Aug 09, 2011	6.4310	6.4353	6.4372	6.4310	-0.07%
Aug 10, 2011	6.4177	6.4310	6.4310	6.4177	-0.21%
Aug 11, 2011	6.3922	6.4177	6.4177	6.3922	-0.40%
Aug 12, 2011	6.3913	6.3922	6.3943	6.3913	-0.01%
Aug 14, 2011	6.3913	6.3913	6.3913	6.3913	0.00%
Aug 15, 2011	6.3903	6.3913	6.3913	6.3903	-0.02%
Aug 16, 2011	6.3836	6.3903	6.3903	6.3836	-0.10%
Aug 17, 2011	6.3878	6.3836	6.3878	6.3836	0.07%
Aug 18, 2011	6.3883	6.3878	6.3883	6.3872	0.01%
Aug 19, 2011	6.3915	6.3883	6.3915	6.3883	0.05%
Aug 21, 2011	6.3920	6.3920	6.3920	6.3920	0.01%
Aug 22, 2011	6.4005	6.3920	6.4005	6.3920	0.13%
Aug 23, 2011	6.3960	6.4005	6.4005	6.3960	-0.07%
Aug 24, 2011	6.3885	6.3960	6.3960	6.3885	-0.12%
Aug 25, 2011	6.3910	6.3885	6.3910	6.3885	0.04%
Aug 26, 2011	6.3870	6.3910	6.3910	6.3870	-0.06%
Aug 28, 2011	6.3862	6.3862	6.3862	6.3862	-0.01%
Aug 29, 2011	6.3670	6.3862	6.3862	6.3670	-0.30%
Aug 30, 2011	6.3808	6.3670	6.3808	6.3670	0.22%
Aug 31, 2011	6.3790	6.3808	6.3808	6.3790	-0.03%
Sep 01, 2011	6.3815	6.3790	6.3815	6.3786	0.04%
Sep 02, 2011	6.3830	6.3815	6.3830	6.3815	0.02%
Sep 04, 2011	6.3815	6.3815	6.3815	6.3815	-0.02%
Sep 05, 2011	6.3877	6.3815	6.3877	6.3815	0.10%
Sep 06, 2011	6.3905	6.3877	6.3905	6.3877	0.04%
Sep 07, 2011	6.3930	6.3905	6.3930	6.3903	0.04%
Sep 08, 2011	6.3822	6.3930	6.3930	6.3822	-0.17%
Sep 09, 2011	6.3883	6.3822	6.3883	6.3822	0.10%
Sep 11, 2011	6.3876	6.3876	6.3876	6.3876	-0.01%
Sep 12, 2011	6.4030	6.3876	6.4030	6.3876	0.24%
Sep 13, 2011	6.3990	6.4030	6.4030	6.3990	-0.06%
Sep 14, 2011	6.3970	6.3990	6.3990	6.3970	-0.03%
Sep 15, 2011	6.3890	6.3970	6.3970	6.3890	-0.13%
Sep 16, 2011	6.3830	6.3890	6.3890	6.3830	-0.09%
Sep 18, 2011	6.3830	6.3830	6.3830	6.3830	0.00%
Sep 19, 2011	6.3905	6.3830	6.3905	6.3830	0.12%
Sep 20, 2011	6.3840	6.3905	6.3905	6.3840	-0.10%
Sep 21, 2011	6.3821	6.3840	6.3840	6.3821	-0.03%
Sep 22, 2011	6.3905	6.3821	6.3905	6.3821	0.13%
Sep 23, 2011	6.3901	6.3905	6.3939	6.3901	-0.01%
Sep 25, 2011	6.3901	6.3901	6.3901	6.3901	0.00%
Sep 26, 2011	6.4020	6.3901	6.4020	6.3874	0.19%
Sep 27, 2011	6.3982	6.4020	6.4020	6.3982	-0.06%
Sep 28, 2011	6.3940	6.3982	6.3982	6.3940	-0.07%
Sep 29, 2011	6.3975	6.3940	6.3975	6.3940	0.05%
Sep 30, 2011	6.3863	6.3975	6.3975	6.3863	-0.18%
Oct 02, 2011	6.3863	6.3863	6.3863	6.3863	0.00%
Oct 03, 2011	6.3960	6.3863	6.3960	6.3750	0.15%
Oct 04, 2011	6.3750	6.3960	6.3960	6.3750	-0.33%
Oct 05, 2011	6.3750	6.3750	6.3795	6.3750	0.00%
Oct 06, 2011	6.3790	6.3750	6.3790	6.3750	0.06%
Oct 07, 2011	6.3580	6.3790	6.3790	6.3580	-0.33%
Oct 09, 2011	6.3750	6.3750	6.3750	6.3750	0.27%
Oct 10, 2011	6.3485	6.3750	6.3750	6.3485	-0.42%
Oct 11, 2011	6.3755	6.3485	6.3755	6.3485	0.43%
Oct 12, 2011	6.3595	6.3755	6.3755	6.3595	-0.25%
Oct 13, 2011	6.3830	6.3595	6.3830	6.3595	0.37%
Oct 14, 2011	6.3790	6.3830	6.3830	6.3790	-0.06%
Oct 16, 2011	6.3808	6.3808	6.3808	6.3808	0.03%
Oct 17, 2011	6.3705	6.3808	6.3808	6.3705	-0.16%
Oct 18, 2011	6.3840	6.3705	6.3840	6.3705	0.21%
Oct 19, 2011	6.3815	6.3840	6.3840	6.3815	-0.04%
Oct 20, 2011	6.3827	6.3815	6.3827	6.3797	0.02%
Oct 21, 2011	6.3840	6.3827	6.3840	6.3805	0.02%
Oct 23, 2011	6.3835	6.3835	6.3835	6.3835	-0.01%
Oct 24, 2011	6.3790	6.3835	6.3835	6.3790	-0.07%
Oct 25, 2011	6.3670	6.3790	6.3790	6.3670	-0.19%
Oct 26, 2011	6.3545	6.3670	6.3670	6.3545	-0.20%
Oct 27, 2011	6.3615	6.3545	6.3615	6.3537	0.11%
Oct 28, 2011	6.3640	6.3615	6.3640	6.3588	0.04%
Oct 30, 2011	6.3588	6.3588	6.3588	6.3588	-0.08%
Oct 31, 2011	6.3552	6.3588	6.3588	6.3552	-0.06%
Nov 01, 2011	6.3563	6.3552	6.3563	6.3552	0.02%
Nov 02, 2011	6.3571	6.3563	6.3571	6.3520	0.01%
Nov 03, 2011	6.3498	6.3571	6.3571	6.3498	-0.11%
Nov 04, 2011	6.3410	6.3498	6.3498	6.3410	-0.14%
Nov 06, 2011	6.3403	6.3403	6.3403	6.3403	-0.01%
Nov 07, 2011	6.3510	6.3403	6.3510	6.3403	0.17%
Nov 08, 2011	6.3480	6.3510	6.3510	6.3480	-0.05%
Nov 09, 2011	6.3445	6.3480	6.3480	6.3445	-0.06%
Nov 10, 2011	6.3492	6.3445	6.3492	6.3445	0.07%
Nov 11, 2011	6.3428	6.3492	6.3492	6.3428	-0.10%
Nov 13, 2011	6.3428	6.3428	6.3428	6.3428	0.00%
Nov 14, 2011	6.3555	6.3428	6.3555	6.3419	0.20%
Nov 15, 2011	6.3468	6.3555	6.3555	6.3468	-0.14%
Nov 16, 2011	6.3455	6.3468	6.3487	6.3455	-0.02%
Nov 17, 2011	6.3509	6.3455	6.3509	6.3455	0.09%
Nov 18, 2011	6.3576	6.3509	6.3576	6.3509	0.11%
Nov 20, 2011	6.3576	6.3576	6.3576	6.3576	0.00%
Nov 21, 2011	6.3611	6.3576	6.3611	6.3547	0.06%
Nov 22, 2011	6.3617	6.3611	6.3617	6.3611	0.01%
Nov 23, 2011	6.3575	6.3617	6.3617	6.3575	-0.07%
Nov 24, 2011	6.3625	6.3575	6.3625	6.3575	0.08%
Nov 25, 2011	6.3822	6.3625	6.3822	6.3625	0.31%
Nov 27, 2011	6.3822	6.3822	6.3822	6.3822	0.00%
Nov 28, 2011	6.3864	6.3822	6.3864	6.3800	0.07%
Nov 29, 2011	6.3751	6.3864	6.3864	6.3751	-0.18%
Nov 30, 2011	6.3788	6.3751	6.3788	6.3749	0.06%
Dec 01, 2011	6.3710	6.3788	6.3788	6.3710	-0.12%
Dec 02, 2011	6.3500	6.3710	6.3710	6.3500	-0.33%
Dec 04, 2011	6.3625	6.3625	6.3625	6.3625	0.20%
Dec 05, 2011	6.3410	6.3625	6.3636	6.3410	-0.34%
Dec 06, 2011	6.3350	6.3410	6.3668	6.3350	-0.09%
Dec 07, 2011	6.3690	6.3350	6.3690	6.3350	0.54%
Dec 08, 2011	6.3560	6.3690	6.3690	6.3560	-0.20%
Dec 09, 2011	6.3360	6.3560	6.3710	6.3360	-0.31%
Dec 11, 2011	6.3645	6.3645	6.3645	6.3645	0.45%
Dec 12, 2011	6.3618	6.3645	6.3645	6.3618	-0.04%
Dec 13, 2011	6.3623	6.3618	6.3671	6.3608	0.01%
Dec 14, 2011	6.3720	6.3623	6.3720	6.3623	0.15%
Dec 15, 2011	6.3740	6.3720	6.3740	6.3720	0.03%
Dec 16, 2011	6.3350	6.3740	6.3740	6.3350	-0.61%
Dec 18, 2011	6.3485	6.3485	6.3485	6.3485	0.21%
Dec 19, 2011	6.3020	6.3485	6.3491	6.3020	-0.73%
Dec 20, 2011	6.3480	6.3020	6.3480	6.3020	0.73%
Dec 21, 2011	6.3412	6.3480	6.3480	6.3412	-0.11%
Dec 22, 2011	6.3230	6.3412	6.3412	6.3230	-0.29%
Dec 23, 2011	6.3410	6.3230	6.3410	6.3230	0.28%
Dec 25, 2011	6.3374	6.3374	6.3374	6.3374	-0.06%
Dec 26, 2011	6.3374	6.3374	6.3374	6.3374	0.00%
Dec 27, 2011	6.3210	6.3374	6.3374	6.3210	-0.26%
Dec 28, 2011	6.3180	6.3210	6.3230	6.3180	-0.05%
Dec 29, 2011	6.3190	6.3180	6.3190	6.3160	0.02%
Dec 30, 2011	6.3035	6.3190	6.3190	6.3035	-0.25%
Jan 01, 2012	6.2950	6.2950	6.2950	6.2950	-0.13%
Jan 02, 2012	6.2940	6.2950	6.2950	6.2940	-0.02%
Jan 03, 2012	6.2980	6.2940	6.2980	6.2940	0.06%
Jan 04, 2012	6.2965	6.2980	6.2980	6.2965	-0.02%
Jan 05, 2012	6.3092	6.2965	6.3092	6.2926	0.20%
Jan 06, 2012	6.3160	6.3092	6.3160	6.3024	0.11%
Jan 08, 2012	6.3094	6.3094	6.3094	6.3094	-0.10%
Jan 09, 2012	6.3140	6.3094	6.3153	6.3094	0.07%
Jan 10, 2012	6.3130	6.3140	6.3145	6.3113	-0.02%
Jan 11, 2012	6.3170	6.3130	6.3199	6.3130	0.06%
Jan 12, 2012	6.3188	6.3170	6.3211	6.3167	0.03%
Jan 13, 2012	6.3164	6.3188	6.3193	6.3060	-0.04%
Jan 15, 2012	6.3060	6.3060	6.3060	6.3060	-0.16%
Jan 16, 2012	6.3161	6.3060	6.3163	6.3060	0.16%
Jan 17, 2012	6.3180	6.3161	6.3180	6.3120	0.03%
Jan 18, 2012	6.3115	6.3180	6.3180	6.3110	-0.10%
Jan 19, 2012	6.3172	6.3115	6.3204	6.2980	0.09%
Jan 20, 2012	6.3340	6.3172	6.3346	6.3172	0.27%
Jan 22, 2012	6.3346	6.3346	6.3346	6.3346	0.01%
Jan 23, 2012	6.3150	6.3346	6.3346	6.3150	-0.31%
Jan 24, 2012	6.3230	6.3150	6.3340	6.3150	0.13%
Jan 25, 2012	6.3145	6.3230	6.3340	6.3145	-0.13%
Jan 26, 2012	6.3145	6.3145	6.3340	6.3145	0.00%
Jan 27, 2012	6.3150	6.3145	6.3340	6.3145	0.01%
Jan 29, 2012	6.3340	6.3340	6.3340	6.3340	0.30%
Jan 30, 2012	6.3146	6.3340	6.3380	6.3089	-0.31%
Jan 31, 2012	6.3096	6.3146	6.3198	6.3077	-0.08%
Feb 01, 2012	6.3078	6.3096	6.3096	6.3038	-0.03%
Feb 02, 2012	6.3052	6.3078	6.3081	6.2987	-0.04%
Feb 03, 2012	6.3069	6.3052	6.3079	6.3030	0.03%
Feb 05, 2012	6.3056	6.3062	6.3062	6.3056	-0.02%
Feb 06, 2012	6.3125	6.3056	6.3138	6.3046	0.11%
Feb 07, 2012	6.3095	6.3125	6.3132	6.3069	-0.05%
Feb 08, 2012	6.2994	6.3095	6.3095	6.2952	-0.16%
Feb 09, 2012	6.2964	6.2994	6.3013	6.2951	-0.05%
Feb 10, 2012	6.2943	6.2964	6.2982	6.2899	-0.03%
Feb 12, 2012	6.2943	6.2943	6.2943	6.2943	0.00%
Feb 13, 2012	6.2961	6.2943	6.3052	6.2943	0.03%
Feb 14, 2012	6.2982	6.2961	6.3012	6.2946	0.03%
Feb 15, 2012	6.2991	6.2982	6.3016	6.2947	0.01%
Feb 16, 2012	6.3021	6.2991	6.3037	6.2985	0.05%
Feb 17, 2012	6.2980	6.3021	6.3021	6.2959	-0.07%
Feb 19, 2012	6.2987	6.2981	6.2987	6.2981	0.01%
Feb 20, 2012	6.3004	6.2987	6.3015	6.2944	0.03%
Feb 21, 2012	6.2974	6.3004	6.3005	6.2962	-0.05%
Feb 22, 2012	6.2969	6.2974	6.2994	6.2954	-0.01%
Feb 23, 2012	6.2995	6.2969	6.3023	6.2969	0.04%
Feb 24, 2012	6.2986	6.2995	6.2998	6.2955	-0.01%
Feb 26, 2012	6.2982	6.2986	6.2986	6.2981	-0.01%
Feb 27, 2012	6.3028	6.2982	6.3031	6.2977	0.07%
Feb 28, 2012	6.2994	6.3028	6.3028	6.2975	-0.05%
Feb 29, 2012	6.2953	6.2994	6.3046	6.2934	-0.07%
Mar 01, 2012	6.3002	6.2953	6.3017	6.2937	0.08%
Mar 02, 2012	6.2992	6.3002	6.3014	6.2977	-0.02%
Mar 04, 2012	6.2994	6.2994	6.2994	6.2994	0.00%
Mar 05, 2012	6.3087	6.2994	6.3098	6.2986	0.15%
Mar 06, 2012	6.3154	6.3087	6.3161	6.3087	0.11%
Mar 07, 2012	6.3112	6.3154	6.3182	6.3085	-0.07%
Mar 08, 2012	6.3175	6.3112	6.3196	6.3111	0.10%
Mar 09, 2012	6.3105	6.3175	6.3177	6.3040	-0.11%
Mar 11, 2012	6.3120	6.3104	6.3120	6.3103	0.02%
Mar 12, 2012	6.3262	6.3120	6.3289	6.3120	0.22%
Mar 13, 2012	6.3277	6.3262	6.3316	6.3234	0.02%
Mar 14, 2012	6.3327	6.3277	6.3460	6.3276	0.08%
Mar 15, 2012	6.3302	6.3327	6.3358	6.3301	-0.04%
Mar 16, 2012	6.3227	6.3302	6.3321	6.3213	-0.12%
Mar 18, 2012	6.3239	6.3232	6.3239	6.3231	0.02%
Mar 19, 2012	6.3196	6.3239	6.3239	6.3144	-0.07%
Mar 20, 2012	6.3217	6.3196	6.3275	6.3131	0.03%
Mar 21, 2012	6.3208	6.3217	6.3261	6.3170	-0.01%
Mar 22, 2012	6.3011	6.3208	6.3237	6.3005	-0.31%
Mar 23, 2012	6.3008	6.3011	6.3083	6.2870	-0.00%
Mar 25, 2012	6.3055	6.3007	6.3055	6.3007	0.07%
Mar 26, 2012	6.3070	6.3055	6.3152	6.2983	0.02%
Mar 27, 2012	6.3040	6.3070	6.3115	6.2949	-0.05%
Mar 28, 2012	6.3026	6.3040	6.3090	6.2940	-0.02%
Mar 29, 2012	6.3045	6.3026	6.3091	6.2940	0.03%
Mar 30, 2012	6.2975	6.3045	6.3075	6.2951	-0.11%
Apr 01, 2012	6.2963	6.2977	6.2977	6.2963	-0.02%
Apr 02, 2012	6.2966	6.2963	6.2996	6.2908	0.00%
Apr 03, 2012	6.2962	6.2966	6.2985	6.2905	-0.01%
Apr 04, 2012	6.2972	6.2962	6.3011	6.2945	0.02%
Apr 05, 2012	6.3117	6.2972	6.3150	6.2971	0.23%
Apr 06, 2012	6.3067	6.3117	6.3170	6.3054	-0.08%
Apr 08, 2012	6.3075	6.3068	6.3075	6.3067	0.01%
Apr 09, 2012	6.3077	6.3075	6.3103	6.3036	0.00%
Apr 10, 2012	6.3105	6.3077	6.3122	6.3060	0.04%
Apr 11, 2012	6.3078	6.3105	6.3123	6.3027	-0.04%
Apr 12, 2012	6.3068	6.3078	6.3236	6.2984	-0.02%
Apr 13, 2012	6.2983	6.3068	6.3088	6.2913	-0.13%
Apr 15, 2012	6.3002	6.2987	6.3002	6.2987	0.03%
Apr 16, 2012	6.3133	6.3002	6.3202	6.2980	0.21%
Apr 17, 2012	6.3014	6.3133	6.3154	6.2924	-0.19%
Apr 18, 2012	6.3021	6.3014	6.3071	6.2982	0.01%
Apr 19, 2012	6.3040	6.3021	6.3076	6.3007	0.03%
Apr 20, 2012	6.3047	6.3040	6.3089	6.3006	0.01%
Apr 22, 2012	6.3084	6.3050	6.3084	6.3050	0.06%
Apr 23, 2012	6.3067	6.3084	6.3101	6.3037	-0.03%
Apr 24, 2012	6.3063	6.3067	6.3117	6.3011	-0.01%
Apr 25, 2012	6.3025	6.3063	6.3090	6.3006	-0.06%
Apr 26, 2012	6.2962	6.3025	6.3054	6.2951	-0.10%
Apr 27, 2012	6.3015	6.2962	6.3090	6.2920	0.08%
Apr 29, 2012	6.3052	6.3018	6.3052	6.3015	0.06%
Apr 30, 2012	6.2874	6.3052	6.3111	6.2776	-0.28%
May 01, 2012	6.2885	6.2874	6.2962	6.2785	0.02%
May 02, 2012	6.2920	6.2885	6.3099	6.2767	0.06%
May 03, 2012	6.2896	6.2920	6.3080	6.2880	-0.04%
May 04, 2012	6.2928	6.2896	6.3060	6.2892	0.05%
May 06, 2012	6.2920	6.2919	6.2920	6.2919	-0.01%
May 07, 2012	6.2996	6.2920	6.3105	6.2882	0.12%
May 08, 2012	6.3092	6.2996	6.3098	6.2987	0.15%
May 09, 2012	6.3108	6.3092	6.3119	6.3082	0.03%
May 10, 2012	6.3154	6.3108	6.3166	6.3043	0.07%
May 11, 2012	6.3114	6.3154	6.3196	6.3112	-0.06%
May 13, 2012	6.3117	6.3113	6.3121	6.3102	0.00%
May 14, 2012	6.3224	6.3117	6.3232	6.3112	0.17%
May 15, 2012	6.3195	6.3224	6.3273	6.3161	-0.05%
May 16, 2012	6.3191	6.3195	6.3259	6.3180	-0.01%
May 17, 2012	6.3217	6.3191	6.3266	6.3190	0.04%
May 18, 2012	6.3259	6.3217	6.3294	6.3215	0.07%
May 20, 2012	6.3293	6.3262	6.3294	6.3262	0.05%
May 21, 2012	6.3247	6.3293	6.3294	6.3201	-0.07%
May 22, 2012	6.3197	6.3247	6.3281	6.3143	-0.08%
May 23, 2012	6.3315	6.3197	6.3350	6.3196	0.19%
May 24, 2012	6.3413	6.3315	6.3470	6.3313	0.15%
May 25, 2012	6.3371	6.3413	6.3492	6.3330	-0.07%
May 27, 2012	6.3419	6.3390	6.3419	6.3390	0.08%
May 28, 2012	6.3400	6.3419	6.3461	6.3245	-0.03%
May 29, 2012	6.3425	6.3400	6.3488	6.3362	0.04%
May 30, 2012	6.3517	6.3425	6.3595	6.3404	0.15%
May 31, 2012	6.3696	6.3517	6.3787	6.3444	0.28%
Jun 01, 2012	6.3707	6.3696	6.3743	6.3673	0.02%
Jun 03, 2012	6.3707	6.3707	6.3711	6.3706	0.00%
Jun 04, 2012	6.3651	6.3707	6.3708	6.3643	-0.09%
Jun 05, 2012	6.3685	6.3651	6.3693	6.3598	0.05%
Jun 06, 2012	6.3650	6.3685	6.3694	6.3613	-0.05%
Jun 07, 2012	6.3698	6.3650	6.3698	6.3573	0.08%
Jun 08, 2012	6.3751	6.3698	6.3757	6.3668	0.08%
Jun 10, 2012	6.3749	6.3750	6.3751	6.3749	-0.00%
Jun 11, 2012	6.3738	6.3749	6.3750	6.3453	-0.02%
Jun 12, 2012	6.3717	6.3738	6.3785	6.3688	-0.03%
Jun 13, 2012	6.3532	6.3717	6.3738	6.3476	-0.29%
Jun 14, 2012	6.3746	6.3532	6.3746	6.3532	0.34%
Jun 15, 2012	6.3678	6.3746	6.3761	6.3617	-0.11%
Jun 17, 2012	6.3678	6.3677	6.3681	6.3675	0.00%
Jun 18, 2012	6.3586	6.3678	6.3683	6.3536	-0.14%
Jun 19, 2012	6.3557	6.3586	6.3597	6.3547	-0.05%
Jun 20, 2012	6.3599	6.3557	6.3624	6.3548	0.07%
Jun 21, 2012	6.3659	6.3599	6.3671	6.3599	0.09%
Jun 22, 2012	6.3666	6.3659	6.3674	6.3649	0.01%
Jun 24, 2012	6.3652	6.3652	6.3652	6.3652	-0.02%
Jun 25, 2012	6.3644	6.3652	6.3747	6.3573	-0.01%
Jun 26, 2012	6.3637	6.3644	6.3678	6.3625	-0.01%
Jun 27, 2012	6.3585	6.3637	6.3684	6.3570	-0.08%
Jun 28, 2012	6.3577	6.3585	6.3641	6.3554	-0.01%
Jun 29, 2012	6.3550	6.3577	6.3624	6.3537	-0.04%
Jul 01, 2012	6.3551	6.3553	6.3555	6.3551	0.00%
Jul 02, 2012	6.3498	6.3551	6.3554	6.3476	-0.08%
Jul 03, 2012	6.3537	6.3498	6.3554	6.3487	0.06%
Jul 04, 2012	6.3486	6.3537	6.3537	6.3468	-0.08%
Jul 05, 2012	6.3570	6.3486	6.3575	6.3486	0.13%
Jul 06, 2012	6.3658	6.3570	6.3687	6.3561	0.14%
Jul 08, 2012	6.3659	6.3658	6.3659	6.3658	0.00%
Jul 09, 2012	6.3723	6.3659	6.3752	6.3645	0.10%
Jul 10, 2012	6.3667	6.3723	6.3724	6.3657	-0.09%
Jul 11, 2012	6.3726	6.3667	6.3730	6.3434	0.09%
Jul 12, 2012	6.3773	6.3726	6.3773	6.3692	0.07%
Jul 13, 2012	6.3943	6.3773	6.3943	6.3736	0.27%
Jul 15, 2012	6.3937	6.3942	6.3943	6.3937	-0.01%
Jul 16, 2012	6.3798	6.3937	6.3938	6.3761	-0.22%
Jul 17, 2012	6.3743	6.3798	6.3800	6.3727	-0.09%
Jul 18, 2012	6.3704	6.3743	6.3755	6.3690	-0.06%
Jul 19, 2012	6.3741	6.3704	6.3751	6.3690	0.06%
Jul 20, 2012	6.3749	6.3741	6.3761	6.3724	0.01%
Jul 22, 2012	6.3749	6.3749	6.3753	6.3748	0.00%
Jul 23, 2012	6.3871	6.3749	6.3906	6.3740	0.19%
Jul 24, 2012	6.3886	6.3871	6.3938	6.3849	0.02%
Jul 25, 2012	6.3896	6.3886	6.3930	6.3860	0.02%
Jul 26, 2012	6.3851	6.3896	6.3897	6.3827	-0.07%
Jul 27, 2012	6.3817	6.3851	6.3853	6.3777	-0.05%
Jul 29, 2012	6.3818	6.3817	6.3819	6.3816	0.00%
Jul 30, 2012	6.3807	6.3818	6.3819	6.3776	-0.02%
Jul 31, 2012	6.3628	6.3807	6.3821	6.3593	-0.28%
Aug 01, 2012	6.3699	6.3628	6.3728	6.3620	0.11%
Aug 02, 2012	6.3686	6.3699	6.3777	6.3659	-0.02%
Aug 03, 2012	6.3725	6.3686	6.3759	6.3675	0.06%
Aug 05, 2012	6.3725	6.3725	6.3725	6.3725	0.00%
Aug 06, 2012	6.3750	6.3725	6.3755	6.3710	0.04%
Aug 07, 2012	6.3677	6.3750	6.3753	6.3666	-0.11%
Aug 08, 2012	6.3624	6.3677	6.3698	6.3614	-0.08%
Aug 09, 2012	6.3633	6.3624	6.3636	6.3511	0.01%
Aug 10, 2012	6.3604	6.3633	6.3670	6.3579	-0.05%
Aug 12, 2012	6.3604	6.3604	6.3604	6.3604	0.00%
Aug 13, 2012	6.3636	6.3604	6.3648	6.3581	0.05%
Aug 14, 2012	6.3599	6.3636	6.3648	6.3587	-0.06%
Aug 15, 2012	6.3633	6.3599	6.3651	6.3590	0.05%
Aug 16, 2012	6.3673	6.3633	6.3701	6.3622	0.06%
Aug 17, 2012	6.3595	6.3673	6.3677	6.3577	-0.12%
Aug 19, 2012	6.3595	6.3595	6.3597	6.3595	0.00%
Aug 20, 2012	6.3603	6.3595	6.3637	6.3593	0.01%
Aug 21, 2012	6.3573	6.3603	6.3606	6.3561	-0.05%
Aug 22, 2012	6.3529	6.3573	6.3577	6.3517	-0.07%
Aug 23, 2012	6.3558	6.3529	6.3569	6.3505	0.05%
Aug 24, 2012	6.3557	6.3558	6.3579	6.3542	-0.00%
Aug 26, 2012	6.3558	6.3557	6.3561	6.3557	0.00%
Aug 27, 2012	6.3580	6.3558	6.3600	6.3538	0.03%
Aug 28, 2012	6.3560	6.3580	6.3599	6.3530	-0.03%
Aug 29, 2012	6.3528	6.3560	6.3561	6.3467	-0.05%
Aug 30, 2012	6.3512	6.3528	6.3563	6.3492	-0.03%
Aug 31, 2012	6.3497	6.3512	6.3581	6.3482	-0.02%
Sep 02, 2012	6.3496	6.3496	6.3500	6.3496	-0.00%
Sep 03, 2012	6.3431	6.3496	6.3581	6.3392	-0.10%
Sep 04, 2012	6.3484	6.3431	6.3496	6.3389	0.08%
Sep 05, 2012	6.3503	6.3484	6.3553	6.3470	0.03%
Sep 06, 2012	6.3442	6.3503	6.3507	6.3423	-0.10%
Sep 07, 2012	6.3438	6.3442	6.3454	6.3403	-0.01%
Sep 09, 2012	6.3438	6.3437	6.3439	6.3437	0.00%
Sep 10, 2012	6.3387	6.3438	6.3439	6.3363	-0.08%
Sep 11, 2012	6.3361	6.3387	6.3450	6.3302	-0.04%
Sep 12, 2012	6.3284	6.3361	6.3361	6.3232	-0.12%
Sep 13, 2012	6.3310	6.3284	6.3593	6.3266	0.04%
Sep 14, 2012	6.3168	6.3310	6.3315	6.3149	-0.22%
Sep 16, 2012	6.3163	6.3167	6.3168	6.3162	-0.01%
Sep 17, 2012	6.3175	6.3163	6.3297	6.3156	0.02%
Sep 18, 2012	6.3196	6.3175	6.3238	6.3175	0.03%
Sep 19, 2012	6.3111	6.3196	6.3223	6.3093	-0.13%
Sep 20, 2012	6.3040	6.3111	6.3114	6.2958	-0.11%
Sep 21, 2012	6.3077	6.3040	6.3108	6.3038	0.06%
Sep 23, 2012	6.3065	6.3075	6.3075	6.3064	-0.02%
Sep 24, 2012	6.3104	6.3065	6.3109	6.3019	0.06%
Sep 25, 2012	6.3069	6.3104	6.3107	6.3030	-0.06%
Sep 26, 2012	6.3028	6.3069	6.3090	6.3016	-0.07%
Sep 27, 2012	6.3034	6.3028	6.3077	6.3023	0.01%
Sep 28, 2012	6.2858	6.3034	6.3035	6.2845	-0.28%
Sep 30, 2012	6.2858	6.2859	6.2862	6.2857	0.00%
Oct 01, 2012	6.2858	6.2858	6.2877	6.2845	0.00%
Oct 02, 2012	6.3252	6.2858	6.3253	6.2845	0.63%
Oct 03, 2012	6.3235	6.3252	6.3314	6.2845	-0.03%
Oct 04, 2012	6.3236	6.3235	6.3236	6.2845	0.00%
Oct 05, 2012	6.3240	6.3236	6.3243	6.2845	0.01%
Oct 07, 2012	6.3252	6.3240	6.3252	6.3240	0.02%
Oct 08, 2012	6.2881	6.3252	6.3252	6.2847	-0.59%
Oct 09, 2012	6.2895	6.2881	6.2909	6.2852	0.02%
Oct 10, 2012	6.3000	6.2895	6.3210	6.2833	0.17%
Oct 11, 2012	6.2788	6.3000	6.3011	6.2770	-0.34%
Oct 12, 2012	6.2669	6.2788	6.2789	6.2646	-0.19%
Oct 14, 2012	6.2670	6.2669	6.2670	6.2669	0.00%
Oct 15, 2012	6.2707	6.2670	6.2990	6.2636	0.06%
Oct 16, 2012	6.2647	6.2707	6.2707	6.2630	-0.10%
Oct 17, 2012	6.2554	6.2647	6.2648	6.2534	-0.15%
Oct 18, 2012	6.2524	6.2554	6.2580	6.2457	-0.05%
Oct 19, 2012	6.2546	6.2524	6.2556	6.2493	0.04%
Oct 21, 2012	6.2546	6.2545	6.2546	6.2545	0.00%
Oct 22, 2012	6.2556	6.2546	6.2581	6.2510	0.02%
Oct 23, 2012	6.2523	6.2556	6.2561	6.2479	-0.05%
Oct 24, 2012	6.2488	6.2523	6.2523	6.2479	-0.06%
Oct 25, 2012	6.2474	6.2488	6.2493	6.2417	-0.02%
Oct 26, 2012	6.2627	6.2474	6.2627	6.2380	0.24%
Oct 28, 2012	6.2634	6.2627	6.2634	6.2627	0.01%
Oct 29, 2012	6.2450	6.2634	6.2661	6.2380	-0.29%
Oct 30, 2012	6.2429	6.2450	6.2460	6.2405	-0.03%
Oct 31, 2012	6.2385	6.2429	6.2437	6.2373	-0.07%
Nov 01, 2012	6.2411	6.2385	6.2490	6.2373	0.04%
Nov 02, 2012	6.2458	6.2411	6.2490	6.2411	0.08%
Nov 04, 2012	6.2458	6.2457	6.2458	6.2457	0.00%
Nov 05, 2012	6.2418	6.2458	6.2490	6.2373	-0.06%
Nov 06, 2012	6.2466	6.2418	6.2804	6.2410	0.08%
Nov 07, 2012	6.2449	6.2466	6.2777	6.2431	-0.03%
Nov 08, 2012	6.2688	6.2449	6.2690	6.2424	0.38%
Nov 09, 2012	6.2452	6.2688	6.2688	6.2382	-0.38%
Nov 11, 2012	6.2457	6.2455	6.2457	6.2455	0.01%
Nov 12, 2012	6.2292	6.2457	6.2457	6.2292	-0.26%
Nov 13, 2012	6.2350	6.2292	6.2430	6.2256	0.09%
Nov 14, 2012	6.2315	6.2350	6.2358	6.2252	-0.06%
Nov 15, 2012	6.2373	6.2315	6.2383	6.2252	0.09%
Nov 16, 2012	6.2403	6.2373	6.2403	6.2328	0.05%
Nov 18, 2012	6.2409	6.2404	6.2409	6.2404	0.01%
Nov 19, 2012	6.2400	6.2409	6.2413	6.2345	-0.01%
Nov 20, 2012	6.2338	6.2400	6.2470	6.2290	-0.10%
Nov 21, 2012	6.2324	6.2338	6.2345	6.2290	-0.02%
Nov 22, 2012	6.2385	6.2324	6.2385	6.2289	0.10%
Nov 23, 2012	6.2327	6.2385	6.2390	6.2277	-0.09%
Nov 25, 2012	6.2323	6.2326	6.2326	6.2323	-0.01%
Nov 26, 2012	6.2266	6.2323	6.2333	6.2240	-0.09%
Nov 27, 2012	6.2234	6.2266	6.2281	6.2216	-0.05%
Nov 28, 2012	6.2285	6.2234	6.2346	6.2223	0.08%
Nov 29, 2012	6.2324	6.2285	6.2339	6.2190	0.06%
Nov 30, 2012	6.2278	6.2324	6.2333	6.2190	-0.07%
Dec 02, 2012	6.2276	6.2277	6.2277	6.2276	-0.00%
Dec 03, 2012	6.2296	6.2276	6.2329	6.2245	0.03%
Dec 04, 2012	6.2265	6.2296	6.2329	6.2256	-0.05%
Dec 05, 2012	6.2266	6.2265	6.2305	6.2242	0.00%
Dec 06, 2012	6.2294	6.2266	6.2339	6.2253	0.04%
Dec 07, 2012	6.2254	6.2294	6.2315	6.2252	-0.06%
Dec 09, 2012	6.2254	6.2254	6.2254	6.2254	0.00%
Dec 10, 2012	6.2298	6.2254	6.2395	6.2086	0.07%
Dec 11, 2012	6.2462	6.2298	6.2491	6.2290	0.26%
Dec 12, 2012	6.2548	6.2462	6.2552	6.2390	0.14%
Dec 13, 2012	6.2476	6.2548	6.2598	6.2322	-0.12%
Dec 14, 2012	6.2460	6.2476	6.2528	6.2185	-0.03%
Dec 16, 2012	6.2462	6.2461	6.2464	6.2461	0.00%
Dec 17, 2012	6.2423	6.2462	6.2465	6.2314	-0.06%
Dec 18, 2012	6.2373	6.2423	6.2440	6.2310	-0.08%
Dec 19, 2012	6.2343	6.2373	6.2374	6.2285	-0.05%
Dec 20, 2012	6.2357	6.2343	6.2357	6.2286	0.02%
Dec 21, 2012	6.2352	6.2357	6.2358	6.2286	-0.01%
Dec 23, 2012	6.2356	6.2352	6.2356	6.2352	0.01%
Dec 24, 2012	6.2369	6.2356	6.2393	6.2313	0.02%
Dec 25, 2012	6.2353	6.2369	6.2379	6.2321	-0.03%
Dec 26, 2012	6.2366	6.2353	6.2431	6.2330	0.02%
Dec 27, 2012	6.2408	6.2366	6.2412	6.2330	0.07%
Dec 28, 2012	6.2357	6.2408	6.2410	6.2305	-0.08%
Dec 30, 2012	6.2358	6.2357	6.2358	6.2357	0.00%
Dec 31, 2012	6.2316	6.2358	6.2365	6.2287	-0.07%
Jan 01, 2013	6.2386	6.2316	6.2388	6.2303	0.11%
Jan 02, 2013	6.2342	6.2386	6.2386	6.2303	-0.07%
Jan 03, 2013	6.2335	6.2342	6.2373	6.2303	-0.01%
Jan 04, 2013	6.2316	6.2335	6.2359	6.2298	-0.03%
Jan 06, 2013	6.2316	6.2316	6.2316	6.2316	0.00%
Jan 07, 2013	6.2308	6.2316	6.2349	6.2290	-0.01%
Jan 08, 2013	6.2252	6.2308	6.2311	6.2236	-0.09%
Jan 09, 2013	6.2262	6.2252	6.2289	6.2127	0.02%
Jan 10, 2013	6.2256	6.2262	6.2314	6.2231	-0.01%
Jan 11, 2013	6.2168	6.2256	6.2257	6.2142	-0.14%
Jan 13, 2013	6.2172	6.2169	6.2172	6.2169	0.01%
Jan 14, 2013	6.2233	6.2172	6.2242	6.2167	0.10%
Jan 15, 2013	6.2144	6.2233	6.2244	6.2136	-0.14%
Jan 16, 2013	6.2205	6.2144	6.2212	6.2136	0.10%
Jan 17, 2013	6.2193	6.2205	6.2227	6.2160	-0.02%
Jan 18, 2013	6.2181	6.2193	6.2209	6.2151	-0.02%
Jan 20, 2013	6.2154	6.2154	6.2154	6.2154	-0.04%
Jan 21, 2013	6.2217	6.2154	6.2236	6.2154	0.10%
Jan 22, 2013	6.2236	6.2217	6.2268	6.2155	0.03%
Jan 23, 2013	6.2226	6.2236	6.2236	6.2175	-0.02%
Jan 24, 2013	6.2203	6.2226	6.2238	6.2180	-0.04%
Jan 25, 2013	6.2227	6.2203	6.2255	6.2181	0.04%
Jan 27, 2013	6.2205	6.2205	6.2205	6.2205	-0.04%
Jan 28, 2013	6.2245	6.2205	6.2275	6.2205	0.06%
Jan 29, 2013	6.2268	6.2245	6.2288	6.2226	0.04%
Jan 30, 2013	6.2205	6.2268	6.2276	6.2198	-0.10%
Jan 31, 2013	6.2188	6.2205	6.2205	6.2187	-0.03%
Feb 01, 2013	6.2316	6.2188	6.2325	6.2188	0.21%
Feb 03, 2013	6.2314	6.2314	6.2314	6.2314	-0.00%
Feb 04, 2013	6.2314	6.2314	6.2376	6.2270	0.00%
Feb 05, 2013	6.2288	6.2314	6.2378	6.2270	-0.04%
Feb 06, 2013	6.2301	6.2288	6.2365	6.2285	0.02%
Feb 07, 2013	6.2340	6.2301	6.2384	6.2299	0.06%
Feb 08, 2013	6.2316	6.2340	6.2386	6.2279	-0.04%
Feb 10, 2013	6.2532	6.2573	6.2573	6.2524	0.35%
Feb 11, 2013	6.2338	6.2532	6.2534	6.2300	-0.31%
Feb 12, 2013	6.2334	6.2338	6.2373	6.2306	-0.01%
Feb 13, 2013	6.2338	6.2334	6.2373	6.2302	0.01%
Feb 14, 2013	6.2336	6.2338	6.2376	6.2300	-0.00%
Feb 15, 2013	6.2327	6.2336	6.2376	6.2306	-0.01%
Feb 17, 2013	6.2251	6.2311	6.2311	6.2227	-0.12%
Feb 18, 2013	6.2438	6.2251	6.2477	6.2251	0.30%
Feb 19, 2013	6.2445	6.2438	6.2490	6.2320	0.01%
Feb 20, 2013	6.2410	6.2445	6.2493	6.2345	-0.06%
Feb 21, 2013	6.2400	6.2422	6.2457	6.2383	-0.02%
Feb 22, 2013	6.2350	6.2398	6.2470	6.2328	-0.08%
Feb 24, 2013	6.2225	6.2350	6.2350	6.2225	-0.20%
Feb 25, 2013	6.2341	6.2228	6.2395	6.2228	0.19%
Feb 26, 2013	6.2295	6.2339	6.2389	6.2267	-0.07%
Feb 27, 2013	6.2272	6.2294	6.2345	6.2247	-0.04%
Feb 28, 2013	6.2234	6.2271	6.2290	6.2206	-0.06%
Mar 01, 2013	6.2235	6.2233	6.2276	6.2200	0.00%
Mar 03, 2013	6.2210	6.2204	6.2267	6.2204	-0.04%
Mar 04, 2013	6.2234	6.2236	6.2296	6.2220	0.04%
Mar 05, 2013	6.2232	6.2234	6.2300	6.2176	-0.00%
Mar 06, 2013	6.2197	6.2235	6.2264	6.2153	-0.06%
Mar 07, 2013	6.2204	6.2196	6.2251	6.2180	0.01%
Mar 08, 2013	6.2156	6.2204	6.2253	6.2130	-0.08%
Mar 10, 2013	6.2729	6.2150	6.2729	6.2150	0.92%
Mar 11, 2013	6.2227	6.2729	6.2739	6.2162	-0.80%
Mar 12, 2013	6.2148	6.2227	6.2232	6.2136	-0.13%
Mar 13, 2013	6.2140	6.2148	6.2212	6.2101	-0.01%
Mar 14, 2013	6.2149	6.2140	6.2201	6.2128	0.01%
Mar 15, 2013	6.2149	6.2149	6.2201	6.2121	0.00%
Mar 17, 2013	6.2879	6.2050	6.2879	6.2050	1.17%
Mar 18, 2013	6.2145	6.2879	6.2982	6.2110	-1.17%
Mar 19, 2013	6.2141	6.2146	6.2206	6.2116	-0.01%
Mar 20, 2013	6.2091	6.2141	6.2170	6.2088	-0.08%
Mar 21, 2013	6.2129	6.2091	6.2179	6.2091	0.06%
Mar 22, 2013	6.2112	6.2131	6.2174	6.2092	-0.03%
Mar 24, 2013	6.1725	6.2122	6.2122	6.1725	-0.62%
Mar 25, 2013	6.2106	6.1727	6.2143	6.1661	0.62%
Mar 26, 2013	6.2123	6.2106	6.2139	6.2070	0.03%
Mar 27, 2013	6.2149	6.2123	6.2182	6.2072	0.04%
Mar 28, 2013	6.2128	6.2149	6.2184	6.2101	-0.03%
Mar 29, 2013	6.2119	6.2128	6.2203	6.2062	-0.01%
Mar 31, 2013	6.2165	6.2162	6.2184	6.2137	0.07%
Apr 01, 2013	6.1958	6.2165	6.2321	6.1897	-0.33%
Apr 02, 2013	6.1989	6.1958	6.2044	6.1818	0.05%
Apr 03, 2013	6.2010	6.1989	6.2044	6.1976	0.03%
Apr 04, 2013	6.2028	6.2010	6.2050	6.1982	0.03%
Apr 05, 2013	6.2010	6.2028	6.2053	6.1979	-0.03%
Apr 07, 2013	6.1682	6.1761	6.1761	6.1617	-0.53%
Apr 08, 2013	6.2027	6.1681	6.2070	6.1650	0.56%
Apr 09, 2013	6.2043	6.2008	6.2072	6.1986	0.03%
Apr 10, 2013	6.1947	6.2042	6.2042	6.1897	-0.15%
Apr 11, 2013	6.1950	6.1947	6.2000	6.1902	0.00%
Apr 12, 2013	6.1918	6.1950	6.1981	6.1876	-0.05%
Apr 14, 2013	6.1987	6.1923	6.1996	6.1918	0.11%
Apr 15, 2013	6.1860	6.1987	6.2135	6.1836	-0.20%
Apr 16, 2013	6.1823	6.1860	6.1879	6.1798	-0.06%
Apr 17, 2013	6.1724	6.1822	6.1838	6.1682	-0.16%
Apr 18, 2013	6.2116	6.1726	6.2123	6.1708	0.64%
Apr 19, 2013	6.1794	6.2115	6.2120	6.1735	-0.52%
Apr 21, 2013	6.1916	6.1797	6.1916	6.1797	0.20%
Apr 22, 2013	6.1845	6.1916	6.2048	6.1780	-0.11%
Apr 23, 2013	6.1793	6.1845	6.1845	6.1734	-0.08%
Apr 24, 2013	6.1806	6.1793	6.1828	6.1742	0.02%
Apr 25, 2013	6.1723	6.1804	6.1805	6.1673	-0.13%
Apr 26, 2013	6.1642	6.1726	6.1729	6.1575	-0.13%
Apr 28, 2013	6.1580	6.1559	6.1594	6.1472	-0.10%
Apr 29, 2013	6.1654	6.1580	6.1689	6.1529	0.12%
Apr 30, 2013	6.1654	6.1654	6.1688	6.1614	0.00%
May 01, 2013	6.1645	6.1654	6.1689	6.1616	-0.01%
May 02, 2013	6.1556	6.1645	6.1680	6.1506	-0.14%
May 03, 2013	6.1542	6.1556	6.1597	6.1525	-0.02%
May 05, 2013	6.1534	6.1554	6.1589	6.1530	-0.01%
May 06, 2013	6.1677	6.1534	6.1822	6.1485	0.23%
May 07, 2013	6.1536	6.1677	6.1697	6.1509	-0.23%
May 08, 2013	6.1257	6.1536	6.1586	6.1253	-0.45%
May 09, 2013	6.1307	6.1257	6.1421	6.1255	0.08%
May 10, 2013	6.1395	6.1307	6.1449	6.1273	0.14%
May 12, 2013	6.1417	6.1417	6.1417	6.1417	0.04%
May 13, 2013	6.1466	6.1417	6.1470	6.1417	0.08%
May 14, 2013	6.1428	6.1466	6.1470	6.1410	-0.06%
May 15, 2013	6.1459	6.1428	6.1470	6.1410	0.05%
May 16, 2013	6.1490	6.1459	6.1502	6.1459	0.05%
May 17, 2013	6.1413	6.1490	6.1490	6.1390	-0.13%
May 19, 2013	6.1413	6.1413	6.1413	6.1413	0.00%
May 20, 2013	6.1389	6.1413	6.1416	6.1389	-0.04%
May 21, 2013	6.1356	6.1389	6.1392	6.1309	-0.05%
May 22, 2013	6.1311	6.1356	6.1370	6.1311	-0.07%
May 23, 2013	6.1340	6.1311	6.1370	6.1311	0.05%
May 24, 2013	6.1316	6.1340	6.1370	6.1287	-0.04%
May 26, 2013	6.1316	6.1316	6.1316	6.1316	0.00%
May 27, 2013	6.1212	6.1316	6.1316	6.1212	-0.17%
May 28, 2013	6.1215	6.1212	6.1370	6.1212	0.00%
May 29, 2013	6.1267	6.1215	6.1373	6.1215	0.08%
May 30, 2013	6.1309	6.1267	6.1320	6.1220	0.07%
May 31, 2013	6.1348	6.1309	6.1400	6.1307	0.06%
Jun 02, 2013	6.1348	6.1348	6.1348	6.1348	0.00%
Jun 03, 2013	6.1317	6.1348	6.1348	6.1310	-0.05%
Jun 04, 2013	6.1287	6.1317	6.1317	6.1236	-0.05%
Jun 05, 2013	6.1278	6.1287	6.1291	6.1270	-0.01%
Jun 06, 2013	6.1362	6.1278	6.1376	6.1277	0.14%
Jun 07, 2013	6.1335	6.1362	6.1376	6.1317	-0.04%
Jun 09, 2013	6.1335	6.1335	6.1335	6.1335	0.00%
Jun 10, 2013	6.1335	6.1335	6.1335	6.1330	0.00%
Jun 11, 2013	6.1335	6.1335	6.1480	6.1330	0.00%
Jun 12, 2013	6.1335	6.1335	6.1480	6.1335	0.00%
Jun 13, 2013	6.1344	6.1335	6.1440	6.1335	0.01%
Jun 14, 2013	6.1308	6.1344	6.1370	6.1304	-0.06%
Jun 16, 2013	6.1308	6.1308	6.1308	6.1308	0.00%
Jun 17, 2013	6.1250	6.1308	6.1360	6.1241	-0.09%
Jun 18, 2013	6.1285	6.1250	6.1309	6.1245	0.06%
Jun 19, 2013	6.1269	6.1285	6.1302	6.1259	-0.03%
Jun 20, 2013	6.1282	6.1269	6.1325	6.1257	0.02%
Jun 21, 2013	6.1334	6.1282	6.1336	6.1282	0.08%
Jun 23, 2013	6.1334	6.1334	6.1334	6.1334	0.00%
Jun 24, 2013	6.1451	6.1334	6.1451	6.1290	0.19%
Jun 25, 2013	6.1453	6.1451	6.1497	6.1412	0.00%
Jun 26, 2013	6.2025	6.1453	6.2327	6.1453	0.93%
Jun 27, 2013	6.2310	6.2025	6.2327	6.1455	0.46%
Jun 28, 2013	6.2175	6.2310	6.2310	6.1376	-0.22%
Jun 30, 2013	6.1376	6.1376	6.1376	6.1376	-1.29%
Jul 01, 2013	6.1327	6.1376	6.1455	6.1301	-0.08%
Jul 02, 2013	6.1330	6.1327	6.1350	6.1286	0.00%
Jul 03, 2013	6.1308	6.1330	6.1343	6.1305	-0.04%
Jul 04, 2013	6.1258	6.1308	6.1308	6.1254	-0.08%
Jul 05, 2013	6.1790	6.1258	6.2210	6.1258	0.87%
Jul 07, 2013	6.1326	6.1326	6.1326	6.1326	-0.75%
Jul 08, 2013	6.1338	6.1326	6.1391	6.1326	0.02%
Jul 09, 2013	6.1295	6.1338	6.1375	6.1281	-0.07%
Jul 10, 2013	6.1341	6.1295	6.1370	6.1295	0.08%
Jul 11, 2013	6.1352	6.1341	6.1360	6.1280	0.02%
Jul 12, 2013	6.1375	6.1352	6.1415	6.1280	0.04%
Jul 14, 2013	6.1375	6.1375	6.1375	6.1375	0.00%
Jul 15, 2013	6.1670	6.1375	6.2108	6.1280	0.48%
Jul 16, 2013	6.2067	6.1670	6.2125	6.1350	0.64%
Jul 17, 2013	6.1353	6.2067	6.2067	6.1319	-1.15%
Jul 18, 2013	6.1413	6.1353	6.1431	6.1350	0.10%
Jul 19, 2013	6.1379	6.1413	6.1415	6.1379	-0.06%
Jul 21, 2013	6.1379	6.1379	6.1379	6.1379	0.00%
Jul 22, 2013	6.1409	6.1379	6.1415	6.1367	0.05%
Jul 23, 2013	6.1374	6.1409	6.1413	6.1367	-0.06%
Jul 24, 2013	6.1360	6.1374	6.1398	6.1355	-0.02%
Jul 25, 2013	6.1347	6.1360	6.1391	6.1347	-0.02%
Jul 26, 2013	6.1317	6.1347	6.1350	6.1300	-0.05%
Jul 28, 2013	6.1317	6.1317	6.1317	6.1317	0.00%
Jul 29, 2013	6.1325	6.1317	6.1355	6.1309	0.01%
Jul 30, 2013	6.1317	6.1325	6.1355	6.1315	-0.01%
Jul 31, 2013	6.1289	6.1317	6.1318	6.1284	-0.05%
Aug 01, 2013	6.1305	6.1289	6.1305	6.1259	0.03%
Aug 02, 2013	6.1295	6.1305	6.1311	6.1290	-0.02%
Aug 04, 2013	6.1295	6.1295	6.1295	6.1295	0.00%
Aug 05, 2013	6.1247	6.1295	6.1297	6.1245	-0.08%
Aug 06, 2013	6.1217	6.1247	6.1247	6.1137	-0.05%
Aug 07, 2013	6.1192	6.1217	6.1220	6.1192	-0.04%
Aug 08, 2013	6.1214	6.1192	6.1228	6.1150	0.04%
Aug 09, 2013	6.1219	6.1214	6.1222	6.1163	0.01%
Aug 11, 2013	6.1219	6.1219	6.1219	6.1219	0.00%
Aug 12, 2013	6.1223	6.1219	6.1223	6.1193	0.01%
Aug 13, 2013	6.1218	6.1223	6.1241	6.1216	-0.01%
Aug 14, 2013	6.1196	6.1218	6.1220	6.1178	-0.04%
Aug 15, 2013	6.1125	6.1196	6.1196	6.1125	-0.12%
Aug 16, 2013	6.1150	6.1125	6.1150	6.1101	0.04%
Aug 18, 2013	6.1150	6.1150	6.1150	6.1150	0.00%
Aug 19, 2013	6.1229	6.1150	6.1275	6.1143	0.13%
Aug 20, 2013	6.1246	6.1229	6.1275	6.1206	0.03%
Aug 21, 2013	6.1234	6.1246	6.1275	6.1205	-0.02%
Aug 22, 2013	6.1211	6.1234	6.1275	6.1204	-0.04%
Aug 23, 2013	6.1210	6.1211	6.1227	6.1210	-0.00%
Aug 25, 2013	6.1210	6.1210	6.1210	6.1210	0.00%
Aug 26, 2013	6.1212	6.1210	6.1215	6.1200	0.00%
Aug 27, 2013	6.1217	6.1212	6.1234	6.1210	0.01%
Aug 28, 2013	6.1204	6.1217	6.1220	6.1198	-0.02%
Aug 29, 2013	6.1205	6.1204	6.1217	6.1204	0.00%
Aug 30, 2013	6.1195	6.1205	6.1205	6.1192	-0.02%
Sep 01, 2013	6.1195	6.1195	6.1195	6.1195	0.00%
Sep 02, 2013	6.1196	6.1195	6.1204	6.1162	0.00%
Sep 03, 2013	6.1206	6.1196	6.1213	6.1187	0.02%
Sep 04, 2013	6.1201	6.1206	6.1208	6.1187	-0.01%
Sep 05, 2013	6.1199	6.1201	6.1231	6.1191	-0.00%
Sep 06, 2013	6.1205	6.1199	6.1205	6.1197	0.01%
Sep 08, 2013	6.1205	6.1205	6.1205	6.1205	0.00%
Sep 09, 2013	6.1210	6.1205	6.1220	6.1175	0.01%
Sep 10, 2013	6.1200	6.1210	6.1210	6.1186	-0.02%
Sep 11, 2013	6.1185	6.1200	6.1200	6.1185	-0.02%
Sep 12, 2013	6.1180	6.1185	6.1187	6.1169	-0.01%
Sep 13, 2013	6.1188	6.1180	6.1188	6.1172	0.01%
Sep 15, 2013	6.1188	6.1188	6.1188	6.1188	0.00%
Sep 16, 2013	6.1203	6.1188	6.1203	6.1178	0.02%
Sep 17, 2013	6.1215	6.1203	6.1217	6.1202	0.02%
Sep 18, 2013	6.1212	6.1215	6.1219	6.1207	-0.00%
Sep 19, 2013	6.1212	6.1212	6.1212	6.1212	0.00%
Sep 20, 2013	6.1212	6.1212	6.1212	6.1212	0.00%
Sep 22, 2013	6.1212	6.1212	6.1212	6.1212	0.00%
Sep 23, 2013	6.1210	6.1212	6.1690	6.1183	-0.00%
Sep 24, 2013	6.1209	6.1210	6.1210	6.1192	-0.00%
Sep 25, 2013	6.1200	6.1209	6.1218	6.1195	-0.01%
Sep 26, 2013	6.1214	6.1200	6.1214	6.1188	0.02%
Sep 27, 2013	6.1197	6.1214	6.1215	6.1195	-0.03%
Sep 29, 2013	6.1199	6.1199	6.1199	6.1199	0.00%
Sep 30, 2013	6.1215	6.1199	6.1215	6.1188	0.03%
Oct 01, 2013	6.1215	6.1215	6.1215	6.1150	0.00%
Oct 02, 2013	6.1215	6.1215	6.1215	6.1150	0.00%
Oct 03, 2013	6.1215	6.1215	6.1215	6.1150	0.00%
Oct 04, 2013	6.1400	6.1215	6.1400	6.1150	0.30%
Oct 06, 2013	6.1215	6.1215	6.1215	6.1215	-0.30%
Oct 07, 2013	6.1215	6.1215	6.1310	6.1215	0.00%
Oct 08, 2013	6.1211	6.1215	6.1220	6.1180	-0.01%
Oct 09, 2013	6.1211	6.1211	6.1211	6.1189	0.00%
Oct 10, 2013	6.1158	6.1211	6.1211	6.1158	-0.09%
Oct 11, 2013	6.1160	6.1158	6.1206	6.1124	0.00%
Oct 13, 2013	6.1206	6.1206	6.1206	6.1206	0.08%
Oct 14, 2013	6.1079	6.1206	6.1206	6.1079	-0.21%
Oct 15, 2013	6.1027	6.1079	6.1160	6.1018	-0.09%
Oct 16, 2013	6.0998	6.1027	6.1160	6.0967	-0.05%
Oct 17, 2013	6.0982	6.0998	6.1025	6.0912	-0.03%
Oct 18, 2013	6.1380	6.0982	6.1380	6.0920	0.65%
