Sep 10, 2008	107.39	107.68	107.84	107.31	0.00%
Sep 11, 2008	107.14	107.39	107.56	106.06	-0.23%
Sep 12, 2008	107.94	107.12	107.97	106.71	0.75%
Sep 14, 2008	106.32	107.94	107.94	105.50	-1.50%
Sep 15, 2008	104.21	106.33	106.67	104.13	-1.98%
Sep 16, 2008	106.09	104.21	106.36	103.52	1.80%
Sep 17, 2008	104.34	106.11	106.69	104.13	-1.65%
Sep 18, 2008	105.91	104.34	105.95	103.99	1.50%
Sep 19, 2008	107.44	105.91	108.00	105.87	1.44%
Sep 21, 2008	106.68	107.44	107.44	106.39	-0.71%
Sep 22, 2008	105.48	106.68	106.91	105.15	-1.12%
Sep 23, 2008	105.59	105.48	106.05	105.17	0.10%
Sep 24, 2008	106.08	105.58	106.33	105.34	0.46%
Sep 25, 2008	106.07	106.08	107.00	105.47	-0.01%
Sep 26, 2008	106.10	106.08	106.18	105.02	0.03%
Sep 28, 2008	106.32	106.10	106.41	106.10	0.21%
Sep 29, 2008	104.26	106.31	106.95	103.55	-1.94%
Sep 30, 2008	106.09	104.28	106.48	103.53	1.76%
Oct 01, 2008	106.06	106.08	106.52	105.32	-0.03%
Oct 02, 2008	104.95	106.05	106.28	104.93	-1.05%
Oct 03, 2008	105.34	104.95	106.13	104.53	0.37%
Oct 05, 2008	104.62	105.34	105.34	104.42	-0.68%
Oct 06, 2008	101.58	104.62	104.65	100.28	-2.91%
Oct 07, 2008	101.25	101.60	103.27	101.07	-0.32%
Oct 08, 2008	99.82	101.23	101.58	98.58	-1.41%
Oct 09, 2008	98.90	99.85	101.47	98.50	-0.92%
Oct 10, 2008	100.44	98.89	100.70	97.90	1.56%
Oct 12, 2008	100.69	100.44	101.17	100.38	0.25%
Oct 13, 2008	102.53	100.69	102.67	99.55	1.83%
Oct 14, 2008	101.55	102.52	103.05	101.41	-0.96%
Oct 15, 2008	99.48	101.56	101.91	99.25	-2.04%
Oct 16, 2008	101.41	99.48	101.73	99.45	1.94%
Oct 17, 2008	101.60	101.42	101.81	100.60	0.19%
Oct 19, 2008	101.45	101.60	101.72	101.40	-0.15%
Oct 20, 2008	102.11	101.46	102.40	101.37	0.65%
Oct 21, 2008	100.20	102.11	102.14	100.05	-1.87%
Oct 22, 2008	97.74	100.20	100.42	97.22	-2.46%
Oct 23, 2008	97.60	97.75	98.30	95.93	-0.14%
Oct 24, 2008	94.28	97.60	97.60	90.90	-3.40%
Oct 26, 2008	93.52	93.26	93.53	93.20	-0.81%
Oct 27, 2008	93.20	93.54	94.47	92.05	-0.34%
Oct 28, 2008	98.19	93.20	99.68	92.63	5.35%
Oct 29, 2008	97.55	98.20	98.26	96.08	-0.65%
Oct 30, 2008	98.76	97.55	99.10	97.38	1.24%
Oct 31, 2008	99.10	98.77	99.10	96.34	0.34%
Nov 02, 2008	98.53	98.45	98.60	98.20	-0.58%
Nov 03, 2008	98.99	98.53	99.64	98.31	0.47%
Nov 04, 2008	99.77	98.99	100.54	98.37	0.79%
Nov 05, 2008	98.19	99.77	99.85	97.76	-1.58%
Nov 06, 2008	97.31	98.21	98.65	97.22	-0.90%
Nov 07, 2008	98.66	97.29	98.66	96.75	1.39%
Nov 09, 2008	99.03	98.22	99.19	98.22	0.38%
Nov 10, 2008	97.97	99.03	99.45	97.59	-1.07%
Nov 11, 2008	97.29	97.97	98.29	97.17	-0.69%
Nov 12, 2008	94.79	97.29	98.06	94.47	-2.57%
Nov 13, 2008	97.60	94.80	98.26	94.79	2.96%
Nov 14, 2008	97.73	97.60	97.73	96.16	0.13%
Nov 16, 2008	96.22	96.58	96.60	95.93	-1.55%
Nov 17, 2008	96.39	96.22	97.53	96.03	0.18%
Nov 18, 2008	96.76	96.39	97.40	96.01	0.38%
Nov 19, 2008	95.98	96.76	97.07	95.56	-0.81%
Nov 20, 2008	94.05	96.02	96.19	93.55	-2.01%
Nov 21, 2008	95.89	94.05	95.96	93.83	1.96%
Nov 23, 2008	95.89	95.89	95.89	95.89	0.00%
Nov 24, 2008	96.86	95.48	97.41	95.09	1.01%
Nov 25, 2008	95.45	96.87	96.93	94.94	-1.46%
Nov 26, 2008	95.63	95.45	95.93	94.72	0.19%
Nov 27, 2008	95.43	95.62	95.70	94.99	-0.21%
Nov 28, 2008	95.70	95.42	95.70	95.14	0.28%
Dec 01, 2008	93.19	94.39	94.42	92.86	-2.62%
Dec 02, 2008	93.16	93.20	93.81	92.62	-0.03%
Dec 03, 2008	93.15	93.15	93.62	92.54	-0.01%
Dec 04, 2008	92.45	93.15	93.40	92.06	-0.75%
Dec 05, 2008	92.86	92.45	93.37	91.57	0.44%
Dec 07, 2008	92.86	92.86	92.86	92.86	0.00%
Dec 08, 2008	92.98	92.86	93.52	92.58	0.13%
Dec 09, 2008	92.32	92.99	93.04	91.93	-0.71%
Dec 10, 2008	92.83	92.31	93.02	92.27	0.55%
Dec 11, 2008	91.54	92.83	92.85	91.18	-1.39%
Dec 12, 2008	89.44	91.55	91.87	89.44	-2.29%
Dec 15, 2008	90.55	90.72	91.00	90.26	1.24%
Dec 16, 2008	88.70	90.55	90.64	88.66	-2.04%
Dec 17, 2008	87.30	88.71	89.23	87.15	-1.58%
Dec 18, 2008	89.56	87.30	90.04	87.27	2.59%
Dec 19, 2008	88.45	89.55	89.86	88.45	-1.24%
Dec 21, 2008	89.54	89.38	89.59	89.12	1.23%
Dec 22, 2008	90.19	89.55	90.49	89.54	0.73%
Dec 23, 2008	90.90	90.18	91.02	89.91	0.79%
Dec 24, 2008	90.27	90.90	90.93	90.27	-0.69%
Dec 26, 2008	90.82	90.46	90.82	90.39	0.61%
Dec 28, 2008	90.66	90.74	90.75	90.58	-0.18%
Dec 29, 2008	90.68	90.66	90.77	89.79	0.02%
Dec 30, 2008	90.32	90.68	91.00	90.03	-0.40%
Dec 31, 2008	90.95	90.31	90.95	90.15	0.70%
Jan 01, 2009	90.73	90.75	90.94	90.64	-0.24%
Jan 02, 2009	92.43	90.68	92.43	90.68	1.87%
Jan 04, 2009	92.10	91.94	92.21	91.87	-0.36%
Jan 05, 2009	93.26	92.10	93.60	91.82	1.26%
Jan 06, 2009	93.41	93.25	94.65	92.96	0.16%
Jan 07, 2009	92.77	93.40	94.16	92.34	-0.69%
Jan 08, 2009	91.41	92.76	92.94	90.86	-1.47%
Jan 09, 2009	90.17	91.41	91.67	90.17	-1.36%
Jan 11, 2009	90.17	90.15	90.22	89.95	0.00%
Jan 12, 2009	89.47	90.16	90.27	88.91	-0.78%
Jan 13, 2009	89.39	89.49	89.90	88.82	-0.09%
Jan 14, 2009	89.16	89.39	89.98	88.62	-0.26%
Jan 15, 2009	89.99	89.17	90.04	88.50	0.93%
Jan 16, 2009	90.93	89.99	90.93	89.85	1.04%
Jan 18, 2009	91.23	90.99	91.33	90.97	0.33%
Jan 19, 2009	90.65	91.23	91.26	90.16	-0.64%
Jan 20, 2009	89.84	90.66	90.99	89.69	-0.89%
Jan 21, 2009	89.08	89.84	90.18	87.14	-0.85%
Jan 22, 2009	89.15	89.09	89.57	88.09	0.08%
Jan 23, 2009	89.62	89.15	89.62	88.01	0.53%
Jan 26, 2009	89.28	89.37	89.70	88.74	-0.38%
Jan 27, 2009	89.35	89.29	90.09	88.45	0.08%
Jan 28, 2009	90.50	89.35	90.77	88.95	1.29%
Jan 29, 2009	89.94	90.51	90.68	89.49	-0.62%
Jan 30, 2009	90.09	89.94	90.09	89.18	0.17%
Feb 02, 2009	89.40	89.56	90.00	88.83	-0.77%
Feb 03, 2009	89.39	89.39	89.99	88.61	-0.01%
Feb 04, 2009	89.47	89.40	89.79	88.84	0.09%
Feb 05, 2009	91.19	89.46	92.28	89.23	1.92%
Feb 06, 2009	92.23	91.20	92.23	90.75	1.14%
Feb 09, 2009	91.34	91.17	91.80	91.15	-0.96%
Feb 10, 2009	90.16	91.34	91.68	90.16	-1.29%
Feb 11, 2009	90.33	90.47	91.39	89.72	0.19%
Feb 12, 2009	90.70	90.33	91.12	89.83	0.41%
Feb 13, 2009	92.16	90.71	92.16	90.56	1.61%
Feb 15, 2009	91.54	91.74	92.00	91.51	-0.67%
Feb 16, 2009	91.75	91.55	92.08	91.45	0.23%
Feb 17, 2009	92.31	91.76	92.76	91.58	0.61%
Feb 18, 2009	93.67	92.32	93.97	92.10	1.47%
Feb 19, 2009	94.03	93.67	94.48	93.32	0.38%
Feb 20, 2009	92.53	94.04	94.39	92.53	-1.60%
Feb 22, 2009	93.53	93.56	93.58	93.36	1.08%
Feb 23, 2009	94.40	93.52	94.96	92.77	0.93%
Feb 24, 2009	96.59	94.39	96.95	94.28	2.32%
Feb 25, 2009	97.41	96.59	97.80	96.37	0.85%
Feb 26, 2009	98.36	97.41	98.72	97.35	0.98%
Feb 27, 2009	96.88	98.36	98.37	96.88	-1.50%
Mar 01, 2009	97.22	97.76	97.81	97.18	0.35%
Mar 02, 2009	97.11	97.23	97.92	96.93	-0.11%
Mar 03, 2009	98.54	97.11	98.61	97.04	1.47%
Mar 04, 2009	99.04	98.55	99.49	98.20	0.51%
Mar 05, 2009	98.16	99.04	99.69	97.74	-0.89%
Mar 06, 2009	96.59	98.15	98.52	96.59	-1.60%
Mar 08, 2009	97.97	98.34	98.43	97.92	1.43%
Mar 09, 2009	98.95	97.96	99.20	97.95	1.00%
Mar 10, 2009	98.81	98.95	99.15	98.19	-0.14%
Mar 11, 2009	97.26	98.80	98.83	97.07	-1.57%
Mar 12, 2009	97.34	97.27	98.54	95.68	0.08%
Mar 13, 2009	98.67	97.34	98.67	97.15	1.37%
Mar 15, 2009	98.12	98.12	98.20	97.58	-0.56%
Mar 16, 2009	98.27	98.12	98.66	97.99	0.15%
Mar 17, 2009	98.81	98.27	98.98	98.21	0.55%
Mar 18, 2009	96.44	98.81	98.82	95.68	-2.40%
Mar 19, 2009	94.51	96.43	96.62	93.56	-2.00%
Mar 20, 2009	96.28	94.52	96.28	94.17	1.87%
Mar 22, 2009	95.99	95.64	95.99	95.46	-0.30%
Mar 23, 2009	97.11	95.98	97.35	95.66	1.17%
Mar 24, 2009	98.34	97.12	98.58	97.04	1.27%
Mar 25, 2009	97.78	98.34	98.36	96.93	-0.57%
Mar 26, 2009	98.73	97.79	98.89	97.61	0.97%
Mar 27, 2009	97.11	98.73	98.78	97.11	-1.64%
Mar 29, 2009	98.09	98.08	98.27	97.93	1.01%
Mar 30, 2009	97.43	98.09	98.34	95.98	-0.67%
Mar 31, 2009	99.34	97.43	99.49	97.39	1.96%
Apr 01, 2009	98.56	99.34	99.34	98.23	-0.79%
Apr 02, 2009	99.72	98.57	99.91	98.41	1.18%
Apr 03, 2009	100.39	99.71	100.39	99.36	0.67%
Apr 05, 2009	100.59	100.22	100.60	100.20	0.20%
Apr 06, 2009	100.43	100.58	101.46	100.43	-0.16%
Apr 07, 2009	100.68	100.44	100.88	99.88	0.25%
Apr 08, 2009	99.90	100.68	100.88	99.34	-0.77%
Apr 09, 2009	100.66	99.91	100.71	99.70	0.76%
Apr 10, 2009	100.24	100.67	100.74	100.24	-0.42%
Apr 12, 2009	100.44	100.37	100.47	100.34	0.20%
Apr 13, 2009	100.35	100.44	100.73	99.89	-0.09%
Apr 14, 2009	99.02	100.35	100.44	98.75	-1.33%
Apr 15, 2009	99.27	99.03	99.67	98.16	0.25%
Apr 16, 2009	99.50	99.28	99.63	98.54	0.23%
Apr 17, 2009	98.74	99.49	99.76	98.74	-0.76%
Apr 19, 2009	99.34	99.23	99.43	99.17	0.61%
Apr 20, 2009	97.78	99.33	99.40	97.67	-1.57%
Apr 21, 2009	98.55	97.78	98.92	97.74	0.79%
Apr 22, 2009	98.07	98.55	98.64	97.58	-0.49%
Apr 23, 2009	97.89	98.06	98.45	97.64	-0.18%
Apr 24, 2009	96.65	97.88	97.94	96.65	-1.27%
Apr 26, 2009	96.76	97.18	97.18	96.65	0.11%
Apr 27, 2009	96.37	96.76	97.12	96.27	-0.40%
Apr 28, 2009	96.54	96.37	96.70	95.62	0.18%
Apr 29, 2009	97.59	96.54	97.96	96.49	1.09%
Apr 30, 2009	98.90	97.59	98.99	97.14	1.34%
May 01, 2009	99.57	98.87	99.57	98.73	0.68%
May 03, 2009	99.41	99.21	99.51	99.11	-0.16%
May 04, 2009	98.85	99.41	99.56	98.72	-0.56%
May 05, 2009	98.74	98.85	99.21	98.60	-0.11%
May 06, 2009	98.65	98.74	99.07	97.93	-0.09%
May 07, 2009	99.17	98.65	99.74	98.40	0.53%
May 08, 2009	98.32	99.17	99.56	98.32	-0.86%
May 10, 2009	98.73	98.61	98.83	98.54	0.42%
May 11, 2009	97.60	98.72	98.79	97.26	-1.14%
May 12, 2009	96.23	97.60	97.83	95.98	-1.40%
May 13, 2009	95.37	96.24	96.68	95.12	-0.89%
May 14, 2009	95.96	95.37	96.18	95.11	0.62%
May 15, 2009	94.72	95.96	96.07	94.72	-1.29%
May 17, 2009	95.00	94.84	95.16	94.84	0.30%
May 18, 2009	96.31	94.99	96.46	94.55	1.38%
May 19, 2009	96.21	96.31	96.70	95.90	-0.10%
May 20, 2009	94.58	96.21	96.22	94.45	-1.70%
May 21, 2009	93.89	94.59	95.26	93.88	-0.73%
May 22, 2009	94.76	93.90	94.91	93.84	0.93%
May 24, 2009	94.56	94.76	94.80	94.54	-0.21%
May 25, 2009	94.91	94.56	95.20	94.42	0.37%
May 26, 2009	95.23	94.92	95.35	94.50	0.33%
May 27, 2009	95.60	95.22	95.71	94.66	0.39%
May 29, 2009	95.02	96.71	96.88	95.02	-0.61%
May 31, 2009	95.46	95.30	95.47	95.05	0.46%
Jun 01, 2009	96.44	95.46	96.80	94.44	1.03%
Jun 02, 2009	95.43	96.43	96.62	95.32	-1.05%
Jun 03, 2009	95.98	95.45	96.41	95.40	0.58%
Jun 04, 2009	96.63	95.99	96.97	95.95	0.68%
Jun 05, 2009	98.88	96.64	98.88	96.55	2.33%
Jun 07, 2009	98.67	98.58	98.78	98.42	-0.21%
Jun 08, 2009	98.46	98.65	98.87	98.19	-0.21%
Jun 09, 2009	97.41	98.48	98.54	97.24	-1.07%
Jun 10, 2009	98.22	97.42	98.43	97.08	0.83%
Jun 11, 2009	97.55	98.23	98.55	97.28	-0.68%
Jun 12, 2009	98.42	97.55	98.42	97.50	0.89%
Jun 14, 2009	98.41	98.42	98.55	98.33	-0.01%
Jun 15, 2009	97.61	98.43	98.56	97.55	-0.81%
Jun 16, 2009	96.00	97.62	97.71	95.96	-1.65%
Jun 17, 2009	95.97	96.01	96.78	95.51	-0.03%
Jun 18, 2009	96.68	95.96	96.69	95.62	0.74%
Jun 19, 2009	96.30	96.70	97.17	96.00	-0.39%
Jun 21, 2009	96.07	96.18	96.30	95.96	-0.24%
Jun 22, 2009	95.43	96.08	96.26	95.33	-0.67%
Jun 23, 2009	95.33	95.43	95.88	94.87	-0.10%
Jun 24, 2009	95.71	95.31	96.05	95.07	0.40%
Jun 25, 2009	95.77	95.71	96.56	95.66	0.06%
Jun 26, 2009	95.20	95.77	96.04	95.04	-0.60%
Jun 28, 2009	95.15	95.13	95.37	95.13	-0.05%
Jun 29, 2009	96.15	95.16	96.27	95.16	1.05%
Jun 30, 2009	96.23	96.14	96.51	95.30	0.08%
Jul 01, 2009	96.51	96.23	96.98	96.17	0.29%
Jul 02, 2009	95.82	96.52	96.87	95.69	-0.71%
Jul 03, 2009	96.02	95.82	96.12	95.69	0.21%
Jul 05, 2009	95.87	96.08	96.13	95.83	-0.16%
Jul 06, 2009	95.22	95.86	95.87	94.66	-0.68%
Jul 07, 2009	94.62	95.22	95.46	94.59	-0.63%
Jul 08, 2009	92.71	94.61	94.72	91.81	-2.02%
Jul 09, 2009	93.16	92.73	93.59	92.51	0.49%
Jul 10, 2009	92.54	93.16	93.17	91.78	-0.67%
Jul 12, 2009	92.44	92.36	92.51	92.35	-0.11%
Jul 13, 2009	93.09	92.46	93.16	91.74	0.70%
Jul 14, 2009	93.64	93.10	93.76	92.71	0.59%
Jul 15, 2009	94.18	93.63	94.46	93.26	0.58%
Jul 16, 2009	93.71	94.17	94.43	93.26	-0.50%
Jul 17, 2009	94.21	93.70	94.37	93.47	0.53%
Jul 19, 2009	94.35	94.25	94.38	94.17	0.15%
Jul 20, 2009	94.16	94.36	94.78	93.95	-0.20%
Jul 21, 2009	93.55	94.14	94.38	93.28	-0.65%
Jul 22, 2009	93.58	93.55	93.86	93.09	0.03%
Jul 23, 2009	94.96	93.60	95.29	93.58	1.47%
Jul 24, 2009	94.84	94.96	95.01	94.59	-0.13%
Jul 26, 2009	94.72	94.84	94.88	94.67	-0.13%
Jul 27, 2009	95.17	94.71	95.37	94.67	0.48%
Jul 28, 2009	94.43	95.12	95.17	94.03	-0.78%
Jul 29, 2009	95.09	94.43	95.35	94.01	0.70%
Jul 30, 2009	95.56	95.10	95.88	94.82	0.49%
Jul 31, 2009	94.66	95.56	95.84	94.50	-0.94%
Aug 02, 2009	94.65	94.76	94.82	94.62	-0.01%
Aug 03, 2009	95.20	94.64	95.42	94.58	0.58%
Aug 04, 2009	95.30	95.17	95.46	94.36	0.11%
Aug 05, 2009	94.79	95.31	95.37	94.62	-0.54%
Aug 06, 2009	95.48	94.81	95.79	94.81	0.73%
Aug 07, 2009	97.56	95.48	97.78	95.05	2.18%
Aug 09, 2009	97.34	97.65	97.74	97.31	-0.23%
Aug 10, 2009	97.01	97.33	97.49	96.86	-0.34%
Aug 11, 2009	95.94	97.01	97.05	95.77	-1.10%
Aug 12, 2009	96.19	95.97	96.75	95.12	0.26%
Aug 13, 2009	95.28	96.19	96.48	95.05	-0.95%
Aug 14, 2009	94.94	95.30	95.47	94.43	-0.36%
Aug 16, 2009	94.72	94.72	94.88	94.64	-0.23%
Aug 17, 2009	94.47	94.73	94.75	94.21	-0.27%
Aug 18, 2009	94.89	94.47	95.29	94.47	0.44%
Aug 19, 2009	94.11	94.88	94.89	93.68	-0.81%
Aug 20, 2009	94.25	94.11	94.56	93.86	0.15%
Aug 21, 2009	94.39	94.27	94.72	93.42	0.15%
Aug 23, 2009	94.58	94.38	94.70	94.30	0.20%
Aug 24, 2009	94.39	94.58	95.06	94.36	-0.20%
Aug 25, 2009	93.92	94.41	94.64	93.80	-0.51%
Aug 26, 2009	94.09	93.94	94.59	93.91	0.19%
Aug 27, 2009	93.66	94.11	94.16	93.22	-0.47%
Aug 28, 2009	93.61	93.66	94.08	93.42	-0.04%
Aug 30, 2009	93.39	93.31	93.56	93.22	-0.25%
Aug 31, 2009	92.89	93.39	93.45	92.55	-0.54%
Sep 01, 2009	92.70	92.89	93.44	92.52	-0.19%
Sep 02, 2009	92.25	92.72	93.06	92.08	-0.50%
Sep 03, 2009	92.69	92.23	92.78	91.94	0.49%
Sep 04, 2009	93.00	92.70	93.25	92.28	0.32%
Sep 06, 2009	93.17	92.97	93.19	92.92	0.19%
Sep 07, 2009	92.94	93.16	93.30	92.82	-0.24%
Sep 08, 2009	92.33	92.94	93.00	92.04	-0.67%
Sep 09, 2009	92.16	92.33	92.60	91.61	-0.18%
Sep 10, 2009	91.72	92.16	92.25	91.43	-0.48%
Sep 11, 2009	90.72	91.72	91.72	90.22	-1.09%
Sep 13, 2009	90.41	90.30	90.44	90.22	-0.34%
Sep 14, 2009	90.88	90.42	91.13	90.31	0.52%
Sep 15, 2009	90.92	90.86	91.64	90.83	0.04%
Sep 16, 2009	91.05	90.91	91.36	90.13	0.14%
Sep 17, 2009	91.22	91.05	91.62	90.52	0.19%
Sep 18, 2009	91.31	91.22	91.54	91.03	0.10%
Sep 20, 2009	91.38	91.33	91.48	91.31	0.08%
Sep 21, 2009	92.05	91.36	92.54	91.36	0.73%
Sep 22, 2009	90.75	91.97	92.03	90.50	-1.41%
Sep 23, 2009	91.33	90.72	91.64	90.67	0.64%
Sep 24, 2009	90.84	91.33	91.59	90.37	-0.53%
Sep 25, 2009	89.61	90.85	91.02	89.52	-1.36%
Sep 27, 2009	88.70	89.56	89.66	88.25	-1.01%
Sep 28, 2009	89.91	88.73	89.91	88.71	1.36%
Sep 29, 2009	90.25	89.91	90.37	89.64	0.38%
Sep 30, 2009	89.89	90.23	90.41	89.36	-0.39%
Oct 01, 2009	89.55	89.92	90.17	89.47	-0.39%
Oct 02, 2009	89.80	89.53	89.93	88.60	0.28%
Oct 04, 2009	89.69	89.34	89.73	89.34	-0.12%
Oct 05, 2009	89.66	89.75	89.98	89.41	-0.04%
Oct 06, 2009	88.83	89.64	89.64	88.63	-0.91%
Oct 07, 2009	88.55	88.86	89.39	88.01	-0.33%
Oct 08, 2009	88.75	88.55	88.78	88.16	0.23%
Oct 09, 2009	89.78	88.75	89.88	88.65	1.16%
Oct 11, 2009	89.95	89.55	89.95	89.53	0.19%
Oct 12, 2009	89.72	89.94	90.46	89.62	-0.26%
Oct 13, 2009	89.84	89.72	90.19	89.44	0.14%
Oct 14, 2009	89.42	89.86	89.91	88.84	-0.48%
Oct 15, 2009	90.81	89.42	90.98	89.31	1.57%
Oct 16, 2009	90.92	90.81	91.32	90.58	0.11%
Oct 18, 2009	90.92	91.06	91.14	90.89	0.00%
Oct 19, 2009	90.75	90.92	91.06	90.37	-0.19%
Oct 20, 2009	90.81	90.73	91.07	90.08	0.07%
Oct 21, 2009	90.86	90.81	91.28	90.49	0.06%
Oct 22, 2009	91.42	90.86	91.71	90.86	0.63%
Oct 23, 2009	92.06	91.42	92.12	91.36	0.69%
Oct 25, 2009	92.12	92.16	92.19	92.00	0.08%
Oct 26, 2009	92.22	92.11	92.28	91.58	0.11%
Oct 27, 2009	91.67	92.20	92.33	91.61	-0.61%
Oct 28, 2009	90.61	91.67	91.72	90.55	-1.16%
Oct 29, 2009	91.52	90.62	91.62	90.25	1.00%
Oct 30, 2009	90.11	91.50	91.53	89.93	-1.53%
Nov 01, 2009	89.72	89.69	89.83	89.19	-0.44%
Nov 02, 2009	90.42	89.72	90.69	89.72	0.78%
Nov 03, 2009	90.42	90.42	90.57	89.88	0.01%
Nov 04, 2009	90.70	90.42	91.20	90.05	0.30%
Nov 05, 2009	90.80	90.69	90.86	90.01	0.11%
Nov 06, 2009	89.88	90.80	90.80	89.63	-1.02%
Nov 08, 2009	89.89	90.02	90.02	89.69	0.01%
Nov 09, 2009	89.88	89.88	90.27	89.74	-0.01%
Nov 10, 2009	89.70	89.86	90.18	89.69	-0.19%
Nov 11, 2009	89.94	89.64	90.02	89.30	0.26%
Nov 12, 2009	90.28	89.92	90.61	89.65	0.39%
Nov 13, 2009	89.67	90.28	90.41	89.47	-0.68%
Nov 15, 2009	89.64	89.58	89.67	89.50	-0.04%
Nov 16, 2009	89.03	89.64	89.71	88.76	-0.68%
Nov 17, 2009	89.25	89.03	89.53	88.73	0.25%
Nov 18, 2009	89.41	89.27	89.49	89.02	0.18%
Nov 19, 2009	88.92	89.39	89.44	88.64	-0.55%
Nov 20, 2009	88.89	88.92	89.13	88.68	-0.03%
Nov 22, 2009	88.89	88.83	88.95	88.81	0.00%
Nov 23, 2009	88.92	88.89	89.19	88.57	0.05%
Nov 24, 2009	88.61	88.92	88.96	88.36	-0.35%
Nov 25, 2009	87.34	88.61	88.64	87.22	-1.43%
Nov 26, 2009	85.16	87.33	87.47	84.86	-2.51%
Nov 27, 2009	86.53	85.17	87.01	85.09	1.62%
Nov 29, 2009	86.64	86.95	87.05	86.41	0.12%
Nov 30, 2009	86.25	86.64	86.86	85.87	-0.44%
Dec 01, 2009	86.66	86.31	87.53	86.31	0.46%
Dec 02, 2009	87.64	86.66	87.67	86.59	1.14%
Dec 03, 2009	88.28	87.64	88.48	87.59	0.72%
Dec 04, 2009	90.54	88.25	90.77	88.00	2.57%
Dec 06, 2009	90.08	90.19	90.38	89.98	-0.51%
Dec 07, 2009	89.32	90.08	90.19	89.10	-0.84%
Dec 08, 2009	88.41	89.35	89.44	88.19	-1.02%
Dec 09, 2009	88.09	88.42	88.67	87.38	-0.36%
Dec 10, 2009	88.27	88.09	88.45	87.74	0.19%
Dec 11, 2009	89.11	88.28	89.80	88.28	0.95%
Dec 13, 2009	89.27	88.95	89.33	88.92	0.18%
Dec 14, 2009	88.69	89.27	89.30	88.32	-0.64%
Dec 15, 2009	89.62	88.69	89.95	88.61	1.05%
Dec 16, 2009	89.86	89.62	89.98	89.39	0.26%
Dec 17, 2009	89.67	89.89	90.37	89.56	-0.21%
Dec 18, 2009	90.42	89.69	90.92	88.89	0.85%
Dec 20, 2009	90.44	90.28	90.67	90.28	0.02%
Dec 21, 2009	91.08	90.45	91.23	90.25	0.71%
Dec 22, 2009	91.81	91.08	91.87	91.00	0.80%
Dec 23, 2009	91.65	91.82	91.87	91.32	-0.17%
Dec 24, 2009	91.58	91.65	91.78	91.13	-0.07%
Dec 25, 2009	91.59	91.59	91.59	91.59	0.01%
Dec 27, 2009	91.47	91.44	91.61	91.42	-0.14%
Dec 28, 2009	91.70	91.52	91.77	91.42	0.26%
Dec 29, 2009	91.99	91.70	92.07	91.53	0.31%
Dec 30, 2009	92.46	91.99	92.76	91.98	0.51%
Dec 31, 2009	93.03	92.46	93.15	91.92	0.61%
Jan 01, 2010	93.03	93.03	93.03	93.03	0.01%
Jan 03, 2010	92.75	93.00	93.11	92.69	-0.31%
Jan 04, 2010	92.47	92.75	93.21	92.19	-0.29%
Jan 05, 2010	91.58	92.47	92.52	91.25	-0.97%
Jan 06, 2010	92.38	91.56	92.74	91.53	0.87%
Jan 07, 2010	93.45	92.36	93.77	92.11	1.16%
Jan 08, 2010	92.67	93.46	93.67	92.28	-0.83%
Jan 10, 2010	92.36	92.61	92.62	92.22	-0.34%
Jan 11, 2010	92.11	92.36	92.66	91.82	-0.27%
Jan 12, 2010	91.11	92.11	92.43	90.72	-1.09%
Jan 13, 2010	91.39	91.11	91.55	90.91	0.31%
Jan 14, 2010	91.26	91.40	92.04	90.85	-0.14%
Jan 15, 2010	90.78	91.28	91.33	90.60	-0.53%
Jan 17, 2010	90.85	90.78	91.00	90.75	0.08%
Jan 18, 2010	90.72	90.85	91.06	90.58	-0.15%
Jan 19, 2010	91.21	90.70	91.26	90.32	0.55%
Jan 20, 2010	91.21	91.21	91.46	90.79	0.00%
Jan 21, 2010	90.45	91.20	91.87	89.88	-0.83%
Jan 22, 2010	89.84	90.43	90.57	89.80	-0.67%
Jan 24, 2010	90.00	90.19	90.19	89.89	0.17%
Jan 25, 2010	90.42	90.00	90.47	89.83	0.47%
Jan 26, 2010	89.65	90.42	90.56	89.35	-0.85%
Jan 27, 2010	89.97	89.64	90.09	89.14	0.36%
Jan 28, 2010	89.79	89.97	90.55	89.63	-0.20%
Jan 29, 2010	90.28	89.80	90.93	89.59	0.55%
Jan 31, 2010	90.25	90.23	90.28	90.05	-0.04%
Feb 01, 2010	90.76	90.25	90.94	90.00	0.57%
Feb 02, 2010	90.45	90.77	90.91	90.27	-0.34%
Feb 03, 2010	90.89	90.45	91.28	90.08	0.49%
Feb 04, 2010	89.38	90.89	91.08	88.55	-1.66%
Feb 05, 2010	89.22	89.38	89.89	88.83	-0.17%
Feb 07, 2010	89.27	89.27	89.44	89.14	0.05%
Feb 08, 2010	89.23	89.27	89.56	89.15	-0.04%
Feb 09, 2010	89.82	89.23	89.94	89.22	0.66%
Feb 10, 2010	89.92	89.82	90.06	89.25	0.11%
Feb 11, 2010	89.71	89.92	90.14	89.57	-0.23%
Feb 12, 2010	89.94	90.20	90.41	89.62	0.26%
Feb 14, 2010	90.06	90.06	90.11	89.98	0.13%
Feb 15, 2010	90.06	90.06	90.23	89.91	-0.01%
Feb 16, 2010	90.25	90.06	90.52	89.72	0.22%
Feb 17, 2010	91.08	90.25	91.39	90.15	0.91%
Feb 18, 2010	91.98	91.09	92.09	90.57	0.99%
Feb 19, 2010	91.53	91.97	92.14	91.50	-0.48%
Feb 21, 2010	91.63	91.52	91.75	91.50	0.10%
Feb 22, 2010	91.27	91.63	91.90	91.02	-0.39%
Feb 23, 2010	90.17	91.26	91.29	89.92	-1.21%
Feb 24, 2010	90.29	90.17	90.36	89.77	0.13%
Feb 25, 2010	89.30	90.29	90.29	88.80	-1.10%
Feb 26, 2010	88.94	89.29	89.50	88.75	-0.40%
Feb 28, 2010	88.87	88.86	89.11	88.86	-0.08%
Mar 01, 2010	89.19	88.86	89.48	88.81	0.35%
Mar 02, 2010	88.77	89.17	89.38	88.55	-0.47%
Mar 03, 2010	88.61	88.78	88.99	88.32	-0.17%
Mar 04, 2010	89.19	88.59	89.26	88.14	0.65%
Mar 05, 2010	90.31	89.17	90.59	89.16	1.25%
Mar 07, 2010	90.60	90.39	90.68	90.36	0.33%
Mar 08, 2010	90.31	90.61	90.66	90.15	-0.33%
Mar 09, 2010	90.00	90.31	90.31	89.64	-0.34%
Mar 10, 2010	90.50	90.01	90.82	89.94	0.55%
Mar 11, 2010	90.67	90.50	90.75	90.21	0.20%
Mar 12, 2010	90.56	90.67	91.08	90.17	-0.12%
Mar 14, 2010	90.71	90.75	90.75	90.56	0.16%
Mar 15, 2010	90.33	90.70	90.80	90.28	-0.41%
Mar 16, 2010	90.31	90.33	90.73	89.99	-0.02%
Mar 17, 2010	90.42	90.31	90.71	90.03	0.11%
Mar 18, 2010	90.48	90.42	90.80	89.76	0.08%
Mar 19, 2010	90.55	90.48	90.72	90.34	0.07%
Mar 21, 2010	90.44	90.52	90.58	90.44	-0.12%
Mar 22, 2010	90.33	90.44	90.77	89.83	-0.13%
Mar 23, 2010	90.42	90.33	90.47	90.13	0.10%
Mar 24, 2010	92.02	90.42	92.40	90.39	1.77%
Mar 25, 2010	92.53	92.02	92.96	91.77	0.57%
Mar 26, 2010	92.53	92.53	92.90	92.31	-0.01%
Mar 28, 2010	92.40	92.44	92.50	92.36	-0.14%
Mar 29, 2010	92.42	92.40	92.78	92.35	0.03%
Mar 30, 2010	92.92	92.42	93.02	92.12	0.54%
Apr 01, 2010	93.74	93.53	94.04	93.28	0.88%
Apr 02, 2010	94.61	93.74	94.69	93.61	0.93%
Apr 04, 2010	94.53	94.70	94.80	94.53	-0.09%
Apr 05, 2010	94.28	94.53	94.59	94.09	-0.26%
Apr 06, 2010	93.64	94.28	94.29	93.56	-0.68%
Apr 07, 2010	93.21	93.64	94.27	93.15	-0.45%
Apr 08, 2010	93.42	93.21	93.53	92.83	0.23%
Apr 09, 2010	93.18	93.42	93.78	93.11	-0.26%
Apr 11, 2010	93.09	92.92	93.28	92.91	-0.10%
Apr 12, 2010	93.20	93.09	93.61	93.05	0.12%
Apr 13, 2010	93.24	93.20	93.41	92.58	0.04%
Apr 14, 2010	93.31	93.24	93.72	92.83	0.07%
Apr 16, 2010	92.17	93.13	93.13	91.90	-1.21%
Apr 18, 2010	91.95	91.83	92.11	91.83	-0.24%
Apr 19, 2010	92.47	91.95	92.54	91.60	0.56%
Apr 20, 2010	93.12	92.47	93.39	92.47	0.70%
Apr 21, 2010	93.00	93.12	93.44	92.94	-0.12%
Apr 22, 2010	93.54	93.00	93.63	92.75	0.58%
Apr 23, 2010	93.97	93.54	94.33	93.31	0.45%
Apr 25, 2010	94.18	94.03	94.19	93.94	0.23%
Apr 26, 2010	93.89	94.18	94.36	93.81	-0.31%
Apr 27, 2010	93.19	93.89	94.03	92.82	-0.74%
Apr 28, 2010	94.01	93.19	94.32	93.00	0.88%
Apr 29, 2010	93.97	94.01	94.26	93.86	-0.05%
Apr 30, 2010	93.86	93.97	94.59	93.83	-0.12%
May 02, 2010	94.12	93.91	94.14	93.86	0.28%
May 03, 2010	94.66	94.12	94.78	93.84	0.57%
May 04, 2010	94.90	94.66	94.97	94.33	0.25%
May 05, 2010	93.88	94.90	94.99	93.54	-1.07%
May 06, 2010	91.36	93.88	93.97	87.98	-2.68%
May 07, 2010	91.59	91.36	93.24	90.84	0.26%
May 09, 2010	92.17	92.42	92.75	91.41	0.62%
May 10, 2010	93.02	92.17	93.54	91.84	0.93%
May 11, 2010	92.81	93.01	93.27	92.22	-0.23%
May 12, 2010	93.19	92.81	93.29	92.45	0.41%
May 13, 2010	92.60	93.19	93.64	92.59	-0.64%
May 14, 2010	92.52	92.60	93.08	91.81	-0.09%
May 16, 2010	92.25	92.28	92.42	92.18	-0.28%
May 17, 2010	92.54	92.25	92.69	91.77	0.31%
May 18, 2010	91.86	92.54	92.97	91.86	-0.73%
May 19, 2010	91.78	91.86	92.14	90.94	-0.10%
May 20, 2010	89.87	91.78	91.88	88.97	-2.08%
May 21, 2010	89.98	89.87	90.48	89.23	0.13%
May 23, 2010	90.17	90.36	90.41	89.95	0.21%
May 24, 2010	90.11	90.17	90.62	89.75	-0.08%
May 25, 2010	90.33	90.11	90.49	89.26	0.25%
May 26, 2010	89.98	90.33	90.67	89.82	-0.39%
May 27, 2010	90.99	89.98	91.08	89.92	1.12%
May 28, 2010	91.06	90.99	91.41	90.61	0.08%
May 30, 2010	91.24	91.03	91.26	90.92	0.19%
May 31, 2010	91.16	91.24	91.62	90.94	-0.09%
Jun 01, 2010	91.17	91.16	91.46	90.54	0.01%
Jun 02, 2010	92.09	91.17	92.36	91.02	1.01%
Jun 03, 2010	92.59	92.09	92.80	92.05	0.54%
Jun 04, 2010	91.89	92.59	92.89	91.43	-0.76%
Jun 06, 2010	91.62	91.81	91.95	91.50	-0.28%
Jun 07, 2010	91.56	91.62	92.08	90.98	-0.07%
Jun 08, 2010	91.35	91.56	91.93	90.84	-0.23%
Jun 09, 2010	91.35	91.35	91.67	91.06	0.00%
Jun 10, 2010	91.49	91.35	91.55	90.86	0.15%
Jun 11, 2010	91.66	91.49	91.78	91.22	0.18%
Jun 13, 2010	91.67	91.78	91.83	91.61	0.01%
Jun 14, 2010	91.63	91.67	92.12	91.42	-0.04%
Jun 15, 2010	91.53	91.63	91.69	91.08	-0.11%
Jun 16, 2010	91.33	91.53	91.82	91.10	-0.22%
Jun 17, 2010	90.89	91.33	91.42	90.52	-0.48%
Jun 18, 2010	90.69	90.89	90.95	90.46	-0.21%
Jun 20, 2010	90.56	90.36	90.58	90.28	-0.15%
Jun 21, 2010	91.03	90.56	91.48	90.34	0.52%
Jun 22, 2010	90.39	91.03	91.11	90.34	-0.70%
Jun 23, 2010	89.94	90.39	90.56	89.75	-0.50%
Jun 24, 2010	89.59	89.94	89.97	89.23	-0.38%
Jun 25, 2010	89.25	89.59	89.77	89.23	-0.38%
Jun 27, 2010	89.30	89.33	89.41	89.27	0.05%
Jun 28, 2010	89.39	89.30	89.47	89.07	0.10%
Jun 29, 2010	88.63	89.39	89.42	88.30	-0.85%
Jun 30, 2010	88.51	88.63	88.76	88.36	-0.14%
Jul 01, 2010	87.71	88.51	88.53	86.99	-0.90%
Jul 02, 2010	87.78	87.71	88.21	87.45	0.07%
Jul 04, 2010	87.79	87.73	87.83	87.65	0.02%
Jul 05, 2010	87.53	87.79	88.00	87.47	-0.30%
Jul 06, 2010	87.64	87.53	87.97	87.36	0.13%
Jul 07, 2010	87.82	87.64	87.84	87.03	0.21%
Jul 08, 2010	88.50	87.82	88.64	87.80	0.77%
Jul 09, 2010	88.61	88.50	88.70	88.38	0.13%
Jul 12, 2010	88.76	89.08	89.12	88.39	0.16%
Jul 13, 2010	88.83	88.76	88.87	88.19	0.08%
Jul 14, 2010	88.30	88.83	89.11	88.09	-0.60%
Jul 15, 2010	87.43	88.30	88.41	87.24	-0.99%
Jul 16, 2010	86.58	87.43	87.50	86.30	-0.98%
Jul 18, 2010	86.53	86.52	86.67	86.48	-0.05%
Jul 19, 2010	86.76	86.53	87.22	86.53	0.27%
Jul 20, 2010	87.41	86.76	87.57	86.74	0.75%
Jul 21, 2010	86.85	87.41	87.43	86.80	-0.64%
Jul 22, 2010	87.22	86.85	87.23	86.35	0.43%
Jul 23, 2010	87.47	87.22	87.50	86.74	0.28%
Jul 25, 2010	87.67	87.45	87.67	87.42	0.23%
Jul 26, 2010	86.91	87.67	87.72	86.83	-0.87%
Jul 27, 2010	87.82	86.91	87.98	86.84	1.05%
Jul 30, 2010	86.45	86.76	86.82	86.02	-1.55%
Aug 01, 2010	86.52	86.34	86.53	86.33	0.08%
Aug 02, 2010	86.53	86.52	86.88	86.33	0.01%
Aug 03, 2010	85.88	86.53	86.60	85.69	-0.75%
Aug 04, 2010	86.33	85.88	86.40	85.33	0.52%
Aug 05, 2010	85.81	86.33	86.45	85.71	-0.60%
Aug 06, 2010	85.52	85.81	86.18	85.03	-0.34%
Aug 08, 2010	85.35	85.39	85.45	85.31	-0.19%
Aug 09, 2010	85.93	85.35	85.95	85.34	0.67%
Aug 10, 2010	85.32	85.93	86.24	85.19	-0.72%
Aug 11, 2010	85.13	85.32	85.47	84.73	-0.22%
Aug 12, 2010	86.17	85.13	86.18	84.94	1.22%
Aug 13, 2010	86.22	86.17	86.38	85.57	0.06%
Aug 15, 2010	85.97	86.23	86.24	85.92	-0.28%
Aug 16, 2010	85.19	85.97	85.98	85.12	-0.91%
Aug 17, 2010	85.62	85.19	85.68	85.18	0.51%
Aug 18, 2010	85.46	85.62	85.62	85.19	-0.18%
Aug 19, 2010	85.20	85.46	85.92	84.90	-0.30%
Aug 20, 2010	85.59	85.20	85.82	85.20	0.46%
Aug 22, 2010	85.56	85.63	85.68	85.51	-0.04%
Aug 23, 2010	85.08	85.56	85.64	85.07	-0.56%
Aug 24, 2010	84.19	85.08	85.16	83.59	-1.06%
Aug 25, 2010	84.79	84.19	84.83	84.06	0.71%
Aug 26, 2010	84.31	84.79	84.89	84.28	-0.56%
Aug 27, 2010	85.26	84.31	85.45	84.28	1.13%
Aug 29, 2010	85.60	85.37	85.75	85.33	0.40%
Aug 30, 2010	84.61	85.60	85.90	84.49	-1.16%
Aug 31, 2010	84.13	84.61	84.66	83.83	-0.56%
Sep 01, 2010	84.51	84.13	84.67	83.68	0.46%
Sep 02, 2010	84.37	84.51	84.56	84.00	-0.17%
Sep 03, 2010	84.34	84.37	85.22	84.17	-0.04%
Sep 05, 2010	84.46	84.15	84.48	84.15	0.14%
Sep 06, 2010	84.17	84.46	84.49	84.05	-0.34%
Sep 07, 2010	83.75	84.17	84.26	83.52	-0.50%
Sep 08, 2010	84.00	83.75	84.04	83.35	0.29%
Sep 09, 2010	83.92	84.00	84.02	83.50	-0.10%
Sep 10, 2010	84.18	83.92	84.38	83.75	0.32%
Sep 12, 2010	84.25	84.23	84.36	84.19	0.07%
Sep 13, 2010	83.61	84.25	84.29	83.51	-0.75%
Sep 14, 2010	83.08	83.61	83.72	82.93	-0.63%
Sep 15, 2010	85.61	83.08	85.77	82.88	3.04%
Sep 16, 2010	85.81	85.61	85.93	85.23	0.24%
Sep 17, 2010	85.86	85.81	85.93	85.60	0.05%
Sep 19, 2010	85.75	85.75	85.78	85.69	-0.12%
Sep 20, 2010	85.72	85.75	85.80	85.51	-0.03%
Sep 21, 2010	84.99	85.72	85.72	84.97	-0.85%
Sep 22, 2010	84.59	84.99	85.00	84.28	-0.47%
Sep 23, 2010	84.56	84.59	84.67	84.27	-0.03%
Sep 24, 2010	84.21	84.56	85.39	84.12	-0.42%
Sep 26, 2010	84.33	84.24	84.39	84.22	0.14%
Sep 27, 2010	84.27	84.33	84.37	84.12	-0.08%
Sep 28, 2010	83.94	84.27	84.34	83.70	-0.39%
Sep 29, 2010	83.77	83.94	84.09	83.50	-0.21%
Sep 30, 2010	83.51	83.77	83.80	83.17	-0.31%
Oct 01, 2010	83.21	83.51	83.56	83.16	-0.36%
Oct 03, 2010	83.35	83.25	83.40	83.23	0.17%
Oct 04, 2010	83.58	83.35	83.86	83.19	0.28%
Oct 05, 2010	83.17	83.58	83.98	82.98	-0.50%
Oct 06, 2010	82.98	83.17	83.24	82.76	-0.23%
Oct 07, 2010	82.36	82.98	83.03	82.12	-0.74%
Oct 08, 2010	81.90	82.36	82.56	81.74	-0.56%
Oct 10, 2010	81.83	81.95	81.97	81.38	-0.10%
Oct 11, 2010	82.32	81.83	82.34	81.83	0.60%
Oct 12, 2010	81.80	82.32	82.32	81.67	-0.63%
Oct 13, 2010	81.72	81.80	82.00	81.70	-0.10%
Oct 14, 2010	81.59	81.72	81.73	80.89	-0.16%
Oct 15, 2010	81.47	81.59	81.62	80.89	-0.14%
Oct 17, 2010	81.32	81.39	81.48	81.27	-0.18%
Oct 18, 2010	81.19	81.32	81.41	81.13	-0.17%
Oct 19, 2010	81.46	81.19	81.92	81.15	0.34%
Oct 20, 2010	81.11	81.46	81.47	80.85	-0.43%
Oct 21, 2010	81.27	81.11	81.82	80.92	0.20%
Oct 22, 2010	81.36	81.27	81.50	80.98	0.11%
Oct 24, 2010	81.31	81.29	81.46	81.29	-0.07%
Oct 25, 2010	80.81	81.31	81.33	80.42	-0.61%
Oct 26, 2010	81.42	80.81	81.65	80.62	0.74%
Oct 27, 2010	81.58	81.42	81.98	81.38	0.20%
Oct 28, 2010	80.94	81.58	81.70	80.87	-0.79%
Oct 29, 2010	80.39	80.94	81.08	80.39	-0.68%
Oct 31, 2010	80.36	80.31	80.40	80.25	-0.03%
Nov 01, 2010	80.58	80.36	81.14	80.33	0.28%
Nov 02, 2010	80.68	80.58	80.96	80.47	0.11%
Nov 03, 2010	81.07	80.68	81.57	80.61	0.49%
Nov 04, 2010	80.79	81.07	81.22	80.59	-0.35%
Nov 05, 2010	81.27	80.79	81.48	80.62	0.59%
Nov 07, 2010	81.16	81.24	81.31	81.15	-0.13%
Nov 08, 2010	81.11	81.16	81.44	81.01	-0.06%
Nov 09, 2010	81.59	81.11	81.97	80.54	0.59%
Nov 10, 2010	82.23	81.59	82.80	81.56	0.78%
Nov 11, 2010	82.43	82.23	82.60	82.04	0.25%
Nov 12, 2010	82.50	82.43	82.65	81.66	0.08%
Nov 14, 2010	82.49	82.49	82.52	82.40	-0.01%
Nov 15, 2010	83.17	82.49	83.26	82.40	0.83%
Nov 16, 2010	83.38	83.17	83.59	82.91	0.25%
Nov 17, 2010	83.14	83.38	83.55	83.04	-0.29%
Nov 18, 2010	83.54	83.14	83.78	83.10	0.49%
Nov 19, 2010	83.53	83.54	83.64	83.14	-0.01%
Nov 21, 2010	83.48	83.52	83.52	83.37	-0.06%
Nov 22, 2010	83.31	83.48	83.56	83.23	-0.20%
Nov 23, 2010	83.27	83.31	83.84	82.79	-0.05%
Nov 24, 2010	83.53	83.27	83.66	82.95	0.31%
Nov 25, 2010	83.65	83.53	83.70	83.40	0.15%
Nov 26, 2010	84.08	83.65	84.18	83.64	0.50%
Nov 28, 2010	84.18	84.06	84.18	83.92	0.13%
Nov 29, 2010	84.28	84.18	84.40	83.84	0.11%
Nov 30, 2010	83.69	84.28	84.28	83.43	-0.70%
Dec 01, 2010	84.14	83.69	84.40	83.39	0.54%
Dec 02, 2010	83.84	84.14	84.37	83.50	-0.36%
Dec 03, 2010	82.55	83.84	83.85	82.53	-1.54%
Dec 05, 2010	82.80	82.66	82.80	82.66	0.30%
Dec 06, 2010	82.68	82.80	82.99	82.58	-0.14%
Dec 07, 2010	83.49	82.68	83.66	82.34	0.97%
Dec 08, 2010	84.11	83.49	84.30	83.48	0.75%
Dec 09, 2010	83.83	84.11	84.11	83.52	-0.33%
Dec 10, 2010	83.95	83.83	84.01	83.46	0.14%
Dec 12, 2010	83.99	84.01	84.01	83.97	0.04%
Dec 13, 2010	83.45	83.99	84.35	83.11	-0.64%
Dec 14, 2010	83.81	83.45	83.83	82.84	0.43%
Dec 15, 2010	84.28	83.81	84.51	83.65	0.56%
Dec 16, 2010	84.06	84.28	84.44	83.90	-0.26%
Dec 17, 2010	83.98	84.06	84.20	83.69	-0.08%
Dec 19, 2010	84.03	83.94	84.09	83.94	0.05%
Dec 20, 2010	83.79	84.03	84.12	83.63	-0.28%
Dec 21, 2010	83.81	83.79	83.91	83.50	0.02%
Dec 22, 2010	83.57	83.81	83.85	83.42	-0.29%
Dec 23, 2010	83.03	83.57	83.58	82.86	-0.64%
Dec 24, 2010	82.88	83.03	83.16	82.87	-0.18%
Dec 26, 2010	82.95	82.82	82.96	82.78	0.08%
Dec 27, 2010	82.76	82.95	82.98	82.65	-0.22%
Dec 28, 2010	82.37	82.76	82.77	81.82	-0.48%
Dec 29, 2010	81.63	82.37	82.37	81.61	-0.89%
Dec 30, 2010	81.50	81.63	81.86	81.29	-0.15%
Dec 31, 2010	81.16	81.50	81.54	80.95	-0.42%
Jan 02, 2011	81.13	81.24	81.25	80.94	-0.04%
Jan 03, 2011	81.67	81.13	81.75	81.13	0.67%
Jan 04, 2011	82.06	81.67	82.28	81.61	0.47%
Jan 05, 2011	83.19	82.06	83.38	81.89	1.38%
Jan 06, 2011	83.31	83.19	83.39	82.88	0.15%
Jan 07, 2011	83.14	83.31	83.69	82.86	-0.20%
Jan 09, 2011	83.06	83.23	83.27	83.05	-0.09%
Jan 10, 2011	82.72	83.06	83.28	82.67	-0.41%
Jan 11, 2011	83.36	82.72	83.49	82.72	0.78%
Jan 12, 2011	83.09	83.36	83.46	82.81	-0.33%
Jan 13, 2011	82.77	83.09	83.15	82.55	-0.38%
Jan 14, 2011	82.88	82.77	83.06	82.41	0.13%
Jan 16, 2011	82.90	82.81	82.95	82.81	0.02%
Jan 17, 2011	82.68	82.90	83.01	82.36	-0.27%
Jan 18, 2011	82.62	82.68	82.82	82.33	-0.06%
Jan 19, 2011	82.16	82.62	82.69	81.85	-0.56%
Jan 20, 2011	82.95	82.16	83.12	82.06	0.96%
Jan 21, 2011	82.57	82.95	83.09	82.53	-0.45%
Jan 23, 2011	82.60	82.58	82.69	82.56	0.03%
Jan 24, 2011	82.54	82.60	82.92	82.31	-0.08%
Jan 25, 2011	82.26	82.54	82.66	81.98	-0.33%
Jan 26, 2011	82.17	82.26	82.61	81.99	-0.12%
Jan 27, 2011	82.89	82.17	83.20	82.02	0.88%
Jan 28, 2011	82.14	82.89	82.91	81.99	-0.92%
Jan 30, 2011	82.10	82.00	82.17	81.98	-0.04%
Jan 31, 2011	82.10	82.10	82.26	81.91	-0.01%
Feb 01, 2011	81.42	82.10	82.15	81.32	-0.83%
Feb 02, 2011	81.50	81.42	81.86	81.36	0.10%
Feb 03, 2011	81.67	81.50	82.06	81.41	0.21%
Feb 04, 2011	82.18	81.67	82.46	81.13	0.62%
Feb 06, 2011	82.24	82.17	82.28	82.17	0.07%
Feb 07, 2011	82.30	82.24	82.47	82.17	0.08%
Feb 08, 2011	82.30	82.30	82.42	81.78	-0.00%
Feb 09, 2011	82.42	82.30	82.67	82.21	0.14%
Feb 10, 2011	83.35	82.42	83.39	82.39	1.13%
Feb 11, 2011	83.44	83.35	83.67	83.24	0.10%
Feb 13, 2011	83.44	83.49	83.52	83.41	0.01%
Feb 14, 2011	83.41	83.44	83.49	83.10	-0.04%
Feb 15, 2011	83.72	83.41	83.92	83.20	0.37%
Feb 16, 2011	83.61	83.72	83.97	83.50	-0.13%
Feb 17, 2011	83.31	83.61	83.75	83.16	-0.36%
Feb 18, 2011	83.19	83.31	83.52	83.04	-0.15%
Feb 20, 2011	83.11	83.09	83.17	83.03	-0.09%
Feb 21, 2011	83.08	83.11	83.53	83.07	-0.04%
Feb 22, 2011	82.77	83.08	83.42	82.58	-0.38%
Feb 23, 2011	82.45	82.77	82.89	82.32	-0.39%
Feb 24, 2011	82.04	82.45	82.46	81.63	-0.49%
Feb 25, 2011	81.68	82.04	82.07	81.65	-0.44%
Feb 27, 2011	81.64	81.68	81.76	81.63	-0.06%
Feb 28, 2011	81.88	81.64	81.98	81.62	0.30%
Mar 01, 2011	81.92	81.88	82.23	81.79	0.04%
Mar 02, 2011	81.84	81.92	82.11	81.58	-0.09%
Mar 03, 2011	82.38	81.84	82.52	81.73	0.65%
Mar 04, 2011	82.31	82.38	83.05	82.22	-0.08%
Mar 06, 2011	82.36	82.33	82.36	82.21	0.05%
Mar 07, 2011	82.29	82.36	82.39	81.95	-0.07%
Mar 08, 2011	82.81	82.29	82.85	82.21	0.63%
Mar 09, 2011	82.84	82.81	82.93	82.58	0.03%
Mar 10, 2011	82.92	82.84	83.17	82.70	0.10%
Mar 11, 2011	81.86	82.92	83.30	81.66	-1.28%
Mar 13, 2011	81.30	81.66	81.91	80.64	-0.68%
Mar 14, 2011	81.83	81.30	82.46	81.30	0.65%
Mar 15, 2011	80.87	81.83	82.03	80.73	-1.17%
Mar 15, 2011	79.12	81.07	81.18	76.50	-2.17%
Mar 16, 2011	79.51	79.12	79.76	78.23	0.49%
Mar 17, 2011	80.59	79.52	82.00	79.16	1.36%
Mar 20, 2011	81.01	80.89	81.01	80.74	0.53%
Mar 21, 2011	81.23	81.01	81.32	80.82	0.27%
Mar 22, 2011	81.05	81.23	81.23	80.85	-0.23%
Mar 23, 2011	80.88	81.05	81.07	80.71	-0.21%
Mar 24, 2011	81.02	80.88	81.06	80.77	0.18%
Mar 25, 2011	81.34	81.02	81.49	80.88	0.39%
Mar 27, 2011	81.58	81.41	81.61	81.32	0.30%
Mar 28, 2011	81.72	81.58	81.85	81.53	0.18%
Mar 29, 2011	82.51	81.72	82.54	81.55	0.96%
Mar 30, 2011	83.14	82.51	83.21	82.42	0.76%
Mar 31, 2011	83.43	83.14	83.45	82.57	0.35%
Apr 01, 2011	84.06	83.43	84.73	83.37	0.76%
Apr 03, 2011	84.17	84.18	84.39	84.11	0.13%
Apr 04, 2011	84.36	84.17	84.48	83.86	0.23%
Apr 05, 2011	84.98	84.36	85.23	84.16	0.73%
Apr 06, 2011	85.45	84.98	85.52	84.84	0.55%
Apr 07, 2011	84.89	85.45	85.48	84.60	-0.65%
Apr 08, 2011	84.75	84.89	85.39	84.68	-0.17%
Apr 10, 2011	85.13	84.86	85.16	84.82	0.45%
Apr 11, 2011	84.45	85.13	85.14	84.36	-0.80%
Apr 12, 2011	83.76	84.45	84.57	83.47	-0.82%
Apr 13, 2011	83.74	83.76	84.26	83.58	-0.02%
Apr 14, 2011	83.67	83.74	83.83	82.96	-0.09%
Apr 15, 2011	83.14	83.67	83.76	82.96	-0.63%
Apr 17, 2011	83.09	83.23	83.26	83.01	-0.07%
Apr 18, 2011	82.48	83.09	83.20	82.19	-0.73%
Apr 19, 2011	82.77	82.48	82.88	82.37	0.35%
Apr 20, 2011	82.50	82.77	83.10	82.27	-0.33%
Apr 21, 2011	81.87	82.50	82.50	81.62	-0.76%
Apr 22, 2011	81.88	81.87	82.11	81.67	0.01%
Apr 24, 2011	82.03	81.82	82.05	81.81	0.19%
Apr 25, 2011	81.68	82.03	82.42	81.64	-0.43%
Apr 26, 2011	81.38	81.68	81.98	81.27	-0.36%
Apr 27, 2011	82.26	81.38	82.78	81.35	1.07%
Apr 28, 2011	81.62	82.26	82.26	81.40	-0.78%
Apr 29, 2011	81.19	81.62	81.63	81.04	-0.52%
May 01, 2011	81.22	81.12	81.34	81.10	0.03%
May 02, 2011	81.24	81.22	81.69	81.00	0.03%
May 03, 2011	81.04	81.24	81.24	80.70	-0.24%
May 04, 2011	80.59	81.04	81.19	80.43	-0.55%
May 05, 2011	80.32	80.59	80.65	79.57	-0.35%
May 06, 2011	80.63	80.32	80.93	80.20	0.40%
May 08, 2011	80.80	80.64	80.84	80.62	0.20%
May 09, 2011	80.17	80.80	80.83	80.16	-0.77%
May 10, 2011	80.97	80.17	81.09	80.17	0.99%
May 11, 2011	81.04	80.97	81.32	80.62	0.09%
May 12, 2011	81.01	81.04	81.32	80.71	-0.03%
May 13, 2011	80.79	81.01	81.09	80.35	-0.28%
May 15, 2011	80.72	80.87	80.96	80.64	-0.08%
May 16, 2011	80.86	80.72	81.06	80.68	0.18%
May 17, 2011	81.50	80.86	81.78	80.84	0.79%
May 18, 2011	81.73	81.50	81.81	80.94	0.28%
May 19, 2011	81.73	81.73	82.22	81.47	-0.00%
May 20, 2011	81.71	81.73	81.86	81.48	-0.02%
May 22, 2011	81.66	81.80	81.81	81.59	-0.06%
May 23, 2011	81.97	81.66	82.08	81.33	0.38%
May 24, 2011	82.05	81.97	82.21	81.62	0.09%
May 25, 2011	82.03	82.05	82.17	81.80	-0.02%
May 26, 2011	81.14	82.03	82.03	81.09	-1.09%
May 27, 2011	80.80	81.14	81.29	80.71	-0.42%
May 29, 2011	80.87	80.75	80.89	80.72	0.09%
May 30, 2011	80.87	80.87	81.02	80.77	-0.00%
May 31, 2011	81.36	80.87	81.77	80.72	0.60%
Jun 01, 2011	80.94	81.36	81.50	80.68	-0.51%
Jun 02, 2011	80.89	80.94	81.32	80.57	-0.07%
Jun 03, 2011	80.27	80.89	80.89	80.06	-0.76%
Jun 05, 2011	80.23	80.23	80.33	80.19	-0.05%
Jun 06, 2011	80.12	80.23	80.40	79.98	-0.14%
Jun 07, 2011	80.19	80.12	80.33	79.99	0.09%
Jun 08, 2011	79.87	80.19	80.21	79.70	-0.39%
Jun 09, 2011	80.36	79.87	80.46	79.84	0.60%
Jun 10, 2011	80.33	80.36	80.40	79.97	-0.03%
Jun 12, 2011	80.36	80.33	80.40	80.26	0.04%
Jun 13, 2011	80.20	80.36	80.69	80.09	-0.20%
Jun 14, 2011	80.51	80.20	80.65	80.11	0.39%
Jun 15, 2011	80.85	80.51	81.06	80.39	0.42%
Jun 16, 2011	80.58	80.85	81.03	80.49	-0.33%
Jun 17, 2011	80.05	80.58	80.67	80.01	-0.67%
Jun 19, 2011	80.17	80.15	80.19	80.06	0.15%
Jun 20, 2011	80.20	80.17	80.36	80.03	0.05%
Jun 21, 2011	80.25	80.20	80.33	80.06	0.05%
Jun 22, 2011	80.37	80.25	80.42	80.02	0.15%
Jun 23, 2011	80.50	80.37	80.79	80.34	0.15%
Jun 24, 2011	80.43	80.50	80.61	80.13	-0.08%
Jun 26, 2011	80.47	80.35	80.50	80.34	0.04%
Jun 27, 2011	80.77	80.47	80.98	80.47	0.37%
Jun 28, 2011	81.05	80.77	81.27	80.66	0.36%
Jun 29, 2011	80.75	81.05	81.19	80.58	-0.38%
Jun 30, 2011	80.71	80.75	80.86	80.27	-0.05%
Jul 01, 2011	80.83	80.71	81.14	80.56	0.16%
Jul 03, 2011	80.83	80.82	80.91	80.76	0.00%
Jul 04, 2011	80.79	80.83	80.87	80.54	-0.06%
Jul 05, 2011	81.08	80.79	81.19	80.78	0.36%
Jul 06, 2011	80.88	81.08	81.10	80.77	-0.25%
Jul 07, 2011	81.27	80.88	81.41	80.80	0.48%
Jul 08, 2011	80.64	81.27	81.48	80.51	-0.77%
Jul 10, 2011	80.68	80.55	80.68	80.52	0.04%
Jul 11, 2011	80.34	80.68	80.83	80.11	-0.41%
Jul 12, 2011	79.46	80.34	80.36	78.49	-1.11%
Jul 13, 2011	78.86	79.46	79.57	78.66	-0.75%
Jul 14, 2011	79.01	78.86	79.60	78.47	0.18%
Jul 15, 2011	79.14	79.01	79.28	78.99	0.16%
Jul 17, 2011	79.07	79.11	79.16	79.01	-0.08%
Jul 18, 2011	79.04	79.07	79.18	78.95	-0.03%
Jul 19, 2011	79.18	79.04	79.28	78.82	0.17%
Jul 20, 2011	78.81	79.18	79.32	78.71	-0.46%
Jul 21, 2011	78.56	78.81	79.02	78.23	-0.33%
Jul 22, 2011	78.54	78.56	78.72	78.29	-0.02%
Jul 24, 2011	78.39	78.36	78.47	78.14	-0.20%
Jul 25, 2011	78.31	78.39	78.55	78.06	-0.10%
Jul 26, 2011	77.99	78.31	78.56	77.83	-0.40%
Jul 27, 2011	77.94	77.99	78.17	77.58	-0.07%
Jul 28, 2011	77.83	77.94	78.03	77.63	-0.15%
Jul 29, 2011	76.76	77.83	77.87	76.74	-1.37%
Jul 31, 2011	77.35	77.13	77.64	77.10	0.76%
Aug 01, 2011	77.57	77.35	78.04	76.31	0.29%
Aug 02, 2011	77.30	77.57	77.78	76.97	-0.35%
Aug 03, 2011	77.14	77.30	77.38	76.79	-0.21%
Aug 04, 2011	79.08	77.14	80.24	77.01	2.51%
Aug 05, 2011	78.47	79.08	79.41	78.33	-0.77%
Aug 07, 2011	78.25	78.02	78.47	77.93	-0.28%
Aug 08, 2011	77.67	78.25	78.34	77.50	-0.73%
Aug 09, 2011	77.14	77.67	77.71	76.71	-0.68%
Aug 10, 2011	76.82	77.14	77.15	76.36	-0.42%
Aug 11, 2011	76.94	76.82	77.22	76.31	0.16%
Aug 12, 2011	76.69	76.94	77.02	76.52	-0.33%
Aug 14, 2011	76.87	76.83	76.93	76.78	0.25%
Aug 15, 2011	76.82	76.87	77.08	76.59	-0.08%
Aug 16, 2011	76.74	76.82	76.93	76.65	-0.10%
Aug 17, 2011	76.62	76.74	76.80	76.41	-0.16%
Aug 18, 2011	76.64	76.62	76.71	76.45	0.02%
Aug 19, 2011	76.55	76.64	76.97	75.97	-0.12%
Aug 21, 2011	76.85	76.74	76.88	76.70	0.40%
Aug 22, 2011	76.93	76.85	77.19	76.56	0.10%
Aug 23, 2011	76.66	76.93	76.93	76.47	-0.35%
Aug 24, 2011	77.02	76.66	77.08	76.48	0.48%
Aug 25, 2011	77.41	77.02	77.70	76.84	0.50%
Aug 26, 2011	76.67	77.41	77.46	76.50	-0.95%
Aug 28, 2011	76.76	76.71	76.81	76.56	0.12%
Aug 29, 2011	76.95	76.76	77.02	76.58	0.25%
Aug 30, 2011	76.72	76.95	76.95	76.62	-0.29%
Aug 31, 2011	76.76	76.72	76.84	76.43	0.05%
Sep 01, 2011	76.89	76.76	77.24	76.71	0.16%
Sep 02, 2011	76.81	76.89	76.97	76.55	-0.10%
Sep 04, 2011	76.85	76.90	76.96	76.83	0.05%
Sep 05, 2011	76.93	76.85	76.98	76.69	0.11%
Sep 06, 2011	77.53	76.93	77.73	76.72	0.78%
Sep 07, 2011	77.35	77.53	77.55	77.08	-0.23%
Sep 08, 2011	77.56	77.35	77.60	77.14	0.27%
Sep 09, 2011	77.59	77.56	77.86	77.10	0.03%
Sep 11, 2011	77.47	77.50	77.57	77.46	-0.15%
Sep 12, 2011	77.19	77.47	77.59	76.76	-0.36%
Sep 13, 2011	76.95	77.19	77.25	76.81	-0.32%
Sep 14, 2011	76.72	76.95	77.06	76.60	-0.29%
Sep 15, 2011	76.72	76.72	77.30	76.56	0.00%
Sep 16, 2011	76.80	76.72	76.97	76.68	0.10%
Sep 18, 2011	76.96	76.90	76.97	76.88	0.21%
Sep 19, 2011	76.68	76.96	76.98	76.33	-0.36%
Sep 20, 2011	76.40	76.68	76.76	76.36	-0.37%
Sep 21, 2011	76.63	76.40	76.74	76.12	0.30%
Sep 22, 2011	76.26	76.63	76.93	76.11	-0.48%
Sep 23, 2011	76.60	76.26	76.89	76.15	0.44%
Sep 25, 2011	76.66	76.52	76.67	76.48	0.08%
Sep 26, 2011	76.44	76.66	76.76	76.23	-0.28%
Sep 27, 2011	76.70	76.44	76.93	76.27	0.34%
Sep 28, 2011	76.54	76.70	76.71	76.34	-0.21%
Sep 29, 2011	76.73	76.54	77.03	76.42	0.25%
Sep 30, 2011	77.05	76.73	77.20	76.50	0.42%
Oct 02, 2011	77.20	77.10	77.27	77.09	0.20%
Oct 03, 2011	76.62	77.20	77.21	76.52	-0.76%
Oct 04, 2011	76.83	76.62	76.98	76.54	0.28%
Oct 05, 2011	76.79	76.83	77.07	76.62	-0.06%
Oct 06, 2011	76.69	76.79	76.84	76.56	-0.13%
Oct 07, 2011	76.73	76.69	76.91	76.59	0.06%
Oct 09, 2011	76.80	76.78	76.82	76.74	0.09%
Oct 10, 2011	76.67	76.80	76.86	76.57	-0.18%
Oct 11, 2011	76.71	76.67	76.76	76.60	0.05%
Oct 12, 2011	77.10	76.71	77.49	76.32	0.52%
Oct 13, 2011	76.90	77.10	77.22	76.67	-0.26%
Oct 14, 2011	77.21	76.90	77.45	76.86	0.40%
Oct 16, 2011	77.22	77.10	77.26	77.08	0.02%
Oct 17, 2011	76.84	77.22	77.45	76.60	-0.50%
Oct 18, 2011	76.78	76.84	76.91	76.63	-0.08%
Oct 19, 2011	76.84	76.78	76.86	76.66	0.08%
Oct 20, 2011	76.88	76.84	77.09	76.68	0.05%
Oct 21, 2011	76.29	76.88	76.88	75.82	-0.77%
Oct 23, 2011	76.42	76.23	76.48	76.17	0.18%
Oct 24, 2011	76.20	76.42	76.44	75.99	-0.29%
Oct 25, 2011	76.12	76.20	76.30	75.75	-0.11%
Oct 26, 2011	76.18	76.12	76.32	75.72	0.08%
Oct 27, 2011	75.98	76.18	76.28	75.66	-0.26%
Oct 28, 2011	75.82	75.98	76.00	75.68	-0.20%
Oct 30, 2011	75.76	75.67	75.79	75.66	-0.08%
Oct 31, 2011	78.32	75.76	79.53	75.58	3.38%
Nov 01, 2011	78.31	78.32	78.98	78.02	-0.02%
Nov 02, 2011	78.15	78.31	78.32	77.96	-0.20%
Nov 03, 2011	78.06	78.15	78.17	77.90	-0.11%
Nov 04, 2011	78.24	78.06	78.27	77.99	0.22%
Nov 06, 2011	78.16	78.19	78.19	78.13	-0.10%
Nov 07, 2011	78.08	78.16	78.18	77.99	-0.09%
Nov 08, 2011	77.70	78.08	78.09	77.61	-0.48%
Nov 09, 2011	77.77	77.70	77.89	77.54	0.09%
Nov 10, 2011	77.66	77.77	77.87	77.51	-0.14%
Nov 11, 2011	77.14	77.66	77.67	77.05	-0.67%
Nov 13, 2011	77.18	77.23	77.25	77.08	0.04%
Nov 14, 2011	77.10	77.18	77.25	76.82	-0.10%
Nov 15, 2011	77.09	77.10	77.50	76.91	-0.01%
Nov 16, 2011	77.07	77.09	77.15	76.86	-0.02%
Nov 17, 2011	76.97	77.07	77.08	76.92	-0.13%
Nov 18, 2011	76.90	76.97	77.03	76.58	-0.10%
Nov 20, 2011	76.85	76.88	76.93	76.85	-0.06%
Nov 21, 2011	76.94	76.85	76.99	76.77	0.11%
Nov 22, 2011	76.98	76.94	77.32	76.84	0.05%
Nov 23, 2011	77.28	76.98	77.58	76.93	0.39%
Nov 24, 2011	77.19	77.28	77.28	77.02	-0.13%
Nov 25, 2011	77.73	77.19	77.79	77.18	0.70%
Nov 27, 2011	77.68	77.60	77.73	77.46	-0.06%
Nov 28, 2011	78.09	77.68	78.24	77.58	0.52%
Nov 29, 2011	77.97	78.09	78.28	77.62	-0.15%
Nov 30, 2011	77.60	77.97	78.16	77.30	-0.48%
Dec 01, 2011	77.77	77.60	77.81	77.49	0.22%
Dec 02, 2011	77.99	77.77	78.08	77.73	0.29%
Dec 04, 2011	78.09	78.04	78.11	77.90	0.14%
Dec 05, 2011	77.81	78.09	78.10	77.69	-0.37%
Dec 06, 2011	77.75	77.81	77.86	77.64	-0.07%
Dec 07, 2011	77.68	77.75	77.79	77.63	-0.09%
Dec 08, 2011	77.69	77.68	77.80	77.14	0.00%
Dec 09, 2011	77.61	77.69	77.78	77.50	-0.09%
Dec 11, 2011	77.62	77.58	77.64	77.58	0.00%
Dec 12, 2011	77.96	77.62	78.00	77.59	0.44%
Dec 13, 2011	77.97	77.96	78.02	77.65	0.01%
Dec 14, 2011	78.12	77.97	78.16	77.93	0.20%
Dec 15, 2011	77.85	78.12	78.13	77.74	-0.35%
Dec 16, 2011	77.77	77.85	77.96	77.62	-0.11%
Dec 18, 2011	77.82	77.79	77.83	77.74	0.07%
Dec 19, 2011	78.02	77.82	78.16	77.80	0.25%
Dec 20, 2011	77.86	78.02	78.06	77.72	-0.20%
Dec 21, 2011	78.08	77.86	78.11	77.69	0.29%
Dec 22, 2011	78.17	78.08	78.21	78.00	0.11%
Dec 23, 2011	78.08	78.17	78.23	78.00	-0.11%
Dec 25, 2011	78.09	78.09	78.09	78.09	0.00%
Dec 26, 2011	78.01	78.09	78.09	77.98	-0.10%
Dec 27, 2011	77.88	78.01	78.03	77.80	-0.16%
Dec 28, 2011	77.95	77.88	78.04	77.57	0.08%
Dec 29, 2011	77.67	77.95	77.95	77.59	-0.35%
Dec 30, 2011	76.89	77.67	77.74	76.88	-1.01%
Jan 01, 2012	77.03	76.95	77.03	76.91	0.19%
Jan 02, 2012	76.95	77.03	77.06	76.86	-0.11%
Jan 03, 2012	76.74	76.95	76.97	76.63	-0.28%
Jan 04, 2012	76.72	76.74	76.83	76.61	-0.02%
Jan 05, 2012	77.17	76.72	77.25	76.66	0.58%
Jan 06, 2012	76.97	77.17	77.34	76.96	-0.27%
Jan 08, 2012	76.94	76.91	76.96	76.80	-0.04%
Jan 09, 2012	76.88	76.94	77.01	76.77	-0.08%
Jan 10, 2012	76.86	76.88	76.91	76.78	-0.02%
Jan 11, 2012	76.87	76.86	77.04	76.84	0.02%
Jan 12, 2012	76.79	76.87	76.98	76.67	-0.10%
Jan 13, 2012	76.97	76.79	77.01	76.67	0.22%
Jan 15, 2012	76.93	77.08	77.08	76.89	-0.04%
Jan 16, 2012	76.83	76.93	76.94	76.70	-0.13%
Jan 17, 2012	76.82	76.83	76.88	76.56	-0.01%
Jan 18, 2012	76.79	76.82	76.87	76.66	-0.04%
Jan 19, 2012	77.08	76.79	77.32	76.70	0.37%
Jan 20, 2012	77.02	77.08	77.30	76.92	-0.07%
Jan 22, 2012	76.97	76.96	77.05	76.93	-0.06%
Jan 23, 2012	77.00	76.97	77.08	76.87	0.04%
Jan 24, 2012	77.68	77.00	77.85	76.96	0.88%
Jan 25, 2012	77.78	77.69	78.28	77.56	0.13%
Jan 26, 2012	77.47	77.78	77.81	77.30	-0.39%
Jan 27, 2012	76.69	77.47	77.47	76.65	-1.00%
Jan 29, 2012	76.75	76.68	76.78	76.68	0.07%
Jan 30, 2012	76.38	76.74	76.78	76.22	-0.48%
Jan 31, 2012	76.27	76.38	76.42	76.16	-0.13%
Feb 01, 2012	76.20	76.27	76.35	76.02	-0.10%
Feb 02, 2012	76.19	76.20	76.24	76.05	-0.01%
Feb 03, 2012	76.61	76.18	76.74	76.14	0.55%
Feb 05, 2012	76.57	76.62	76.62	76.54	-0.05%
Feb 06, 2012	76.57	76.57	76.80	76.50	0.00%
Feb 07, 2012	76.77	76.57	76.96	76.53	0.27%
Feb 08, 2012	77.07	76.77	77.19	76.72	0.39%
Feb 09, 2012	77.66	77.07	77.73	77.04	0.76%
Feb 10, 2012	77.61	77.66	77.81	77.52	-0.06%
Feb 12, 2012	77.71	77.56	77.72	77.56	0.12%
Feb 13, 2012	77.52	77.71	77.78	77.37	-0.25%
Feb 14, 2012	78.41	77.52	78.54	77.51	1.15%
Feb 15, 2012	78.50	78.41	78.66	78.18	0.12%
Feb 16, 2012	78.83	78.50	78.96	78.37	0.42%
Feb 17, 2012	79.56	78.83	79.61	78.83	0.92%
Feb 19, 2012	79.78	79.59	79.89	79.58	0.28%
Feb 20, 2012	79.62	79.79	79.79	79.36	-0.21%
Feb 21, 2012	79.85	79.62	79.86	79.56	0.30%
Feb 22, 2012	80.27	79.85	80.40	79.78	0.52%
Feb 23, 2012	79.95	80.27	80.34	79.86	-0.41%
Feb 24, 2012	81.20	79.94	81.22	79.94	1.57%
Feb 26, 2012	81.48	81.25	81.67	81.25	0.34%
Feb 27, 2012	80.47	81.48	81.49	80.14	-1.23%
Feb 28, 2012	80.48	80.47	80.79	80.02	0.01%
Feb 29, 2012	81.28	80.49	81.38	80.26	1.00%
Mar 01, 2012	81.09	81.28	81.32	80.84	-0.24%
Mar 02, 2012	81.80	81.09	81.87	81.09	0.88%
Mar 04, 2012	81.62	81.78	81.86	81.55	-0.22%
Mar 05, 2012	81.53	81.62	81.79	81.16	-0.11%
Mar 06, 2012	80.64	81.53	81.57	80.59	-1.09%
Mar 07, 2012	81.36	80.64	81.36	80.59	0.89%
Mar 08, 2012	81.60	81.36	81.73	81.18	0.29%
Mar 09, 2012	82.48	81.60	82.64	81.48	1.09%
Mar 11, 2012	82.36	82.51	82.53	82.36	-0.16%
Mar 12, 2012	82.38	82.35	82.43	82.11	0.02%
Mar 13, 2012	82.96	82.38	83.08	81.97	0.71%
Mar 14, 2012	83.83	82.96	83.91	82.96	1.06%
Mar 15, 2012	83.50	83.84	84.18	83.20	-0.40%
Mar 16, 2012	83.44	83.50	83.94	83.19	-0.07%
Mar 18, 2012	83.47	83.40	83.57	83.37	0.02%
Mar 19, 2012	83.38	83.46	83.57	83.02	-0.10%
Mar 20, 2012	83.67	83.38	83.83	83.32	0.35%
Mar 21, 2012	83.20	83.67	84.10	83.14	-0.57%
Mar 22, 2012	82.53	83.20	83.47	82.33	-0.80%
Mar 23, 2012	82.35	82.53	82.95	81.99	-0.22%
Mar 25, 2012	82.60	82.41	82.63	82.38	0.31%
Mar 26, 2012	83.02	82.60	83.03	82.56	0.50%
Mar 27, 2012	83.07	83.02	83.38	82.64	0.07%
Mar 28, 2012	82.84	83.07	83.18	82.61	-0.28%
Mar 29, 2012	82.29	82.84	82.87	81.92	-0.66%
Mar 30, 2012	82.87	82.29	82.88	81.84	0.70%
Apr 01, 2012	82.89	83.03	83.06	82.76	0.02%
Apr 02, 2012	81.64	82.89	83.30	81.56	-1.50%
Apr 03, 2012	82.85	81.63	82.99	81.63	1.48%
Apr 04, 2012	82.44	82.85	82.94	82.10	-0.49%
Apr 05, 2012	82.22	82.42	82.45	81.83	-0.27%
Apr 06, 2012	81.64	82.22	82.56	81.33	-0.70%
Apr 08, 2012	81.31	81.51	81.58	81.20	-0.41%
Apr 09, 2012	81.64	81.30	81.67	81.23	0.41%
Apr 10, 2012	80.68	81.65	81.86	80.65	-1.18%
Apr 11, 2012	81.00	80.68	81.12	80.59	0.40%
Apr 12, 2012	80.94	81.00	81.13	80.74	-0.07%
Apr 13, 2012	80.92	80.95	81.19	80.83	-0.03%
Apr 15, 2012	80.92	80.85	80.96	80.85	0.01%
Apr 16, 2012	80.41	80.92	81.00	80.30	-0.64%
Apr 17, 2012	81.06	80.41	81.11	80.37	0.82%
Apr 18, 2012	81.32	81.06	81.56	81.01	0.31%
Apr 19, 2012	81.63	81.32	81.74	81.27	0.38%
Apr 20, 2012	81.52	81.63	81.78	81.48	-0.13%
Apr 22, 2012	81.60	81.52	81.67	81.50	0.09%
Apr 23, 2012	81.09	81.60	81.60	80.97	-0.62%
Apr 24, 2012	81.40	81.09	81.44	80.86	0.38%
Apr 25, 2012	81.32	81.40	81.69	81.08	-0.10%
Apr 26, 2012	81.07	81.32	81.42	80.67	-0.31%
Apr 27, 2012	80.27	81.07	81.44	80.22	-0.99%
Apr 29, 2012	80.36	80.26	80.39	80.26	0.12%
Apr 30, 2012	79.94	80.36	80.37	79.74	-0.53%
May 01, 2012	80.23	79.94	80.30	79.64	0.36%
May 02, 2012	80.14	80.23	80.61	80.06	-0.11%
May 03, 2012	80.23	80.14	80.55	80.11	0.12%
May 04, 2012	79.85	80.23	80.39	79.80	-0.47%
May 06, 2012	79.83	79.85	79.89	79.65	-0.03%
May 07, 2012	79.93	79.83	79.99	79.73	0.13%
May 08, 2012	79.88	79.93	80.08	79.71	-0.07%
May 09, 2012	79.72	79.88	79.94	79.44	-0.20%
May 10, 2012	79.88	79.71	80.02	79.61	0.21%
May 11, 2012	79.94	79.90	79.99	79.73	0.07%
May 13, 2012	80.03	79.99	80.05	79.90	0.11%
May 14, 2012	79.87	80.03	80.19	79.69	-0.20%
May 15, 2012	80.31	79.87	80.33	79.81	0.56%
May 16, 2012	80.37	80.31	80.55	80.20	0.07%
May 17, 2012	79.42	80.37	80.38	79.14	-1.18%
May 18, 2012	79.02	79.42	79.46	79.00	-0.50%
May 20, 2012	79.18	79.12	79.25	79.11	0.20%
May 21, 2012	79.42	79.18	79.45	79.13	0.29%
May 22, 2012	80.01	79.42	80.15	79.30	0.75%
May 23, 2012	79.45	80.01	80.06	79.22	-0.70%
May 24, 2012	79.68	79.46	79.69	79.34	0.28%
May 25, 2012	79.68	79.67	79.82	79.50	0.00%
May 27, 2012	79.61	79.71	79.73	79.55	-0.09%
May 28, 2012	79.58	79.61	79.63	79.34	-0.03%
May 29, 2012	79.53	79.58	79.64	79.38	-0.06%
May 30, 2012	78.98	79.53	79.56	78.87	-0.69%
May 31, 2012	78.55	78.98	78.99	78.21	-0.54%
Jun 01, 2012	78.01	78.55	78.65	77.66	-0.69%
Jun 03, 2012	78.08	78.09	78.23	78.06	0.09%
Jun 04, 2012	78.36	78.07	78.42	77.99	0.35%
Jun 05, 2012	78.74	78.35	78.95	78.11	0.49%
Jun 06, 2012	79.31	78.74	79.39	78.61	0.72%
Jun 07, 2012	79.71	79.30	79.79	79.21	0.50%
Jun 08, 2012	79.46	79.71	79.73	79.12	-0.31%
Jun 10, 2012	79.56	79.62	79.71	79.40	0.13%
Jun 11, 2012	79.31	79.56	79.72	79.23	-0.31%
Jun 12, 2012	79.53	79.31	79.69	79.17	0.27%
Jun 13, 2012	79.38	79.53	79.74	79.30	-0.18%
Jun 14, 2012	79.43	79.38	79.48	79.16	0.06%
Jun 15, 2012	78.71	79.43	79.51	78.61	-0.91%
Jun 17, 2012	79.08	78.81	79.18	78.81	0.47%
Jun 18, 2012	79.03	79.08	79.30	78.86	-0.07%
Jun 19, 2012	79.06	79.03	79.12	78.85	0.05%
Jun 20, 2012	79.44	79.07	79.70	78.80	0.47%
Jun 21, 2012	80.05	79.44	80.33	79.39	0.77%
Jun 22, 2012	80.44	80.05	80.57	80.05	0.48%
Jun 24, 2012	80.57	80.45	80.62	80.43	0.17%
Jun 25, 2012	79.66	80.58	80.58	79.44	-1.14%
Jun 26, 2012	79.47	79.66	79.79	79.24	-0.24%
Jun 27, 2012	79.67	79.47	79.87	79.36	0.26%
Jun 28, 2012	79.30	79.67	79.69	79.22	-0.47%
Jun 29, 2012	79.80	79.31	79.99	79.14	0.63%
Jul 01, 2012	79.85	79.87	79.97	79.83	0.05%
Jul 02, 2012	79.45	79.84	79.86	79.31	-0.49%
Jul 03, 2012	79.86	79.46	79.93	79.44	0.50%
Jul 04, 2012	79.95	79.86	79.97	79.59	0.12%
Jul 05, 2012	79.87	79.95	80.10	79.56	-0.10%
Jul 06, 2012	79.67	79.87	80.02	79.50	-0.25%
Jul 08, 2012	79.50	79.62	79.73	79.43	-0.22%
Jul 09, 2012	79.57	79.50	79.76	79.48	0.09%
Jul 10, 2012	79.36	79.57	79.58	79.21	-0.27%
Jul 11, 2012	79.61	79.36	79.79	79.14	0.32%
Jul 12, 2012	79.33	79.61	79.96	79.19	-0.35%
Jul 13, 2012	79.19	79.33	79.39	79.08	-0.18%
Jul 15, 2012	79.18	79.27	79.28	79.12	-0.00%
Jul 16, 2012	78.84	79.18	79.20	78.69	-0.44%
Jul 17, 2012	79.09	78.84	79.17	78.82	0.31%
Jul 18, 2012	78.80	79.08	79.13	78.76	-0.36%
Jul 19, 2012	78.75	78.80	78.80	78.44	-0.07%
Jul 20, 2012	78.49	78.75	78.80	78.45	-0.32%
Jul 22, 2012	78.47	78.47	78.53	78.38	-0.03%
Jul 23, 2012	78.29	78.47	78.47	77.94	-0.22%
Jul 24, 2012	78.12	78.29	78.34	78.08	-0.22%
Jul 25, 2012	78.11	78.12	78.28	78.07	-0.01%
Jul 26, 2012	78.32	78.11	78.35	78.02	0.27%
Jul 27, 2012	78.47	78.32	78.68	78.08	0.19%
Jul 29, 2012	78.50	78.45	78.54	78.43	0.04%
Jul 30, 2012	78.13	78.50	78.53	78.11	-0.47%
Jul 31, 2012	78.13	78.13	78.30	78.04	0.00%
Aug 01, 2012	78.38	78.13	78.50	77.92	0.32%
Aug 02, 2012	78.23	78.38	78.53	78.12	-0.20%
Aug 03, 2012	78.47	78.23	78.77	78.07	0.31%
Aug 05, 2012	78.62	78.60	78.64	78.50	0.19%
Aug 06, 2012	78.21	78.62	78.62	78.15	-0.51%
Aug 07, 2012	78.61	78.21	78.74	78.16	0.50%
Aug 08, 2012	78.42	78.62	78.64	78.24	-0.24%
Aug 09, 2012	78.59	78.42	78.79	78.30	0.22%
Aug 10, 2012	78.26	78.59	78.64	78.16	-0.42%
Aug 12, 2012	78.26	78.23	78.30	78.23	-0.00%
Aug 13, 2012	78.34	78.26	78.38	78.16	0.11%
Aug 14, 2012	78.82	78.34	78.93	78.33	0.61%
Aug 15, 2012	79.01	78.83	79.05	78.61	0.23%
Aug 16, 2012	79.27	79.01	79.41	79.00	0.33%
Aug 17, 2012	79.56	79.27	79.57	79.24	0.37%
Aug 19, 2012	79.53	79.56	79.58	79.44	-0.05%
Aug 20, 2012	79.35	79.53	79.66	79.32	-0.22%
Aug 21, 2012	79.25	79.35	79.53	79.22	-0.12%
Aug 22, 2012	78.55	79.24	79.37	78.30	-0.89%
Aug 23, 2012	78.59	78.55	78.69	78.37	0.05%
Aug 24, 2012	78.66	78.59	78.72	78.46	0.08%
Aug 26, 2012	78.75	78.70	78.78	78.63	0.12%
Aug 27, 2012	78.76	78.75	78.84	78.66	0.01%
Aug 28, 2012	78.58	78.76	78.77	78.46	-0.23%
Aug 29, 2012	78.73	78.57	78.79	78.48	0.19%
Aug 30, 2012	78.54	78.73	78.73	78.50	-0.25%
Aug 31, 2012	78.39	78.54	78.61	78.20	-0.19%
Sep 02, 2012	78.30	78.35	78.35	78.28	-0.11%
Sep 03, 2012	78.34	78.31	78.40	78.20	0.05%
Sep 04, 2012	78.48	78.34	78.48	78.29	0.18%
Sep 05, 2012	78.43	78.48	78.54	78.31	-0.07%
Sep 06, 2012	78.89	78.42	79.03	78.38	0.60%
Sep 07, 2012	78.26	78.89	79.02	78.02	-0.80%
Sep 09, 2012	78.23	78.25	78.29	78.20	-0.03%
Sep 10, 2012	78.24	78.24	78.33	78.19	0.00%
Sep 11, 2012	77.77	78.24	78.25	77.70	-0.60%
Sep 12, 2012	77.83	77.77	77.97	77.74	0.08%
Sep 13, 2012	77.66	77.83	77.83	77.14	-0.23%
Sep 14, 2012	78.39	77.64	78.40	77.52	0.95%
Sep 16, 2012	78.34	78.36	78.47	78.32	-0.06%
Sep 17, 2012	78.68	78.34	78.93	78.17	0.43%
Sep 18, 2012	78.77	78.68	78.87	78.49	0.11%
Sep 19, 2012	78.40	78.77	79.22	78.26	-0.47%
Sep 20, 2012	78.21	78.39	78.46	78.02	-0.23%
Sep 21, 2012	78.16	78.22	78.37	78.11	-0.07%
Sep 23, 2012	78.13	78.16	78.20	78.09	-0.04%
Sep 24, 2012	77.87	78.13	78.15	77.81	-0.33%
Sep 25, 2012	77.74	77.87	77.93	77.66	-0.17%
Sep 26, 2012	77.69	77.74	77.90	77.59	-0.07%
Sep 27, 2012	77.62	77.69	77.75	77.57	-0.09%
Sep 28, 2012	77.93	77.62	78.11	77.44	0.40%
Sep 30, 2012	77.96	77.97	78.00	77.93	0.04%
Oct 01, 2012	78.05	77.97	78.15	77.79	0.11%
Oct 02, 2012	78.22	78.05	78.25	77.98	0.22%
Oct 03, 2012	78.45	78.22	78.59	78.13	0.29%
Oct 04, 2012	78.52	78.45	78.72	78.31	0.09%
Oct 05, 2012	78.66	78.52	78.87	78.28	0.19%
Oct 07, 2012	78.71	78.68	78.76	78.65	0.06%
Oct 08, 2012	78.29	78.71	78.71	78.09	-0.53%
Oct 09, 2012	78.24	78.30	78.43	78.15	-0.07%
Oct 10, 2012	78.08	78.24	78.37	78.04	-0.21%
Oct 11, 2012	78.41	78.08	78.59	77.95	0.42%
Oct 12, 2012	78.44	78.42	78.53	78.29	0.04%
Oct 14, 2012	78.48	78.43	78.49	78.41	0.05%
Oct 15, 2012	78.79	78.48	78.86	78.33	0.40%
Oct 16, 2012	78.86	78.79	78.97	78.72	0.08%
Oct 17, 2012	79.06	78.86	79.14	78.62	0.26%
Oct 18, 2012	79.32	79.07	79.45	78.99	0.33%
Oct 19, 2012	79.33	79.32	79.43	79.14	0.00%
Oct 21, 2012	79.26	79.28	79.30	79.23	-0.08%
Oct 22, 2012	79.99	79.27	80.01	79.22	0.92%
Oct 23, 2012	79.83	79.99	79.99	79.71	-0.21%
Oct 24, 2012	79.85	79.82	79.92	79.69	0.04%
Oct 25, 2012	80.22	79.86	80.38	79.83	0.46%
Oct 26, 2012	79.64	80.23	80.28	79.50	-0.72%
Oct 28, 2012	79.65	79.61	79.75	79.60	0.01%
Oct 29, 2012	79.78	79.65	79.84	79.53	0.16%
Oct 30, 2012	79.68	79.78	80.10	79.28	-0.12%
Oct 31, 2012	79.86	79.68	79.96	79.52	0.23%
Nov 01, 2012	80.22	79.86	80.23	79.85	0.45%
Nov 02, 2012	80.47	80.22	80.67	80.20	0.31%
Nov 04, 2012	80.51	80.44	80.54	80.43	0.05%
Nov 05, 2012	80.17	80.51	80.56	80.14	-0.43%
Nov 06, 2012	80.29	80.16	80.44	79.96	0.16%
Nov 07, 2012	79.98	80.29	80.40	79.76	-0.38%
Nov 08, 2012	79.49	79.98	80.00	79.32	-0.62%
Nov 09, 2012	79.47	79.49	79.61	79.08	-0.02%
Nov 11, 2012	79.47	79.49	79.49	79.41	-0.01%
Nov 12, 2012	79.61	79.47	79.62	79.36	0.18%
Nov 13, 2012	79.46	79.61	79.64	79.21	-0.18%
Nov 14, 2012	80.20	79.46	80.31	79.40	0.93%
Nov 15, 2012	81.13	80.19	81.45	80.12	1.16%
Nov 16, 2012	81.33	81.13	81.44	80.90	0.24%
Nov 18, 2012	81.56	81.39	81.56	81.34	0.29%
Nov 19, 2012	81.37	81.56	81.59	81.09	-0.24%
Nov 20, 2012	81.74	81.37	81.77	81.14	0.46%
Nov 21, 2012	82.58	81.74	82.59	81.72	1.02%
Nov 22, 2012	82.37	82.57	82.84	82.27	-0.25%
Nov 23, 2012	82.39	82.37	82.48	82.07	0.03%
Nov 25, 2012	82.56	82.35	82.58	82.32	0.21%
Nov 26, 2012	81.88	82.56	82.62	81.86	-0.83%
Nov 27, 2012	82.09	81.88	82.31	81.88	0.26%
Nov 28, 2012	82.16	82.09	82.21	81.69	0.08%
Nov 29, 2012	82.15	82.16	82.22	81.92	-0.01%
Nov 30, 2012	82.47	82.14	82.75	82.05	0.40%
Dec 02, 2012	82.47	82.48	82.52	82.37	0.00%
Dec 03, 2012	82.15	82.47	82.47	82.00	-0.39%
Dec 04, 2012	81.84	82.15	82.19	81.72	-0.38%
Dec 05, 2012	82.44	81.84	82.48	81.80	0.73%
Dec 06, 2012	82.45	82.44	82.62	82.20	0.01%
Dec 07, 2012	82.50	82.45	82.83	82.18	0.06%
Dec 09, 2012	82.57	82.52	82.64	82.51	0.08%
Dec 10, 2012	82.36	82.57	82.59	82.12	-0.24%
Dec 11, 2012	82.53	82.37	82.58	82.31	0.20%
Dec 12, 2012	83.22	82.53	83.30	82.50	0.84%
Dec 13, 2012	83.67	83.22	83.68	83.19	0.54%
Dec 14, 2012	83.53	83.68	83.96	83.32	-0.17%
Dec 16, 2012	84.15	84.34	84.34	83.98	0.74%
Dec 17, 2012	83.92	84.16	84.16	83.61	-0.28%
Dec 18, 2012	84.36	83.92	84.36	83.82	0.53%
Dec 19, 2012	84.24	84.36	84.62	83.95	-0.15%
Dec 20, 2012	84.43	84.24	84.45	83.86	0.23%
Dec 21, 2012	84.26	84.43	84.44	83.86	-0.21%
Dec 23, 2012	84.42	84.38	84.47	84.34	0.20%
Dec 24, 2012	84.87	84.42	84.87	84.33	0.53%
Dec 25, 2012	85.02	84.87	85.06	84.77	0.17%
Dec 26, 2012	85.69	85.02	85.72	85.02	0.79%
Dec 27, 2012	86.49	85.69	86.63	85.59	0.94%
Dec 28, 2012	85.88	86.50	86.55	85.88	-0.71%
Dec 30, 2012	85.97	85.80	86.00	85.67	0.11%
Dec 31, 2012	86.75	85.97	86.79	85.87	0.90%
Jan 01, 2013	86.62	86.69	86.85	86.59	-0.15%
Jan 02, 2013	87.29	86.62	87.36	86.54	0.77%
Jan 03, 2013	87.72	87.28	87.77	86.77	0.50%
Jan 04, 2013	88.15	87.72	88.40	87.57	0.49%
Jan 06, 2013	88.22	88.13	88.38	88.13	0.08%
Jan 07, 2013	87.27	88.22	88.23	87.24	-1.08%
Jan 08, 2013	86.91	87.27	87.81	86.84	-0.41%
Jan 09, 2013	88.15	86.93	88.19	86.91	1.43%
Jan 10, 2013	89.32	88.12	89.35	87.99	1.33%
Jan 11, 2013	89.19	89.29	89.37	88.75	-0.14%
Jan 13, 2013	89.51	89.30	89.67	89.25	0.36%
Jan 14, 2013	89.46	89.50	89.64	89.08	-0.05%
Jan 15, 2013	88.77	89.45	89.63	88.29	-0.78%
Jan 16, 2013	88.67	88.77	88.78	87.80	-0.11%
Jan 17, 2013	89.82	88.68	90.14	88.14	1.30%
Jan 18, 2013	90.08	89.82	90.21	89.64	0.29%
Jan 20, 2013	90.19	90.08	90.25	90.08	0.12%
Jan 21, 2013	89.63	90.19	90.19	89.34	-0.62%
Jan 22, 2013	88.53	89.63	90.13	88.37	-1.23%
Jan 23, 2013	88.58	88.52	88.78	88.06	0.06%
Jan 24, 2013	90.55	88.58	90.69	88.42	2.22%
Jan 25, 2013	90.91	90.55	91.20	90.29	0.39%
Jan 27, 2013	91.19	90.91	91.25	90.91	0.31%
Jan 28, 2013	90.44	91.19	91.19	90.41	-0.82%
Jan 29, 2013	90.78	90.45	91.02	90.33	0.37%
Jan 30, 2013	91.01	90.78	91.41	90.76	0.25%
Jan 31, 2013	91.72	91.01	91.84	90.75	0.77%
Feb 01, 2013	92.78	91.72	92.97	91.62	1.16%
Feb 03, 2013	92.77	92.78	92.91	92.76	-0.01%
Feb 04, 2013	92.16	92.75	93.18	91.98	-0.65%
Feb 05, 2013	93.58	92.16	93.78	92.12	1.55%
Feb 06, 2013	93.44	93.57	94.06	93.28	-0.16%
Feb 07, 2013	93.61	93.44	93.92	93.09	0.19%
Feb 08, 2013	92.71	93.61	93.72	92.17	-0.97%
Feb 10, 2013	92.56	92.71	92.76	92.36	-0.17%
Feb 11, 2013	94.19	92.56	94.47	92.45	1.77%
Feb 12, 2013	93.32	94.19	94.41	92.97	-0.92%
Feb 13, 2013	93.24	93.32	93.78	92.83	-0.09%
Feb 14, 2013	92.95	93.24	93.71	92.68	-0.31%
Feb 15, 2013	93.50	92.95	93.84	92.23	0.58%
Feb 17, 2013	93.77	93.72	93.95	93.72	0.29%
Feb 18, 2013	93.61	93.77	94.22	93.57	-0.17%
Feb 19, 2013	93.71	93.61	93.92	93.30	0.11%
Feb 20, 2013	93.67	93.71	94.03	93.14	-0.04%
Feb 21, 2013	93.15	93.67	93.86	92.78	-0.56%
Feb 22, 2013	93.36	93.15	93.51	92.93	0.23%
Feb 24, 2013	94.23	93.36	94.50	93.36	0.94%
Feb 25, 2013	92.36	94.23	94.31	90.91	-1.98%
Feb 26, 2013	92.11	92.36	92.75	91.14	-0.27%
Feb 27, 2013	92.33	92.11	92.44	91.14	0.23%
Feb 28, 2013	92.58	92.32	92.85	92.02	0.28%
Mar 01, 2013	93.54	92.58	93.69	92.44	1.03%
Mar 03, 2013	93.56	93.54	93.66	93.36	0.02%
Mar 04, 2013	93.42	93.56	93.72	93.17	-0.15%
Mar 05, 2013	93.29	93.42	93.53	92.92	-0.13%
Mar 06, 2013	93.94	93.29	94.11	93.01	0.69%
Mar 07, 2013	94.90	93.93	95.09	93.80	1.03%
Mar 08, 2013	96.04	94.90	96.56	94.84	1.20%
Mar 10, 2013	96.19	96.04	96.25	95.94	0.16%
Mar 11, 2013	96.64	96.19	96.72	95.97	0.46%
Mar 12, 2013	95.84	96.64	96.69	95.64	-0.82%
Mar 13, 2013	96.03	95.83	96.25	95.45	0.19%
Mar 14, 2013	95.94	96.03	96.59	95.69	-0.08%
Mar 15, 2013	95.31	95.94	96.28	95.08	-0.66%
Mar 17, 2013	94.90	95.31	95.31	94.09	-0.43%
Mar 18, 2013	95.36	94.90	95.60	94.31	0.48%
Mar 19, 2013	95.06	95.36	95.75	94.73	-0.31%
Mar 20, 2013	95.95	95.06	96.14	94.83	0.94%
Mar 21, 2013	94.92	95.94	96.03	94.57	-1.08%
Mar 22, 2013	94.48	94.92	95.06	94.20	-0.45%
Mar 24, 2013	94.84	94.48	94.91	94.37	0.38%
Mar 25, 2013	93.94	94.84	94.96	93.54	-0.95%
Mar 26, 2013	94.64	93.94	94.70	93.88	0.73%
Mar 27, 2013	94.32	94.64	94.91	94.03	-0.33%
Mar 28, 2013	94.18	94.33	94.44	93.88	-0.15%
Mar 29, 2013	94.22	94.18	94.28	93.95	0.05%
Mar 31, 2013	94.28	94.22	94.38	94.22	0.05%
Apr 01, 2013	93.19	94.28	94.36	93.06	-1.15%
Apr 02, 2013	93.35	93.18	93.56	92.57	0.17%
Apr 03, 2013	92.86	93.33	93.69	92.72	-0.52%
Apr 04, 2013	96.43	92.86	96.47	92.73	3.84%
Apr 05, 2013	97.53	96.42	97.83	95.78	1.14%
Apr 07, 2013	98.80	97.53	98.85	97.53	1.30%
Apr 08, 2013	99.33	98.80	99.66	98.31	0.54%
Apr 09, 2013	98.98	99.33	99.50	98.59	-0.35%
Apr 10, 2013	99.69	98.98	99.88	98.92	0.71%
Apr 11, 2013	99.64	99.68	99.94	99.11	-0.05%
Apr 12, 2013	98.37	99.64	99.73	98.10	-1.27%
Apr 14, 2013	98.44	98.37	98.59	98.19	0.08%
Apr 15, 2013	96.81	98.44	98.72	95.83	-1.66%
Apr 16, 2013	97.62	96.81	98.16	96.59	0.84%
Apr 17, 2013	98.07	97.62	98.44	97.22	0.46%
Apr 18, 2013	98.22	98.06	98.53	97.64	0.15%
Apr 19, 2013	99.53	98.21	99.69	98.11	1.34%
Apr 21, 2013	99.82	99.53	99.89	99.53	0.29%
Apr 22, 2013	99.19	99.81	99.89	98.98	-0.63%
Apr 23, 2013	99.66	99.20	99.71	98.48	0.46%
Apr 24, 2013	99.43	99.66	99.77	99.19	-0.23%
Apr 25, 2013	99.34	99.43	99.56	98.99	-0.09%
Apr 26, 2013	98.08	99.34	99.38	97.56	-1.28%
Apr 28, 2013	97.86	98.08	98.08	97.69	-0.21%
Apr 29, 2013	97.89	97.86	98.20	97.36	0.02%
Apr 30, 2013	97.28	97.89	98.12	97.02	-0.62%
May 01, 2013	97.14	97.28	97.67	97.03	-0.13%
May 02, 2013	97.94	97.14	98.39	97.09	0.82%
May 03, 2013	99.03	97.94	99.27	97.94	1.10%
May 05, 2013	99.11	99.03	99.20	99.03	0.09%
May 06, 2013	99.37	99.11	99.45	99.06	0.26%
May 07, 2013	98.80	99.36	99.39	98.66	-0.58%
May 08, 2013	98.89	98.78	99.16	98.58	0.09%
May 09, 2013	100.83	98.89	100.86	98.65	1.96%
May 10, 2013	101.62	100.83	101.98	100.73	0.79%
May 12, 2013	101.94	101.62	102.16	101.62	0.32%
May 13, 2013	101.68	101.94	102.05	101.52	-0.26%
May 14, 2013	102.19	101.68	102.44	101.27	0.50%
May 15, 2013	102.25	102.19	102.77	101.86	0.05%
May 16, 2013	102.14	102.22	102.69	101.83	-0.10%
May 17, 2013	103.19	102.14	103.31	102.11	1.03%
May 19, 2013	102.73	103.19	103.19	102.07	-0.45%
May 20, 2013	102.16	102.73	102.91	102.08	-0.56%
May 21, 2013	102.44	102.16	102.89	102.16	0.27%
May 22, 2013	103.19	102.44	103.73	102.36	0.73%
May 23, 2013	102.42	103.19	103.56	100.83	-0.74%
May 24, 2013	101.28	102.42	102.58	100.67	-1.12%
May 26, 2013	101.09	101.28	101.30	100.97	-0.19%
May 27, 2013	101.11	101.11	101.23	100.75	0.02%
May 28, 2013	102.52	101.11	102.52	101.11	1.39%
May 29, 2013	100.94	102.53	102.53	100.72	-1.54%
May 30, 2013	101.11	100.95	101.81	100.47	0.17%
May 31, 2013	100.42	101.11	101.28	100.22	-0.69%
Jun 02, 2013	100.50	100.51	100.64	100.39	0.07%
Jun 03, 2013	99.73	100.50	100.72	98.86	-0.76%
Jun 04, 2013	100.28	99.73	100.42	99.33	0.54%
Jun 05, 2013	99.02	100.28	100.47	98.86	-1.26%
Jun 06, 2013	97.36	99.02	99.47	95.91	-1.67%
Jun 07, 2013	97.53	97.36	97.78	95.00	0.17%
Jun 09, 2013	98.36	97.53	98.42	97.53	0.86%
Jun 10, 2013	98.90	98.36	99.28	97.71	0.54%
Jun 11, 2013	96.25	98.91	98.98	95.61	-2.67%
Jun 12, 2013	95.48	96.25	97.02	95.14	-0.80%
Jun 13, 2013	95.58	95.48	95.81	93.80	0.10%
Jun 14, 2013	94.17	95.57	95.57	93.99	-1.48%
Jun 16, 2013	94.33	94.17	94.44	94.12	0.18%
Jun 17, 2013	94.58	94.33	95.22	94.24	0.25%
Jun 18, 2013	95.58	94.56	95.77	94.53	1.07%
Jun 19, 2013	96.58	95.59	97.02	94.83	1.05%
Jun 20, 2013	97.02	96.58	98.28	96.20	0.45%
Jun 21, 2013	97.84	97.03	98.14	96.92	0.86%
Jun 23, 2013	98.39	97.84	98.50	97.84	0.56%
Jun 24, 2013	97.62	98.39	98.70	97.22	-0.78%
Jun 25, 2013	98.17	97.62	98.23	96.97	0.55%
Jun 26, 2013	97.66	98.17	98.17	97.25	-0.52%
Jun 27, 2013	98.50	97.64	98.61	97.56	0.87%
Jun 28, 2013	99.17	98.50	99.45	98.47	0.67%
Jun 30, 2013	99.45	99.17	99.55	99.17	0.29%
Jul 01, 2013	99.62	99.44	99.86	99.19	0.17%
Jul 02, 2013	100.77	99.62	100.86	99.52	1.14%
Jul 03, 2013	99.81	100.77	100.83	99.26	-0.94%
Jul 04, 2013	100.25	99.81	100.33	99.50	0.43%
Jul 05, 2013	101.17	100.25	101.22	99.89	0.92%
Jul 07, 2013	101.48	101.25	101.53	101.23	0.32%
Jul 08, 2013	100.94	101.50	101.50	100.78	-0.53%
Jul 09, 2013	101.19	100.94	101.30	100.84	0.24%
Jul 10, 2013	99.02	101.17	101.19	98.28	-2.14%
Jul 11, 2013	98.83	99.00	99.62	98.28	-0.19%
Jul 12, 2013	99.25	98.83	99.69	98.67	0.42%
Jul 14, 2013	99.20	99.25	99.39	99.16	-0.04%
Jul 15, 2013	99.95	99.20	100.48	99.08	0.76%
Jul 16, 2013	99.11	99.95	100.03	98.90	-0.84%
Jul 17, 2013	99.58	99.11	99.94	99.05	0.47%
Jul 18, 2013	100.56	99.58	100.66	99.47	0.99%
Jul 19, 2013	100.61	100.56	100.86	99.81	0.04%
Jul 21, 2013	100.39	100.42	100.62	100.19	-0.22%
Jul 22, 2013	99.31	100.38	100.38	99.24	-1.07%
Jul 23, 2013	99.52	99.33	100.19	99.15	0.20%
Jul 24, 2013	100.41	99.52	100.45	99.42	0.89%
Jul 25, 2013	99.25	100.41	100.42	98.89	-1.15%
Jul 26, 2013	98.30	99.25	99.36	97.96	-0.96%
Jul 28, 2013	97.96	98.30	98.34	97.78	-0.35%
Jul 29, 2013	98.05	97.97	98.20	97.64	0.09%
Jul 30, 2013	98.01	98.05	98.47	97.76	-0.04%
Jul 31, 2013	97.84	98.02	98.53	97.58	-0.17%
Aug 01, 2013	99.42	97.84	99.58	97.66	1.61%
Aug 02, 2013	98.95	99.44	99.95	98.67	-0.47%
Aug 04, 2013	98.94	98.95	99.06	98.88	-0.02%
Aug 05, 2013	98.25	98.92	99.15	98.19	-0.70%
Aug 06, 2013	97.34	98.25	98.58	97.11	-0.92%
Aug 07, 2013	96.56	97.35	97.53	96.33	-0.80%
Aug 08, 2013	96.77	96.57	96.94	95.81	0.21%
Aug 09, 2013	96.25	96.77	96.95	96.13	-0.53%
Aug 11, 2013	96.06	96.25	96.39	95.93	-0.20%
Aug 12, 2013	97.19	96.06	97.31	95.98	1.18%
Aug 13, 2013	98.15	97.19	98.34	97.14	0.98%
Aug 14, 2013	97.78	98.14	98.43	97.78	-0.37%
Aug 15, 2013	97.08	97.78	98.64	97.06	-0.73%
Aug 16, 2013	97.61	97.06	97.78	97.06	0.55%
Aug 18, 2013	97.67	97.61	97.75	97.53	0.07%
Aug 19, 2013	97.61	97.67	98.12	97.36	-0.07%
Aug 20, 2013	97.33	97.61	97.86	96.92	-0.29%
Aug 21, 2013	97.81	97.33	97.98	97.12	0.49%
Aug 22, 2013	98.88	97.81	98.92	97.75	1.09%
Aug 23, 2013	98.73	98.88	99.15	98.39	-0.15%
Aug 25, 2013	98.72	98.73	98.82	98.57	-0.01%
Aug 26, 2013	98.28	98.72	98.84	98.19	-0.46%
Aug 27, 2013	96.89	98.28	98.36	96.82	-1.41%
Aug 28, 2013	97.75	96.89	97.83	96.88	0.89%
Aug 29, 2013	98.31	97.75	98.52	97.46	0.58%
Aug 30, 2013	98.13	98.31	98.47	97.89	-0.19%
Sep 01, 2013	98.39	98.13	98.47	98.13	0.26%
Sep 02, 2013	99.58	98.39	99.67	98.36	1.21%
Sep 03, 2013	99.56	99.56	99.86	99.17	-0.02%
Sep 04, 2013	99.73	99.56	99.83	99.33	0.18%
Sep 05, 2013	100.11	99.73	100.23	99.58	0.38%
Sep 06, 2013	99.11	100.11	100.12	98.55	-1.00%
Sep 08, 2013	100.02	99.11	100.11	99.11	0.91%
Sep 09, 2013	99.72	100.01	100.06	99.33	-0.29%
Sep 10, 2013	100.29	99.72	100.46	99.48	0.57%
Sep 11, 2013	99.80	100.30	100.61	99.72	-0.49%
Sep 12, 2013	99.58	99.80	99.90	99.02	-0.22%
Sep 13, 2013	99.36	99.57	99.97	99.19	-0.22%
Sep 15, 2013	99.00	99.36	99.36	98.50	-0.35%
Sep 16, 2013	99.10	99.00	99.19	98.64	0.10%
Sep 17, 2013	99.16	99.10	99.39	99.06	0.06%
Sep 18, 2013	98.19	99.16	99.33	97.77	-0.98%
Sep 19, 2013	99.40	98.19	99.62	97.99	1.24%
Sep 20, 2013	99.37	99.40	99.67	99.17	-0.03%
Sep 22, 2013	99.30	99.37	99.37	99.21	-0.08%
Sep 23, 2013	98.73	99.30	99.30	98.66	-0.56%
Sep 24, 2013	98.72	98.74	99.17	98.47	-0.01%
Sep 25, 2013	98.44	98.72	98.81	98.39	-0.29%
Sep 26, 2013	98.92	98.44	99.14	98.27	0.49%
Sep 27, 2013	98.24	98.92	98.98	98.10	-0.69%
Sep 29, 2013	97.81	98.24	98.24	97.62	-0.44%
Sep 30, 2013	98.38	97.81	98.50	97.50	0.58%
Oct 01, 2013	97.94	98.38	98.72	97.66	-0.44%
Oct 02, 2013	97.36	97.94	98.08	97.15	-0.60%
Oct 03, 2013	97.25	97.36	97.88	96.94	-0.11%
Oct 04, 2013	97.46	97.25	97.48	96.95	0.21%
Oct 06, 2013	97.28	97.23	97.34	97.14	-0.18%
Oct 07, 2013	96.69	97.28	97.28	96.57	-0.60%
Oct 08, 2013	96.92	96.69	97.25	96.67	0.23%
Oct 09, 2013	97.50	96.92	97.64	96.92	0.60%
Oct 10, 2013	98.25	97.50	98.33	97.47	0.76%
Oct 11, 2013	98.56	98.23	98.60	98.19	0.32%
Oct 13, 2013	98.33	98.56	98.56	98.14	-0.23%
Oct 14, 2013	98.64	98.33	98.70	98.09	0.32%
Oct 15, 2013	98.58	98.64	98.70	98.00	-0.06%
Oct 16, 2013	98.97	98.57	98.98	98.25	0.39%
Oct 17, 2013	98.00	98.99	99.00	97.75	-0.97%
Oct 18, 2013	97.78	98.00	98.16	97.56	-0.22%
